Generated genotype output
1
2
3
4
5
6
7
8
9
10
11
12
13
14
15
16
17
18
19
20
21
22
23
24
25
26
27
28
29
30
31
32
33
34
35
36
37
38
39
40
Pop
1 , 0100 0300 0204 0404 0302 0202 0402 0303 0100 0403 0203 0002 0200 0301 0104 0103 0402 0204 0201 0301 0103 0301 0304 0304 0302 0202 0403 0303 0104 0403 0200 0201 0203 0300 0303 0103 0400 0204 0201 0301
2 , 0103 0001 0304 0204 0302 0202 0403 0303 0104 0403 0400 0202 0200 0301 0101 0103 0402 0204 0201 0303 0103 0301 0304 0204 0302 0102 0403 0303 0004 0403 0203 0202 0203 0301 0101 0103 0404 0004 0201 0001
3 , 0103 0001 0304 0204 0002 0204 0203 0403 0104 0401 0203 0204 0203 0401 0101 0102 0402 0204 0201 0001 0103 0301 0204 0204 0302 0002 0401 0303 0100 0400 0003 0202 0203 0301 0101 0103 0400 0204 0201 0301
4 , 0103 0301 0300 0204 0302 0202 0403 0300 0104 0403 0203 0202 0203 0301 0101 0103 0402 0204 0201 0301 0102 0401 0300 0204 0302 0002 0403 0300 0104 0003 0203 0402 0203 0001 0103 0100 0403 0004 0201 0301
5 , 0100 0301 0304 0204 0302 0202 0403 0303 0104 0403 0203 0202 0203 0301 0101 0104 0400 0204 0201 0401 0103 0301 0304 0204 0002 0002 0403 0303 0104 0403 0203 0202 0203 0301 0101 0103 0102 0204 0003 0301
6 , 0103 0301 0004 0204 0002 0202 0403 0103 0104 0403 0203 0002 0300 0301 0101 0103 0402 0004 0301 0301 0400 0001 0304 0204 0302 0202 0003 0303 0104 0403 0003 0202 0203 0300 0101 0103 0402 0204 0200 0302
7 , 0103 0301 0004 0404 0302 0202 0403 0303 0104 0403 0203 0202 0203 0303 0101 0403 0002 0204 0001 0301 0103 0300 0304 0200 0302 0202 0403 0103 0104 0403 0003 0202 0003 0301 0101 0103 0402 0204 0201 0301
8 , 0103 0302 0304 0204 0302 0202 0403 0303 0104 0403 0303 0200 0203 0301 0101 0103 0402 0201 0201 0301 0103 0301 0304 0204 0302 0400 0403 0303 0104 0403 0003 0002 0203 0301 0101 0103 0404 0204 0201 0201
9 , 0100 0301 0304 0004 0302 0202 0403 0303 0104 0403 0200 0202 0203 0301 0301 0103 0402 0200 0201 0301 0003 0301 0304 0204 0102 0102 0401 0303 0101 0400 0203 0202 0203 0301 0101 0103 0402 0204 0201 0301
10 , 0002 0301 0304 0204 0102 0002 0103 0303 0104 0403 0004 0202 0203 0000 0101 0103 0402 0204 0300 0301 0103 0304 0303 0004 0302 0202 0403 0303 0104 0403 0203 0102 0200 0301 0101 0103 0302 0201 0200 0301
11 , 0104 0301 0304 0204 0302 0203 0403 0303 0104 0303 0203 0202 0300 0301 0101 0103 0402 0201 0301 0401 0103 0302 0304 0204 0302 0202 0403 0303 0104 0403 0203 0202 0203 0301 0401 0103 0002 0204 0201 0301
12 , 0003 0301 0300 0204 0002 0202 0403 0303 0004 0403 0200 0100 0003 0301 0101 0003 0402 0204 0201 0401 0103 0300 0302 0204 0300 0202 0403 0303 0104 0003 0400 0002 0203 0301 0101 0103 0402 0403 0201 0300
13 , 0203 0300 0300 0104 0302 0200 0403 0004 0104 0403 0203 0002 0203 0301 0101 0003 0401 0204 0201 0300 0103 0001 0300 0000 0302 0203 0403 0303 0104 0403 0203 0202 0203 0300 0101 0103 0402 0204 0201 0301
14 , 0103 0301 0301 0204 0302 0102 0403 0303 0104 0403 0203 0202 0202 0301 0101 0100 0402 0004 0201 0303 0103 0301 0304 0203 0300 0202 0403 0303 0004 0403 0203 0202 0203 0303 0101 0100 0402 0204 0001 0301
15 , 0103 0001 0304 0204 0302 0100 0403 0303 0403 0403 0203 0302 0203 0301 0100 0103 0402 0204 0201 0301 0103 0300 0304 0204 0302 0202 0403 0304 0104 0403 0203 0002 0000 0300 0101 0404 0402 0204 0202 0302
16 , 0103 0301 0304 0200 0302 0202 0402 0003 0104 0400 0203 0202 0203 0401 0101 0103 0402 0204 0201 0301 0102 0301 0304 0204 0302 0202 0400 0300 0104 0403 0203 0202 0200 0301 0101 0103 0401 0204 0201 0101
17 , 0000 0302 0304 0000 0302 0203 0403 0303 0104 0403 0200 0200 0203 0001 0101 0100 0402 0202 0301 0301 0103 0301 0304 0204 0002 0202 0403 0304 0101 0403 0203 0202 0000 0301 0101 0100 0002 0204 0001 0301
18 , 0003 0301 0304 0204 0300 0202 0403 0303 0104 0403 0203 0202 0203 0303 0101 0100 0404 0204 0001 0301 0100 0301 0304 0204 0002 0202 0403 0403 0104 0403 0203 0202 0203 0301 0101 0103 0402 0203 0201 0301
19 , 0103 0300 0304 0204 0302 0202 0403 0303 0104 0403 0003 0202 0203 0301 0101 0103 0402 0204 0204 0403 0103 0303 0304 0204 0102 0202 0403 0303 0104 0400 0203 0102 0303 0301 0101 0003 0402 0204 0203 0301
20 , 0100 0301 0304 0200 0300 0202 0103 0303 0104 0403 0002 0203 0203 0101 0101 0103 0302 0204 0201 0301 0203 0000 0304 0000 0302 0002 0400 0303 0104 0403 0203 0202 0203 0301 0001 0103 0401 0204 0201 0301
21 , 0103 0301 0304 0204 0302 0203 0403 0003 0104 0403 0203 0202 0203 0301 0301 0103 0402 0004 0201 0301 0103 0301 0304 0204 0301 0202 0403 0303 0104 0403 0203 0202 0203 0301 0101 0303 0402 0204 0201 0301
22 , 0103 0301 0303 0204 0303 0202 0403 0003 0104 0103 0203 0200 0403 0301 0101 0203 0401 0204 0203 0101 0403 0301 0304 0204 0302 0202 0403 0300 0104 0003 0203 0202 0203 0001 0101 0100 0400 0004 0101 0301
23 , 0203 0301 0304 0200 0302 0004 0403 0301 0101 0403 0203 0202 0203 0301 0101 0103 0402 0404 0204 0401 0103 0301 0004 0200 0302 0102 0403 0303 0104 0403 0200 0302 0203 0301 0101 0003 0402 0204 0201 0201
24 , 0203 0302 0304 0000 0302 0202 0003 0303 0104 0403 0203 0202 0203 0301 0401 0103 0002 0204 0201 0301 0103 0301 0004 0204 0302 0200 0403 0301 0104 0404 0201 0000 0203 0301 0101 0103 0402 0204 0001 0301
25 , 0100 0301 0304 0204 0303 0202 0403 0303 0104 0403 0203 0102 0203 0300 0101 0103 0400 0300 0201 0001 0104 0300 0304 0204 0303 0002 0402 0303 0104 0403 0203 0202 0203 0301 0301 0103 0402 0204 0200 0301
26 , 0103 0301 0304 0004 0302 0202 0403 0303 0304 0003 0203 0103 0203 0301 0104 0103 0402 0204 0200 0301 0104 0301 0304 0204 0302 0202 0103 0303 0104 0403 0001 0204 0201 0301 0101 0103 0402 0204 0201 0301
27 , 0003 0301 0304 0201 0302 0202 0400 0000 0104 0001 0303 0203 0203 0301 0301 0100 0402 0204 0201 0301 0101 0201 0304 0204 0302 0202 0403 0303 0104 0403 0203 0002 0203 0301 0101 0103 0402 0204 0200 0200
28 , 0004 0301 0304 0200 0302 0202 0401 0303 0104 0403 0203 0002 0203 0303 0101 0103 0402 0204 0204 0001 0101 0301 0304 0204 0300 0002 0401 0003 0104 0403 0003 0200 0203 0001 0101 0103 0402 0204 0201 0301
29 , 0103 0301 0304 0004 0202 0204 0403 0203 0104 0403 0203 0202 0203 0301 0101 0103 0402 0104 0201 0001 0103 0301 0303 0204 0003 0002 0403 0303 0104 0003 0203 0202 0403 0301 0101 0203 0401 0204 0203 0101
30 , 0203 0301 0304 0004 0303 0202 0403 0303 0104 0403 0003 0202 0203 0300 0001 0103 0402 0204 0001 0301 0103 0301 0302 0004 0302 0202 0403 0303 0104 0403 0003 0202 0203 0301 0101 0103 0002 0404 0001 0000
31 , 0103 0301 0304 0204 0302 0202 0300 0303 0104 0403 0203 0202 0200 0301 0101 0103 0402 0204 0201 0301 0103 0301 0304 0200 0302 0202 0400 0303 0104 0403 0203 0202 0203 0301 0101 0403 0402 0204 0200 0301
32 , 0003 0301 0304 0200 0202 0204 0400 0203 0104 0403 0203 0202 0203 0301 0101 0004 0402 0104 0201 0401 0102 0301 0304 0204 0302 0202 0403 0303 0104 0403 0203 0202 0203 0301 0101 0403 0402 0204 0201 0301
33 , 0403 0004 0404 0200 0302 0002 0403 0303 0104 0403 0203 0202 0200 0302 0101 0103 0000 0204 0201 0301 0103 0301 0304 0204 0302 0202 0403 0302 0104 0300 0202 0202 0203 0301 0101 0100 0402 0204 0003 0301
34 , 0103 0301 0304 0204 0002 0202 0403 0303 0104 0403 0203 0202 0203 0001 0001 0403 0402 0000 0204 0304 0103 0302 0204 0200 0302 0202 0203 0303 0002 0403 0203 0202 0003 0302 0101 0103 0402 0204 0201 0300
35 , 0100 0300 0004 0204 0402 0002 0403 0303 0104 0403 0200 0202 0203 0301 0102 0103 0402 0204 0201 0300 0103 0001 0304 0204 0302 0202 0403 0303 0104 0403 0201 0203 0203 0301 0101 0104 0402 0204 0200 0401
36 , 0003 0301 0304 0204 0300 0202 0403 0303 0104 0403 0403 0202 0203 0301 0101 0103 0402 0204 0001 0300 0102 0001 0304 0204 0302 0202 0103 0003 0100 0403 0203 0203 0203 0001 0101 0103 0400 0200 0301 0301
37 , 0103 0304 0304 0404 0302 0202 0403 0303 0104 0403 0200 0102 0303 0301 0400 0103 0402 0201 0201 0301 0003 0301 0104 0204 0302 0202 0103 0303 0104 0203 0202 0002 0003 0300 0101 0103 0302 0000 0200 0001
38 , 0102 0301 0300 0204 0002 0202 0403 0303 0003 0401 0103 0202 0203 0301 0101 0403 0402 0004 0201 0301 0003 0301 0300 0202 0302 0202 0403 0303 0004 0403 0203 0202 0200 0301 0001 0103 0402 0203 0201 0301
39 , 0101 0301 0304 0204 0302 0002 0401 0303 0104 0400 0203 0202 0203 0301 0100 0100 0402 0204 0201 0301 0103 0301 0304 0204 0302 0202 0403 0300 0104 0403 0203 0202 0203 0301 0101 0103 0402 0204 0201 0301
40 , 0103 0301 0304 0200 0302 0200 0403 0303 0104 0403 0003 0202 0000 0301 0101 0103 0402 0204 0201 0301 0103 0301 0300 0202 0002 0202 0403 0303 0104 0403 0403 0202 0203 0301 0101 0003 0202 0204 0201 0301
41 , 0103 0401 0304 0200 0302 0002 0400 0303 0104 0403 0203 0202 0200 0301 0100 0003 0402 0204 0300 0201 0103 0300 0304 0204 0302 0202 0403 0303 0104 0403 0200 0202 0104 0301 0101 0003 0202 0304 0203 0301
42 , 0100 0301 0300 0204 0002 0202 0403 0303 0100 0403 0203 0202 0202 0301 0101 0103 0402 0004 0201 0301 0103 0201 0304 0204 0302 0202 0403 0303 0104 0403 0203 0200 0203 0001 0001 0103 0402 0204 0301 0301
43 , 0103 0300 0304 0204 0302 0202 0400 0303 0104 0403 0201 0302 0203 0200 0101 0103 0102 0004 0201 0301 0103 0002 0304 0200 0302 0202 0403 0303 0104 0403 0203 0202 0203 0301 0001 0103 0402 0301 0201 0301
44 , 0104 0301 0304 0204 0302 0002 0403 0303 0100 0403 0203 0202 0302 0301 0100 0100 0402 0204 0201 0301 0100 0003 0304 0404 0302 0202 0403 0303 0104 0304 0203 0202 0203 0301 0101 0103 0402 0204 0201 0301
45 , 0103 0301 0304 0204 0302 0202 0403 0304 0104 0003 0203 0202 0203 0301 0101 0104 0002 0204 0201 0304 0100 0301 0304 0204 0202 0202 0400 0303 0104 0403 0203 0402 0203 0301 0101 0103 0400 0204 0001 0301
46 , 0100 0301 0304 0204 0302 0202 0103 0303 0104 0403 0203 0202 0003 0301 0101 0003 0402 0204 0201 0300 0103 0301 0304 0200 0303 0002 0403 0303 0104 0401 0203 0202 0200 0301 0101 0100 0402 0204 0201 0304
47 , 0103 0301 0202 0204 0301 0202 0103 0303 0103 0403 0403 0202 0203 0300 0101 0103 0402 0201 0201 0301 0103 0300 0304 0204 0303 0202 0403 0303 0104 0400 0203 0002 0203 0301 0101 0103 0402 0104 0000 0301
48 , 0103 0301 0304 0204 0303 0202 0403 0303 0104 0303 0003 0202 0203 0301 0101 0103 0402 0204 0201 0301 0103 0301 0304 0004 0302 0200 0403 0102 0100 0403 0203 0202 0203 0301 0100 0103 0401 0204 0203 0301
49 , 0003 0001 0304 0200 0202 0202 0403 0303 0104 0403 0203 0002 0003 0301 0101 0100 0402 0204 0201 0300 0003 0004 0304 0404 0302 0202 0403 0303 0104 0403 0203 0100 0000 0300 0101 0103 0402 0201 0201 0001
50 , 0103 0301 0304 0200 0002 0202 0003 0303 0104 0403 0203 0202 0203 0301 0101 0103 0402 0204 0201 0001 0103 0300 0304 0204 0302 0202 0403 0303 0104 0403 0200 0202 0203 0301 0001 0103 0402 0204 0201 0301