Generated genotype output
1
2
3
4
5
6
7
8
9
10
11
12
13
14
15
16
17
18
19
20
21
22
23
24
25
26
27
28
29
30
31
32
33
34
35
36
37
38
39
40
Pop
1 , 0302 0404 0203 0202 0402 0401 0204 0002 0301 0301 0400 0204 0202 0104 0404 0204 0103 0403 0101 0302 0302 0404 0203 0202 0402 0401 0203 0202 0401 0300 0403 0204 0202 0104 0404 0204 0203 0202 0101 0302
2 , 0002 0404 0204 0002 0102 0401 0203 0202 0401 0301 0400 0204 0202 0300 0200 0204 0103 0401 0101 0302 0302 0404 0203 0202 0000 0101 0203 0402 0401 0300 0403 0202 0002 0104 0404 0204 0103 0401 0101 0002
3 , 0302 0402 0200 0202 0402 0401 0003 0202 0401 0301 0003 0204 0202 0104 0404 0204 0203 0102 0401 0302 0302 0404 0201 0202 0402 0001 0203 0404 0401 0301 0403 0204 0402 0004 0404 0200 0103 0301 0001 0402
4 , 0302 0403 0203 0202 0402 0401 0204 0402 0401 0301 0403 0202 0202 0104 0404 0204 0102 0401 0100 0302 0301 0204 0203 0202 0402 0101 0203 0202 0401 0301 0003 0004 0000 0104 0404 0204 0103 0400 0101 0302
5 , 0302 0404 0200 0202 0402 0401 0303 0402 0401 0301 0403 0204 0202 0104 0404 0004 0303 0401 0101 0302 0302 0402 0203 0202 0402 0001 0203 0400 0401 0301 0403 0200 0203 0104 0404 0204 0103 0401 0101 0302
6 , 0302 0404 0203 0202 0402 0404 0003 0402 0401 0301 0403 0204 0202 0104 0404 0204 0103 0101 0100 0302 0302 0404 0203 0002 0402 0400 0203 0402 0401 0301 0403 0204 0200 0104 0400 0200 0103 0401 0101 0302
7 , 0302 0404 0200 0002 0402 0401 0203 0402 0401 0303 0403 0300 0202 0104 0404 0204 0000 0401 0100 0302 0302 0404 0203 0102 0400 0401 0203 0402 0401 0301 0003 0204 0000 0104 0400 0304 0103 0301 0100 0301
8 , 0300 0400 0203 0202 0402 0401 0203 0404 0401 0301 0403 0404 0202 0004 0304 0201 0103 0401 0101 0302 0302 0004 0003 0202 0402 0400 0203 0400 0201 0301 0403 0204 0202 0104 0400 0204 0003 0401 0101 0302
9 , 0302 0404 0203 0402 0402 0401 0203 0402 0401 0301 0403 0204 0002 0104 0401 0104 0104 0401 0101 0302 0302 0404 0203 0202 0404 0400 0203 0401 0401 0301 0403 0204 0202 0104 0404 0204 0102 0404 0101 0302
10 , 0302 0004 0203 0202 0402 0401 0004 0402 0401 0301 0004 0204 0202 0104 0404 0204 0002 0401 0100 0302 0302 0404 0003 0202 0402 0401 0203 0402 0401 0301 0303 0204 0202 0104 0404 0200 0203 0401 0001 0301
11 , 0302 0204 0203 0203 0402 0401 0203 0402 0401 0301 0403 0204 0202 0301 0404 0204 0103 0401 0001 0402 0200 0404 0203 0202 0402 0401 0203 0402 0401 0302 0203 0201 0203 0104 0404 0204 0103 0403 0301 0302
12 , 0302 0000 0203 0200 0402 0401 0103 0400 0401 0301 0403 0204 0202 0104 0404 0204 0103 0401 0104 0302 0302 0404 0200 0202 0402 0001 0204 0402 0401 0301 0403 0204 0002 0104 0404 0004 0103 0401 0101 0302
13 , 0002 0404 0203 0202 0400 0001 0203 0402 0401 0101 0403 0202 0202 0004 0104 0004 0103 0401 0101 0300 0302 0104 0003 0202 0402 0401 0003 0402 0001 0301 0403 0204 0202 0103 0404 0204 0103 0401 0100 0304
14 , 0302 0400 0203 0002 0402 0401 0203 0402 0401 0101 0403 0204 0202 0404 0404 0200 0003 0401 0101 0300 0002 0104 0203 0202 0402 0401 0203 0202 0401 0001 0402 0004 0202 0304 0404 0204 0103 0400 0001 0302
15 , 0302 0404 0203 0202 0000 0401 0204 0402 0401 0301 0403 0204 0202 0104 0404 0204 0102 0401 0104 0302 0302 0400 0203 0202 0402 0401 0403 0402 0401 0301 0403 0204 0202 0104 0404 0204 0203 0404 0101 0300
16 , 0300 0404 0200 0204 0402 0401 0203 0400 0401 0301 0403 0204 0202 0104 0004 0200 0103 0201 0101 0002 0302 0004 0004 0202 0404 0401 0203 0402 0401 0301 0403 0200 0200 0104 0404 0204 0203 0202 0101 0302
17 , 0302 0401 0203 0202 0403 0401 0003 0402 0201 0301 0403 0204 0202 0104 0404 0304 0103 0401 0101 0301 0302 0404 0203 0203 0402 0400 0203 0402 0401 0300 0403 0204 0002 0104 0404 0204 0103 0401 0101 0402
18 , 0002 0404 0203 0201 0402 0401 0203 0402 0401 0300 0403 0004 0202 0104 0404 0101 0102 0101 0101 0302 0302 0401 0203 0202 0002 0403 0203 0402 0401 0301 0403 0204 0202 0104 0404 0204 0103 0301 0101 0302
19 , 0302 0000 0303 0202 0400 0401 0203 0402 0401 0301 0403 0004 0202 0104 0004 0204 0104 0401 0101 0301 0302 0404 0203 0202 0402 0401 0200 0002 0401 0301 0403 0204 0202 0104 0404 0204 0103 0001 0000 0302
20 , 0402 0102 0103 0402 0400 0401 0203 0002 0401 0301 0403 0200 0200 0104 0404 0200 0103 0403 0201 0300 0302 0404 0203 0202 0402 0201 0203 0402 0400 0301 0403 0204 0202 0104 0404 0200 0103 0401 0101 0302
21 , 0302 0404 0201 0202 0402 0001 0203 0401 0401 0401 0403 0204 0202 0103 0004 0203 0003 0401 0101 0202 0302 0404 0303 0202 0402 0401 0203 0002 0401 0301 0401 0204 0200 0004 0104 0104 0103 0001 0101 0302
22 , 0300 0404 0000 0202 0402 0401 0203 0402 0000 0301 0404 0204 0200 0104 0404 0204 0103 0401 0101 0202 0302 0404 0203 0400 0402 0401 0203 0402 0401 0301 0400 0204 0202 0104 0401 0204 0103 0401 0001 0302
23 , 0002 0404 0003 0202 0402 0300 0203 0402 0401 0300 0403 0204 0201 0100 0004 0404 0104 0401 0101 0302 0302 0404 0001 0202 0402 0401 0203 0402 0401 0301 0403 0204 0203 0104 0404 0304 0103 0001 0101 0302
24 , 0302 0404 0203 0202 0402 0401 0003 0403 0400 0301 0003 0204 0202 0104 0404 0304 0102 0401 0101 0302 0300 0404 0203 0201 0402 0401 0203 0402 0401 0302 0203 0204 0202 0104 0404 0004 0103 0401 0101 0002
25 , 0302 0404 0200 0202 0402 0401 0203 0002 0402 0401 0403 0204 0202 0104 0404 0200 0103 0204 0101 0302 0302 0004 0203 0202 0402 0401 0204 0102 0401 0201 0403 0204 0001 0104 0404 0204 0402 0401 0101 0302
26 , 0302 0404 0200 0202 0002 0401 0203 0402 0401 0301 0403 0204 0202 0104 0404 0204 0100 0401 0101 0302 0302 0404 0204 0202 0402 0401 0203 0402 0400 0301 0403 0204 0202 0100 0204 0204 0103 0401 0101 0002
27 , 0302 0404 0202 0202 0402 0401 0300 0402 0401 0003 0403 0204 0100 0104 0004 0204 0102 0402 0101 0302 0302 0404 0203 0202 0402 0401 0203 0002 0401 0301 0303 0204 0202 0004 0404 0204 0103 0201 0301 0302
28 , 0002 0404 0001 0002 0402 0201 0203 0402 0401 0301 0403 0104 0202 0104 0201 0204 0103 0001 0101 0302 0002 0104 0203 0202 0402 0401 0203 0402 0401 0301 0403 0204 0200 0104 0003 0200 0103 0401 0101 0002
29 , 0302 0404 0203 0302 0402 0401 0203 0402 0401 0301 0403 0004 0202 0104 0400 0204 0103 0401 0101 0302 0302 0404 0203 0001 0402 0401 0003 0402 0401 0301 0403 0204 0102 0104 0000 0204 0003 0401 0001 0302
30 , 0303 0204 0203 0202 0402 0401 0200 0402 0400 0301 0403 0200 0302 0104 0304 0204 0003 0401 0100 0302 0302 0400 0203 0202 0402 0401 0204 0002 0401 0301 0403 0204 0402 0104 0404 0204 0103 0401 0100 0301
31 , 0302 0404 0203 0200 0402 0401 0203 0402 0401 0301 0003 0200 0202 0104 0404 0204 0103 0401 0101 0302 0302 0403 0203 0202 0402 0001 0203 0402 0401 0300 0203 0204 0302 0100 0404 0204 0103 0001 0101 0304
32 , 0302 0404 0203 0202 0402 0200 0303 0002 0401 0301 0003 0204 0202 0204 0403 0204 0403 0201 0104 0302 0302 0004 0403 0202 0102 0401 0201 0402 0401 0301 0003 0204 0204 0100 0404 0404 0102 0001 0004 0302
33 , 0302 0404 0203 0202 0402 0401 0203 0400 0401 0301 0401 0004 0202 0104 0404 0202 0103 0401 0101 0302 0300 0404 0203 0002 0402 0401 0203 0202 0401 0301 0403 0204 0202 0004 0404 0204 0003 0401 0101 0402
34 , 0302 0404 0203 0202 0402 0401 0203 0002 0401 0301 0403 0200 0202 0104 0404 0304 0103 0301 0101 0001 0302 0404 0203 0002 0002 0001 0204 0402 0401 0301 0403 0204 0200 0104 0404 0204 0103 0401 0101 0302
35 , 0202 0404 0200 0400 0402 0401 0203 0402 0401 0401 0403 0204 0202 0104 0404 0204 0103 0400 0104 0302 0302 0404 0203 0202 0402 0401 0203 0402 0301 0301 0403 0204 0002 0104 0404 0204 0003 0401 0400 0303
36 , 0302 0404 0203 0402 0402 0401 0203 0402 0401 0301 0403 0204 0202 0104 0401 0204 0103 0401 0101 0302 0000 0404 0203 0002 0402 0401 0203 0402 0401 0301 0000 0004 0002 0100 0404 0002 0103 0101 0101 0302
37 , 0302 0401 0000 0202 0002 0400 0403 0202 0403 0301 0003 0202 0202 0102 0404 0404 0100 0401 0101 0302 0002 0404 0203 0202 0400 0401 0202 0400 0400 0301 0403 0204 0201 0100 0404 0204 0103 0401 0100 0302
38 , 0302 0004 0203 0202 0402 0401 0203 0003 0401 0301 0403 0204 0202 0401 0004 0204 0103 0201 0101 0302 0302 0404 0203 0002 0402 0401 0003 0402 0401 0302 0200 0204 0202 0102 0404 0204 0100 0401 0001 0300
39 , 0302 0404 0203 0200 0402 0401 0203 0402 0400 0301 0403 0204 0202 0104 0300 0204 0103 0401 0201 0302 0302 0004 0200 0202 0402 0201 0203 0403 0401 0301 0003 0204 0102 0104 0404 0204 0103 0401 0101 0302
40 , 0300 0404 0203 0002 0402 0401 0203 0402 0401 0301 0403 0204 0202 0104 0300 0204 0103 0400 0101 0302 0301 0404 0203 0002 0402 0401 0203 0002 0401 0001 0403 0204 0202 0104 0404 0204 0003 0401 0102 0302
41 , 0302 0404 0003 0402 0402 0401 0203 0202 0401 0301 0400 0202 0002 0100 0404 0204 0100 0401 0100 0302 0102 0404 0203 0202 0402 0400 0003 0402 0401 0301 0403 0104 0202 0100 0200 0204 0103 0200 0101 0302
42 , 0302 0404 0003 0202 0402 0001 0303 0402 0201 0301 0403 0204 0202 0104 0404 0200 0303 0401 0101 0302 0302 0404 0203 0202 0402 0401 0103 0402 0401 0301 0403 0104 0202 0104 0404 0204 0100 0401 0101 0302
43 , 0300 0404 0203 0202 0402 0401 0103 0402 0401 0301 0404 0204 0402 0100 0104 0204 0103 0401 0101 0302 0003 0404 0203 0202 0402 0401 0203 0200 0001 0300 0403 0203 0202 0104 0004 0000 0103 0401 0101 0302
44 , 0302 0404 0203 0204 0404 0401 0203 0402 0401 0300 0401 0204 0102 0104 0400 0204 0003 0001 0101 0302 0302 0404 0203 0202 0402 0401 0201 0403 0401 0301 0400 0204 0202 0100 0404 0204 0103 0401 0101 0002
45 , 0300 0304 0203 0202 0402 0401 0203 0402 0401 0201 0402 0204 0201 0104 0001 0204 0303 0403 0101 0302 0302 0404 0203 0202 0002 0201 0303 0402 0401 0301 0403 0204 0002 0204 0403 0200 0403 0201 0101 0302
46 , 0202 0404 0200 0202 0402 0001 0003 0402 0401 0301 0403 0104 0202 0102 0404 0204 0003 0400 0101 0302 0302 0304 0003 0202 0102 0401 0203 0402 0401 0001 0403 0004 0202 0004 0404 0204 0100 0401 0101 0303
47 , 0302 0404 0203 0202 0102 0401 0203 0400 0201 0304 0403 0004 0202 0104 0404 0304 0102 0401 0101 0302 0002 0404 0203 0402 0402 0401 0003 0402 0400 0301 0403 0204 0202 0204 0401 0204 0004 0401 0101 0002
48 , 0302 0404 0203 0102 0402 0001 0003 0003 0402 0301 0403 0204 0202 0104 0400 0004 0103 0201 0101 0304 0302 0404 0203 0202 0402 0401 0203 0402 0401 0301 0403 0204 0202 0004 0404 0200 0102 0400 0201 0302
49 , 0301 0403 0203 0202 0402 0401 0203 0102 0001 0301 0003 0204 0202 0204 0301 0204 0000 0401 0001 0300 0302 0400 0200 0202 0402 0401 0203 0402 0402 0001 0403 0204 0202 0104 0404 0204 0300 0401 0101 0302
50 , 0302 0400 0200 0202 0102 0001 0203 0402 0401 0301 0403 0204 0202 0104 0104 0100 0103 0401 0101 0302 0302 0404 0003 0202 0402 0201 0403 0402 0401 0300 0403 0204 0001 0104 0404 0204 0103 0400 0001 0302
51 , 0001 0404 0203 0200 0400 0101 0203 0400 0401 0301 0003 0204 0202 0104 0204 0204 0103 0201 0101 0302 0302 0404 0203 0202 0402 0401 0003 0402 0400 0301 0403 0204 0003 0104 0304 0200 0103 0101 0101 0300
52 , 0300 0404 0203 0202 0402 0401 0200 0402 0401 0000 0400 0204 0002 0104 0303 0204 0103 0401 0101 0302 0302 0204 0203 0002 0000 0401 0403 0402 0401 0301 0003 0204 0202 0104 0404 0204 0103 0400 0100 0102
53 , 0302 0204 0203 0202 0402 0400 0203 0402 0201 0101 0403 0204 0202 0104 0404 0003 0100 0401 0001 0300 0301 0404 0203 0202 0403 0401 0203 0403 0403 0301 0403 0204 0202 0104 0404 0004 0104 0401 0101 0302
54 , 0202 0400 0203 0204 0402 0401 0203 0402 0401 0301 0403 0204 0200 0004 0404 0204 0103 0401 0000 0202 0302 0404 0203 0200 0402 0401 0203 0402 0401 0301 0403 0204 0202 0104 0404 0204 0103 0401 0100 0302
55 , 0302 0404 0200 0202 0402 0401 0203 0402 0001 0301 0403 0104 0004 0104 0404 0204 0103 0400 0101 0302 0302 0404 0203 0203 0402 0401 0203 0402 0001 0301 0403 0204 0202 0104 0404 0204 0102 0401 0104 0302
56 , 0302 0404 0003 0200 0402 0403 0203 0402 0101 0302 0403 0204 0200 0100 0401 0204 0103 0101 0401 0300 0302 0404 0203 0302 0402 0401 0203 0402 0400 0302 0203 0204 0203 0304 0404 0204 0100 0401 0101 0302
57 , 0302 0404 0100 0204 0402 0401 0203 0402 0401 0301 0401 0304 0202 0104 0404 0000 0103 0401 0001 0302 0002 0404 0003 0102 0401 0401 0203 0402 0401 0300 0403 0004 0202 0104 0404 0204 0103 0001 0100 0302
58 , 0302 0404 0200 0202 0403 0401 0203 0400 0401 0300 0403 0204 0200 0104 0404 0204 0103 0401 0101 0302 0302 0404 0200 0201 0402 0401 0303 0402 0101 0301 0403 0204 0202 0104 0404 0004 0103 0401 0103 0302
59 , 0302 0404 0203 0202 0002 0401 0203 0002 0401 0301 0403 0204 0202 0104 0404 0204 0103 0401 0101 0302 0302 0404 0203 0202 0402 0401 0203 0402 0401 0001 0403 0200 0202 0104 0000 0204 0103 0402 0101 0300
60 , 0302 0104 0203 0202 0402 0400 0203 0402 0401 0302 0403 0204 0202 0104 0204 0204 0103 0401 0301 0302 0302 0404 0400 0202 0202 0400 0203 0402 0400 0301 0400 0204 0202 0104 0404 0204 0103 0401 0101 0002
61 , 0302 0404 0203 0202 0401 0401 0203 0402 0301 0301 0403 0204 0402 0104 0004 0200 0103 0003 0102 0302 0302 0400 0203 0202 0402 0401 0203 0402 0401 0301 0403 0404 0202 0104 0404 0200 0303 0000 0101 0302
62 , 0002 0402 0203 0202 0402 0401 0203 0402 0401 0301 0403 0204 0202 0404 0004 0203 0103 0001 0101 0302 0300 0400 0003 0202 0402 0401 0203 0402 0403 0301 0403 0204 0202 0104 0404 0204 0103 0401 0002 0202
63 , 0302 0404 0303 0202 0002 0401 0003 0403 0402 0001 0403 0204 0202 0104 0401 0304 0102 0000 0101 0002 0301 0404 0203 0202 0402 0401 0203 0402 0401 0301 0403 0204 0102 0104 0404 0204 0103 0401 0101 0302
64 , 0302 0400 0203 0202 0402 0401 0303 0402 0401 0301 0401 0004 0003 0102 0400 0204 0103 0400 0101 0302 0302 0404 0203 0200 0402 0401 0203 0402 0401 0101 0400 0204 0202 0104 0404 0204 0103 0401 0101 0302
65 , 0302 0404 0201 0202 0402 0401 0203 0402 0401 0001 0403 0204 0203 0104 0400 0304 0103 0201 0101 0302 0302 0400 0403 0204 0102 0401 0200 0402 0404 0301 0402 0204 0200 0104 0404 0204 0103 0401 0104 0400
66 , 0302 0404 0203 0402 0402 0401 0203 0402 0401 0301 0403 0204 0202 0104 0004 0204 0101 0401 0101 0302 0303 0204 0203 0202 0403 0001 0203 0402 0401 0301 0403 0204 0202 0004 0404 0004 0103 0401 0101 0302
67 , 0300 0404 0203 0001 0004 0401 0204 0402 0401 0301 0303 0204 0202 0104 0404 0204 0100 0401 0101 0302 0302 0402 0203 0202 0402 0401 0102 0402 0401 0301 0403 0104 0202 0104 0404 0204 0103 0401 0101 0302
68 , 0002 0404 0203 0200 0402 0000 0200 0402 0401 0301 0400 0204 0402 0104 0404 0204 0103 0401 0101 0302 0302 0404 0203 0203 0402 0402 0203 0402 0401 0301 0403 0204 0002 0104 0404 0204 0102 0401 0001 0300
69 , 0302 0004 0203 0202 0402 0401 0003 0402 0401 0301 0403 0004 0202 0104 0402 0204 0103 0001 0101 0402 0302 0404 0003 0202 0402 0401 0103 0002 0401 0301 0404 0204 0402 0104 0104 0204 0103 0401 0101 0302
70 , 0302 0404 0103 0202 0002 0301 0203 0002 0401 0301 0403 0203 0201 0104 0404 0204 0103 0201 0001 0002 0302 0404 0203 0002 0402 0401 0203 0401 0001 0401 0103 0202 0202 0104 0400 0004 0103 0001 0100 0302
71 , 0302 0404 0203 0202 0002 0401 0201 0402 0001 0301 0403 0200 0202 0204 0400 0204 0100 0401 0101 0300 0302 0401 0000 0200 0002 0401 0203 0402 0401 0001 0400 0203 0402 0104 0404 0200 0103 0401 0101 0302
72 , 0302 0404 0303 0202 0402 0401 0203 0402 0401 0001 0403 0204 0302 0104 0404 0204 0103 0400 0101 0300 0302 0404 0203 0002 0402 0001 0203 0002 0400 0301 0003 0204 0302 0104 0004 0204 0103 0401 0100 0000
73 , 0302 0301 0203 0202 0402 0401 0203 0402 0301 0101 0403 0304 0202 0104 0404 0204 0003 0403 0101 0302 0002 0400 0203 0202 0402 0401 0203 0002 0401 0301 0003 0104 0202 0104 0404 0004 0103 0401 0101 0302
74 , 0300 0404 0203 0002 0102 0401 0203 0402 0401 0300 0402 0204 0202 0104 0004 0004 0102 0401 0101 0302 0302 0404 0103 0203 0402 0400 0203 0402 0401 0301 0403 0204 0002 0101 0401 0304 0103 0402 0101 0302
75 , 0302 0401 0203 0202 0402 0401 0003 0402 0401 0301 0403 0204 0202 0104 0404 0204 0103 0401 0001 0302 0302 0000 0203 0402 0402 0401 0203 0402 0401 0301 0403 0201 0202 0104 0402 0204 0103 0401 0101 0302
76 , 0002 0404 0303 0204 0402 0001 0203 0402 0401 0301 0403 0204 0202 0104 0404 0204 0103 0400 0101 0202 0302 0404 0200 0202 0402 0101 0203 0402 0001 0301 0403 0202 0203 0104 0404 0204 0003 0401 0101 0302
77 , 0302 0404 0203 0202 0402 0000 0203 0402 0400 0301 0403 0204 0202 0004 0404 0204 0203 0202 0100 0303 0302 0004 0200 0202 0402 0401 0203 0402 0404 0301 0403 0200 0102 0104 0404 0204 0101 0401 0101 0302
78 , 0302 0401 0203 0202 0402 0001 0203 0402 0403 0301 0403 0204 0202 0104 0404 0204 0303 0401 0101 0302 0304 0404 0203 0002 0400 0401 0203 0304 0001 0301 0403 0204 0202 0104 0404 0204 0000 0101 0101 0302
79 , 0302 0404 0203 0202 0402 0401 0203 0202 0401 0301 0403 0204 0200 0104 0404 0204 0103 0403 0102 0302 0302 0401 0200 0202 0402 0401 0203 0400 0401 0301 0403 0202 0002 0404 0404 0204 0102 0401 0101 0302
80 , 0302 0404 0003 0002 0402 0401 0204 0302 0401 0301 0403 0204 0402 0104 0404 0200 0102 0401 0101 0302 0302 0400 0203 0202 0400 0401 0203 0402 0401 0301 0403 0204 0202 0104 0400 0004 0103 0401 0101 0302
81 , 0302 0404 0203 0002 0400 0401 0203 0402 0401 0301 0400 0204 0102 0104 0404 0204 0100 0201 0103 0302 0302 0400 0200 0202 0402 0401 0203 0000 0401 0301 0403 0204 0200 0104 0004 0204 0101 0401 0104 0302
82 , 0302 0404 0203 0202 0402 0400 0203 0003 0400 0301 0403 0204 0202 0101 0404 0204 0103 0400 0101 0302 0002 0400 0203 0202 0402 0401 0203 0402 0201 0301 0400 0204 0202 0102 0404 0004 0103 0401 0101 0000
83 , 0302 0404 0203 0202 0402 0401 0203 0402 0301 0001 0403 0204 0202 0204 0404 0204 0003 0400 0102 0302 0302 0404 0203 0202 0402 0000 0200 0402 0401 0301 0003 0204 0202 0000 0304 0204 0100 0001 0101 0300
84 , 0302 0104 0203 0202 0402 0401 0203 0400 0101 0301 0403 0204 0202 0104 0404 0304 0103 0301 0101 0301 0302 0404 0203 0200 0402 0201 0203 0402 0001 0301 0403 0204 0202 0104 0404 0104 0103 0201 0101 0301
85 , 0302 0404 0303 0200 0402 0401 0203 0002 0401 0301 0403 0204 0203 0104 0104 0204 0103 0001 0303 0302 0001 0404 0203 0200 0402 0001 0203 0002 0400 0104 0403 0203 0200 0104 0404 0200 0303 0001 0002 0302
86 , 0002 0404 0003 0202 0002 0401 0203 0002 0401 0301 0003 0204 0203 0104 0404 0004 0103 0401 0100 0302 0302 0404 0203 0202 0400 0401 0101 0400 0401 0301 0403 0204 0000 0004 0404 0204 0103 0401 0101 0302
87 , 0002 0404 0203 0200 0002 0401 0403 0402 0401 0300 0403 0404 0201 0104 0404 0204 0103 0401 0001 0302 0302 0404 0003 0202 0402 0401 0203 0402 0201 0301 0403 0104 0202 0404 0404 0204 0102 0401 0101 0302
88 , 0302 0404 0003 0202 0402 0401 0203 0400 0401 0301 0403 0204 0202 0104 0404 0204 0003 0401 0101 0302 0302 0401 0203 0202 0402 0400 0203 0402 0002 0301 0400 0204 0202 0104 0404 0204 0403 0201 0101 0301
89 , 0300 0404 0203 0202 0002 0401 0203 0403 0401 0301 0403 0204 0202 0404 0404 0204 0102 0401 0101 0302 0302 0400 0203 0202 0402 0001 0203 0400 0201 0301 0003 0204 0202 0104 0404 0004 0103 0400 0100 0302
90 , 0302 0401 0203 0200 0402 0000 0203 0402 0403 0301 0403 0204 0200 0104 0404 0204 0103 0401 0102 0302 0301 0404 0203 0002 0402 0400 0203 0402 0402 0200 0403 0204 0202 0104 0404 0004 0103 0200 0200 0302
91 , 0000 0404 0204 0200 0402 0001 0203 0402 0101 0301 0403 0204 0202 0100 0004 0204 0103 0401 0101 0302 0002 0404 0203 0202 0402 0400 0203 0002 0403 0302 0403 0204 0202 0104 0404 0104 0003 0101 0301 0302
92 , 0302 0000 0203 0200 0004 0401 0203 0401 0401 0301 0004 0201 0002 0104 0404 0200 0103 0401 0100 0302 0302 0401 0203 0002 0402 0401 0204 0402 0401 0301 0402 0204 0001 0104 0404 0204 0402 0001 0101 0302
93 , 0302 0404 0203 0202 0002 0401 0203 0402 0401 0300 0403 0204 0202 0204 0404 0204 0203 0202 0101 0302 0302 0404 0203 0004 0402 0401 0203 0402 0401 0301 0403 0304 0000 0104 0400 0204 0103 0401 0101 0301
94 , 0302 0404 0203 0202 0402 0401 0203 0402 0401 0100 0403 0204 0202 0104 0404 0204 0103 0401 0101 0302 0002 0400 0203 0202 0402 0001 0203 0403 0401 0301 0003 0204 0200 0101 0404 0204 0103 0401 0102 0302
95 , 0302 0404 0203 0202 0003 0400 0003 0400 0003 0301 0403 0204 0202 0104 0402 0204 0104 0401 0100 0302 0302 0402 0203 0002 0402 0401 0103 0402 0400 0301 0103 0204 0402 0004 0404 0304 0104 0404 0101 0302
96 , 0302 0404 0003 0102 0001 0401 0203 0400 0401 0301 0403 0204 0202 0100 0404 0204 0103 0401 0101 0300 0402 0404 0203 0004 0402 0001 0203 0400 0401 0301 0003 0204 0202 0100 0404 0204 0403 0401 0102 0302
97 , 0302 0404 0203 0202 0402 0401 0203 0402 0401 0301 0403 0204 0202 0104 0404 0204 0103 0401 0101 0302 0302 0404 0003 0202 0402 0401 0203 0402 0401 0301 0003 0203 0100 0104 0404 0204 0103 0000 0101 0300
98 , 0302 0404 0003 0202 0402 0401 0203 0402 0401 0302 0200 0000 0202 0104 0404 0204 0103 0401 0101 0302 0302 0400 0203 0202 0400 0400 0203 0002 0401 0301 0403 0204 0202 0104 0400 0204 0103 0401 0100 0302
99 , 0002 0404 0203 0200 0400 0401 0203 0302 0401 0401 0403 0204 0202 0104 0400 0204 0102 0401 0102 0302 0002 0404 0201 0202 0202 0403 0203 0402 0401 0301 0403 0204 0202 0104 0404 0004 0100 0401 0001 0302
100 , 0302 0404 0203 0202 0104 0401 0203 0002 0301 0301 0403 0204 0302 0104 0404 0104 0103 0401 0001 0302 0302 0404 0203 0202 0402 0001 0203 0002 0101 0301 0403 0204 0201 0100 0404 0200 0103 0401 0101 0302
101 , 0302 0404 0003 0202 0402 0401 0203 0403 0401 0302 0303 0204 0200 0104 0004 0204 0103 0101 0101 0300 0303 0404 0203 0204 0402 0401 0203 0402 0401 0301 0403 0304 0202 0104 0404 0204 0003 0401 0101 0302
102 , 0302 0204 0200 0202 0104 0401 0203 0401 0301 0301 0103 0201 0302 0104 0404 0204 0103 0401 0101 0302 0302 0400 0203 0202 0401 0401 0200 0402 0001 0301 0403 0204 0202 0104 0404 0204 0303 0401 0102 0302
103 , 0302 0400 0203 0002 0402 0300 0203 0402 0400 0301 0403 0204 0201 0104 0404 0400 0103 0401 0101 0302 0402 0104 0103 0402 0402 0401 0203 0400 0401 0301 0403 0204 0200 0104 0404 0204 0103 0401 0101 0302
104 , 0300 0404 0303 0202 0402 0401 0203 0402 0401 0301 0403 0204 0202 0100 0404 0200 0103 0401 0101 0202 0302 0404 0203 0401 0402 0401 0003 0402 0200 0301 0003 0204 0102 0004 0404 0204 0103 0401 0101 0302
105 , 0402 0404 0204 0201 0402 0401 0203 0002 0401 0301 0403 0204 0002 0004 0204 0104 0103 0401 0101 0300 0302 0404 0203 0202 0402 0401 0203 0002 0401 0301 0401 0204 0202 0004 0400 0004 0103 0401 0001 0302
106 , 0302 0404 0003 0202 0002 0401 0203 0402 0001 0300 0403 0201 0203 0104 0404 0304 0103 0401 0101 0302 0302 0403 0203 0202 0402 0401 0201 0402 0200 0301 0403 0204 0200 0000 0401 0304 0103 0004 0101 0301
107 , 0202 0004 0203 0200 0002 0401 0203 0402 0401 0001 0403 0204 0202 0104 0401 0304 0403 0403 0101 0302 0302 0404 0003 0204 0402 0401 0003 0402 0400 0301 0404 0204 0402 0104 0104 0204 0100 0001 0000 0002
108 , 0303 0400 0203 0200 0402 0401 0203 0400 0201 0301 0403 0204 0202 0104 0404 0204 0103 0401 0101 0300 0102 0404 0203 0202 0402 0001 0100 0402 0401 0301 0400 0204 0202 0100 0404 0200 0103 0401 0101 0102
109 , 0300 0404 0403 0204 0402 0400 0203 0302 0400 0301 0001 0004 0202 0004 0404 0200 0103 0401 0100 0302 0302 0404 0203 0202 0002 0200 0204 0302 0000 0101 0403 0204 0202 0004 0404 0204 0103 0401 0101 0000
110 , 0300 0004 0200 0201 0402 0401 0303 0403 0401 0301 0403 0004 0102 0104 0403 0204 0102 0400 0101 0302 0300 0104 0203 0202 0402 0401 0203 0402 0401 0301 0403 0200 0202 0404 0200 0200 0103 0401 0101 0302
111 , 0302 0404 0203 0002 0402 0400 0203 0402 0401 0301 0004 0202 0200 0104 0402 0204 0103 0401 0101 0202 0002 0404 0204 0002 0402 0401 0203 0402 0401 0301 0403 0204 0200 0104 0404 0204 0103 0401 0101 0302
112 , 0302 0403 0203 0202 0002 0400 0203 0402 0401 0301 0403 0204 0202 0102 0400 0204 0103 0401 0101 0302 0002 0100 0203 0200 0400 0401 0303 0402 0201 0301 0403 0204 0202 0104 0404 0204 0003 0401 0101 0302
113 , 0302 0004 0203 0203 0402 0201 0203 0402 0401 0301 0403 0104 0202 0104 0402 0204 0100 0401 0101 0302 0302 0404 0103 0204 0402 0001 0203 0402 0001 0002 0403 0304 0002 0100 0404 0204 0102 0201 0001 0302
114 , 0302 0404 0203 0202 0104 0400 0203 0002 0301 0301 0403 0202 0302 0104 0400 0204 0103 0401 0101 0102 0300 0404 0203 0202 0202 0001 0201 0402 0403 0301 0403 0204 0202 0104 0404 0204 0103 0401 0101 0302
115 , 0300 0104 0203 0202 0402 0401 0303 0402 0401 0301 0403 0204 0202 0104 0400 0204 0303 0401 0001 0302 0302 0404 0204 0200 0002 0401 0200 0402 0401 0301 0400 0004 0202 0104 0204 0204 0103 0400 0101 0302
116 , 0302 0404 0203 0202 0402 0401 0203 0402 0400 0301 0203 0204 0202 0104 0404 0204 0003 0201 0101 0302 0302 0404 0203 0002 0402 0101 0202 0002 0401 0001 0403 0204 0202 0204 0404 0304 0103 0401 0101 0302
117 , 0302 0404 0200 0202 0404 0401 0003 0402 0400 0401 0003 0204 0202 0104 0404 0200 0102 0400 0101 0402 0102 0404 0203 0202 0402 0301 0203 0402 0403 0301 0400 0004 0204 0100 0404 0204 0103 0401 0101 0002
118 , 0302 0404 0203 0202 0102 0401 0203 0402 0401 0301 0403 0204 0204 0101 0404 0300 0102 0401 0101 0300 0302 0404 0203 0202 0402 0401 0203 0402 0401 0200 0403 0204 0202 0104 0304 0204 0101 0201 0000 0301
119 , 0402 0404 0203 0202 0402 0401 0203 0402 0401 0001 0403 0404 0202 0004 0404 0304 0103 0401 0101 0302 0302 0404 0203 0302 0402 0401 0200 0402 0101 0301 0403 0204 0202 0104 0404 0204 0103 0401 0001 0102
120 , 0002 0404 0203 0202 0004 0401 0203 0400 0402 0301 0403 0204 0202 0104 0004 0204 0403 0204 0001 0302 0402 0404 0403 0002 0402 0401 0203 0400 0401 0301 0403 0204 0002 0104 0404 0204 0103 0401 0101 0302
121 , 0302 0404 0203 0202 0100 0401 0003 0402 0401 0301 0403 0204 0202 0004 0404 0304 0102 0402 0101 0002 0402 0404 0201 0202 0002 0401 0203 0402 0401 0300 0403 0204 0202 0104 0404 0204 0103 0401 0101 0302
122 , 0300 0404 0201 0202 0402 0401 0203 0400 0401 0300 0403 0204 0202 0004 0402 0200 0403 0401 0001 0302 0302 0404 0203 0202 0402 0301 0203 0401 0401 0104 0403 0204 0002 0104 0004 0204 0103 0400 0101 0302
123 , 0302 0404 0203 0202 0402 0401 0200 0402 0401 0001 0403 0204 0202 0404 0404 0204 0100 0001 0101 0302 0302 0004 0203 0202 0402 0400 0203 0402 0001 0300 0403 0204 0202 0404 0404 0204 0002 0401 0101 0302
124 , 0302 0404 0203 0002 0402 0401 0203 0402 0401 0201 0403 0204 0202 0100 0404 0304 0103 0401 0101 0201 0302 0404 0203 0200 0402 0401 0204 0102 0401 0301 0403 0200 0202 0104 0402 0204 0103 0401 0100 0002
125 , 0002 0404 0203 0202 0402 0401 0103 0002 0401 0301 0403 0204 0202 0104 0404 0204 0101 0401 0101 0303 0302 0004 0203 0200 0402 0401 0203 0402 0401 0302 0003 0304 0202 0304 0404 0204 0303 0401 0301 0302
126 , 0302 0404 0203 0202 0402 0401 0200 0402 0401 0301 0403 0204 0202 0103 0004 0204 0102 0401 0104 0302 0302 0404 0203 0200 0402 0401 0203 0402 0401 0301 0403 0404 0202 0004 0404 0204 0403 0001 0101 0302
127 , 0200 0404 0201 0202 0402 0401 0203 0402 0401 0301 0000 0204 0202 0104 0402 0404 0403 0401 0101 0302 0202 0400 0200 0200 0202 0001 0203 0402 0401 0302 0403 0204 0203 0104 0400 0204 0103 0401 0001 0202
128 , 0302 0404 0203 0202 0402 0401 0203 0402 0401 0301 0403 0204 0002 0104 0404 0200 0103 0401 0101 0302 0302 0402 0203 0002 0202 0401 0203 0402 0001 0302 0103 0204 0402 0104 0404 0304 0101 0400 0101 0102
129 , 0002 0301 0200 0202 0402 0401 0203 0002 0300 0101 0403 0304 0002 0104 0404 0204 0203 0403 0101 0302 0302 0404 0203 0200 0400 0401 0204 0402 0401 0301 0403 0200 0202 0204 0400 0201 0103 0401 0101 0302
130 , 0202 0404 0003 0204 0200 0403 0203 0402 0401 0301 0403 0204 0203 0104 0404 0204 0103 0401 0101 0202 0302 0404 0203 0202 0402 0401 0203 0402 0401 0301 0003 0204 0403 0104 0404 0304 0103 0401 0001 0302
131 , 0303 0404 0204 0202 0402 0401 0003 0402 0301 0301 0403 0204 0202 0104 0404 0204 0103 0404 0101 0303 0302 0400 0203 0202 0402 0401 0203 0002 0401 0300 0403 0204 0202 0104 0404 0004 0103 0401 0101 0002
132 , 0302 0400 0103 0102 0302 0301 0203 0400 0401 0301 0404 0203 0202 0104 0004 0204 0103 0201 0101 0302 0303 0204 0203 0202 0402 0401 0203 0402 0401 0301 0403 0204 0202 0104 0404 0204 0103 0401 0101 0302
133 , 0302 0404 0203 0200 0000 0401 0203 0402 0401 0301 0403 0204 0202 0104 0404 0304 0103 0401 0101 0201 0303 0204 0200 0202 0402 0301 0203 0402 0001 0301 0403 0204 0202 0104 0404 0200 0103 0401 0100 0300
134 , 0300 0404 0303 0202 0402 0401 0203 0402 0401 0301 0003 0200 0203 0104 0104 0200 0103 0401 0103 0002 0302 0004 0203 0202 0402 0401 0203 0402 0400 0401 0403 0202 0202 0104 0404 0204 0103 0401 0101 0302
135 , 0301 0400 0203 0202 0400 0301 0203 0401 0401 0301 0400 0304 0200 0100 0301 0204 0101 0401 0101 0302 0302 0404 0003 0202 0402 0401 0203 0002 0402 0301 0000 0404 0200 0104 0404 0204 0003 0204 0101 0302
136 , 0302 0401 0200 0202 0402 0403 0200 0401 0401 0101 0404 0204 0204 0104 0404 0200 0103 0401 0101 0302 0302 0001 0203 0202 0402 0401 0204 0002 0401 0304 0403 0204 0202 0104 0402 0204 0103 0001 0100 0302
137 , 0302 0004 0103 0204 0400 0401 0200 0402 0401 0300 0403 0304 0201 0104 0404 0204 0103 0401 0101 0302 0302 0404 0203 0202 0004 0401 0203 0402 0000 0401 0403 0204 0202 0404 0404 0204 0103 0401 0101 0302
138 , 0302 0404 0203 0202 0402 0201 0202 0402 0401 0301 0403 0304 0202 0102 0404 0201 0103 0400 0101 0302 0300 0404 0203 0002 0402 0401 0204 0002 0401 0300 0403 0204 0201 0104 0404 0204 0402 0403 0100 0300
139 , 0302 0404 0203 0203 0402 0001 0203 0402 0001 0301 0403 0004 0202 0104 0404 0202 0103 0401 0201 0302 0300 0400 0403 0202 0402 0401 0003 0402 0400 0301 0203 0204 0202 0104 0404 0201 0103 0101 0101 0302
140 , 0102 0404 0003 0203 0002 0401 0203 0402 0400 0004 0403 0304 0202 0104 0404 0204 0102 0001 0101 0300 0300 0404 0203 0202 0402 0401 0203 0402 0401 0302 0201 0204 0202 0104 0404 0204 0103 0401 0101 0300
141 , 0302 0404 0203 0202 0402 0401 0201 0003 0402 0301 0404 0204 0002 0104 0404 0304 0102 0401 0100 0302 0302 0404 0204 0202 0402 0401 0203 0402 0401 0401 0003 0200 0202 0100 0404 0204 0103 0404 0101 0302
142 , 0002 0404 0203 0202 0402 0000 0203 0402 0401 0301 0203 0200 0202 0104 0004 0204 0103 0201 0101 0302 0302 0404 0003 0202 0004 0401 0203 0400 0001 0001 0403 0204 0300 0104 0404 0204 0103 0403 0102 0300
143 , 0302 0004 0200 0203 0402 0401 0204 0402 0401 0301 0403 0204 0202 0104 0404 0200 0002 0401 0101 0302 0302 0004 0204 0102 0402 0401 0203 0402 0403 0301 0403 0204 0202 0100 0204 0200 0103 0001 0101 0302
144 , 0200 0404 0203 0204 0202 0401 0203 0402 0401 0301 0403 0200 0203 0104 0404 0204 0103 0401 0101 0202 0302 0404 0203 0202 0402 0001 0203 0402 0401 0301 0403 0203 0202 0104 0404 0200 0103 0401 0301 0302
145 , 0402 0404 0203 0202 0402 0401 0203 0402 0401 0301 0400 0204 0204 0104 0404 0204 0103 0401 0101 0302 0302 0004 0203 0202 0402 0401 0203 0402 0401 0301 0203 0204 0202 0100 0304 0204 0103 0201 0101 0302
146 , 0302 0404 0203 0200 0402 0401 0204 0202 0401 0001 0403 0204 0202 0104 0404 0204 0103 0401 0101 0301 0302 0404 0200 0202 0402 0401 0303 0400 0401 0301 0403 0300 0202 0104 0404 0404 0301 0400 0102 0300
147 , 0002 0404 0203 0202 0402 0401 0200 0402 0301 0301 0401 0001 0202 0104 0404 0204 0103 0400 0101 0302 0302 0400 0203 0402 0402 0401 0203 0402 0401 0303 0100 0204 0302 0104 0400 0204 0103 0001 0101 0300
148 , 0302 0404 0203 0200 0402 0401 0203 0402 0301 0301 0403 0204 0202 0204 0404 0200 0103 0403 0102 0302 0302 0404 0203 0200 0402 0401 0203 0402 0401 0302 0203 0204 0202 0104 0404 0204 0103 0401 0101 0302
149 , 0302 0004 0203 0202 0402 0301 0203 0402 0401 0301 0403 0200 0201 0104 0404 0404 0103 0401 0101 0302 0302 0404 0200 0102 0402 0401 0203 0402 0401 0301 0402 0204 0202 0104 0400 0004 0103 0401 0101 0102
150 , 0302 0404 0203 0202 0402 0400 0203 0202 0401 0001 0402 0204 0202 0304 0404 0200 0003 0401 0101 0302 0302 0404 0204 0202 0002 0401 0203 0402 0401 0301 0403 0204 0302 0104 0004 0204 0103 0401 0001 0302
151 , 0302 0404 0203 0202 0404 0401 0203 0402 0401 0401 0400 0204 0002 0404 0404 0204 0103 0001 0101 0302 0302 0404 0203 0202 0402 0002 0203 0403 0001 0302 0303 0204 0202 0104 0400 0200 0103 0101 0100 0302
152 , 0300 0304 0003 0202 0402 0401 0203 0402 0401 0101 0403 0304 0204 0104 0400 0204 0203 0401 0001 0301 0004 0404 0203 0202 0402 0401 0203 0402 0401 0301 0403 0004 0302 0104 0404 0204 0103 0401 0201 0300
153 , 0302 0404 0203 0202 0402 0404 0203 0401 0401 0301 0403 0204 0202 0104 0404 0004 0103 0400 0101 0302 0300 0404 0003 0202 0400 0401 0203 0400 0401 0301 0400 0203 0002 0000 0404 0204 0103 0401 0101 0302
154 , 0302 0404 0204 0202 0402 0001 0203 0402 0401 0300 0403 0204 0002 0104 0204 0200 0103 0401 0101 0302 0302 0404 0203 0200 0402 0401 0202 0402 0401 0301 0403 0204 0202 0004 0404 0204 0103 0401 0101 0302
155 , 0302 0404 0203 0202 0404 0402 0003 0000 0001 0401 0400 0200 0202 0104 0404 0204 0102 0301 0101 0302 0300 0404 0203 0202 0402 0401 0203 0402 0401 0301 0403 0204 0202 0104 0404 0204 0103 0401 0101 0002
156 , 0302 0404 0203 0202 0402 0401 0203 0403 0001 0301 0403 0204 0000 0104 0404 0204 0103 0400 0101 0302 0300 0304 0203 0202 0402 0401 0203 0402 0401 0101 0003 0304 0202 0104 0004 0204 0203 0401 0401 0301
157 , 0302 0400 0003 0202 0402 0401 0203 0402 0201 0301 0003 0003 0202 0404 0404 0303 0103 0401 0100 0301 0302 0404 0203 0202 0202 0401 0203 0400 0001 0301 0403 0204 0203 0104 0404 0304 0103 0401 0100 0302
158 , 0302 0404 0203 0202 0002 0401 0003 0402 0401 0301 0403 0204 0200 0104 0400 0204 0103 0201 0101 0302 0202 0404 0203 0202 0002 0401 0203 0402 0401 0001 0403 0201 0202 0101 0404 0204 0100 0401 0101 0302
159 , 0303 0204 0203 0202 0400 0001 0403 0002 0401 0301 0403 0204 0202 0104 0404 0204 0103 0401 0001 0302 0302 0404 0203 0202 0402 0401 0003 0402 0401 0301 0403 0201 0202 0104 0404 0204 0103 0401 0101 0302
160 , 0302 0404 0003 0203 0400 0300 0203 0402 0400 0301 0403 0300 0002 0100 0402 0204 0103 0400 0101 0302 0302 0404 0203 0202 0002 0401 0203 0002 0401 0301 0403 0204 0004 0104 0404 0200 0103 0401 0001 0302
161 , 0302 0404 0203 0202 0402 0401 0203 0402 0001 0301 0403 0204 0200 0100 0404 0404 0103 0401 0001 0302 0301 0404 0203 0202 0402 0401 0303 0402 0401 0301 0403 0204 0202 0004 0404 0204 0103 0401 0301 0302
162 , 0002 0404 0003 0200 0102 0401 0203 0402 0401 0301 0403 0204 0204 0104 0400 0404 0103 0401 0104 0300 0300 0400 0203 0202 0402 0401 0103 0402 0401 0001 0203 0004 0202 0101 0404 0200 0101 0401 0100 0302
163 , 0302 0404 0203 0200 0402 0201 0203 0400 0001 0301 0003 0204 0002 0104 0404 0204 0103 0401 0101 0302 0302 0404 0203 0200 0403 0401 0203 0402 0401 0301 0403 0304 0202 0104 0400 0204 0203 0401 0101 0302
164 , 0302 0404 0204 0202 0302 0401 0203 0402 0403 0301 0403 0204 0202 0104 0204 0204 0103 0401 0101 0302 0302 0404 0203 0202 0402 0001 0203 0402 0401 0301 0303 0204 0200 0004 0002 0200 0103 0401 0101 0302
165 , 0200 0304 0201 0202 0402 0400 0203 0402 0201 0000 0403 0204 0200 0104 0402 0404 0003 0401 0101 0002 0302 0400 0103 0202 0400 0001 0203 0403 0401 0301 0002 0204 0200 0104 0404 0204 0103 0401 0101 0302
166 , 0304 0304 0203 0202 0402 0401 0203 0402 0001 0301 0403 0204 0202 0104 0400 0404 0103 0400 0101 0300 0302 0404 0003 0202 0302 0401 0203 0402 0400 0301 0003 0204 0202 0104 0004 0204 0103 0401 0101 0002
167 , 0302 0000 0203 0202 0404 0401 0203 0402 0400 0401 0403 0204 0202 0404 0404 0204 0103 0401 0101 0302 0002 0404 0204 0202 0402 0402 0204 0402 0403 0301 0403 0204 0201 0104 0404 0204 0402 0401 0101 0302
168 , 0302 0404 0203 0202 0402 0400 0203 0402 0401 0301 0400 0204 0202 0104 0404 0204 0103 0301 0001 0302 0302 0404 0200 0202 0402 0401 0103 0402 0401 0302 0201 0204 0202 0104 0404 0204 0103 0401 0103 0302
169 , 0302 0404 0203 0202 0402 0401 0203 0402 0401 0301 0403 0304 0202 0102 0104 0200 0203 0202 0401 0302 0002 0404 0200 0200 0402 0401 0203 0404 0401 0301 0403 0004 0102 0004 0404 0204 0100 0401 0103 0202
170 , 0202 0404 0203 0204 0402 0401 0203 0402 0401 0301 0403 0201 0003 0100 0404 0204 0403 0101 0101 0302 0302 0404 0203 0202 0402 0001 0203 0402 0401 0301 0303 0004 0201 0104 0004 0200 0103 0401 0101 0302
171 , 0300 0301 0200 0202 0402 0401 0200 0402 0403 0303 0404 0204 0204 0100 0404 0204 0103 0001 0101 0302 0304 0404 0403 0202 0102 0401 0003 0402 0001 0001 0403 0204 0004 0104 0404 0404 0102 0401 0104 0302
172 , 0302 0400 0203 0202 0402 0400 0203 0402 0401 0001 0003 0204 0402 0104 0404 0204 0103 0401 0101 0303 0304 0404 0203 0200 0402 0401 0203 0400 0401 0301 0403 0204 0202 0004 0404 0204 0003 0401 0100 0303
173 , 0302 0404 0203 0202 0202 0401 0203 0400 0003 0301 0400 0004 0202 0101 0404 0204 0103 0401 0101 0302 0302 0404 0003 0200 0000 0401 0203 0200 0401 0301 0402 0204 0202 0304 0004 0204 0103 0401 0101 0302
174 , 0302 0403 0303 0202 0402 0001 0203 0402 0401 0301 0403 0204 0002 0104 0404 0204 0100 0401 0001 0302 0302 0104 0203 0402 0002 0401 0200 0402 0401 0301 0400 0204 0202 0100 0404 0201 0103 0401 0101 0002
175 , 0302 0404 0203 0202 0104 0401 0203 0403 0301 0301 0003 0204 0302 0104 0400 0204 0100 0401 0003 0302 0302 0404 0203 0202 0402 0401 0003 0402 0000 0301 0403 0204 0202 0004 0203 0300 0103 0401 0101 0400
176 , 0302 0404 0203 0200 0402 0401 0203 0402 0401 0301 0003 0204 0002 0104 0404 0200 0103 0401 0101 0302 0300 0404 0200 0102 0400 0401 0203 0201 0401 0300 0403 0002 0202 0100 0404 0400 0103 0401 0001 0302
177 , 0302 0404 0200 0302 0402 0401 0203 0402 0100 0301 0403 0204 0302 0404 0000 0204 0100 0401 0101 0000 0302 0404 0203 0204 0402 0401 0203 0404 0401 0301 0403 0304 0200 0104 0404 0202 0303 0401 0101 0302
178 , 0302 0404 0203 0202 0402 0401 0200 0002 0401 0301 0403 0202 0202 0104 0404 0204 0103 0401 0101 0302 0002 0404 0203 0200 0402 0401 0203 0102 0401 0301 0403 0204 0302 0104 0404 0404 0103 0401 0001 0302
179 , 0302 0004 0203 0202 0402 0400 0204 0402 0401 0300 0403 0204 0003 0004 0404 0201 0103 0003 0101 0302 0302 0404 0203 0002 0402 0401 0203 0402 0400 0301 0403 0200 0402 0104 0400 0204 0103 0101 0101 0002
180 , 0302 0404 0203 0202 0402 0400 0203 0002 0401 0301 0403 0204 0402 0402 0404 0204 0303 0401 0203 0302 0302 0004 0203 0202 0402 0400 0203 0402 0401 0302 0003 0204 0202 0004 0004 0204 0103 0401 0101 0303
181 , 0302 0404 0203 0202 0002 0401 0204 0400 0401 0104 0400 0204 0202 0104 0404 0204 0103 0401 0101 0302 0202 0404 0204 0202 0402 0301 0203 0400 0401 0301 0403 0204 0202 0104 0204 0204 0003 0001 0101 0302
182 , 0302 0404 0200 0202 0402 0401 0204 0002 0001 0301 0003 0204 0203 0404 0004 0201 0103 0001 0101 0002 0002 0402 0203 0202 0402 0400 0003 0402 0401 0301 0003 0204 0402 0104 0404 0304 0102 0401 0101 0302
183 , 0302 0400 0203 0201 0402 0001 0202 0402 0001 0301 0003 0200 0200 0100 0004 0204 0103 0401 0101 0302 0302 0404 0003 0202 0402 0401 0200 0400 0201 0301 0403 0204 0202 0104 0404 0204 0103 0401 0101 0304
184 , 0002 0400 0203 0202 0402 0001 0203 0402 0401 0301 0403 0204 0202 0104 0404 0204 0100 0400 0101 0302 0202 0400 0203 0402 0402 0401 0003 0402 0403 0300 0402 0201 0202 0104 0400 0204 0003 0401 0001 0302
185 , 0002 0004 0203 0203 0402 0401 0200 0402 0401 0301 0403 0204 0002 0104 0404 0204 0103 0401 0104 0300 0302 0202 0303 0202 0402 0401 0203 0402 0404 0301 0403 0204 0202 0104 0303 0304 0103 0401 0101 0302
186 , 0102 0304 0203 0202 0402 0401 0203 0400 0201 0101 0303 0300 0202 0104 0404 0204 0203 0001 0001 0301 0302 0404 0103 0200 0402 0401 0103 0402 0001 0001 0403 0004 0002 0104 0004 0204 0100 0401 0101 0302
187 , 0302 0004 0203 0202 0402 0401 0203 0402 0401 0101 0003 0004 0202 0104 0404 0204 0203 0401 0401 0301 0302 0404 0203 0200 0402 0401 0203 0402 0400 0300 0400 0204 0202 0104 0404 0204 0103 0401 0101 0302
188 , 0300 0404 0203 0002 0402 0000 0203 0402 0401 0301 0400 0204 0200 0104 0304 0204 0101 0201 0101 0302 0302 0404 0303 0202 0402 0301 0203 0402 0401 0301 0403 0204 0201 0104 0400 0404 0103 0401 0101 0302
189 , 0302 0404 0203 0202 0402 0401 0203 0402 0401 0301 0403 0204 0202 0101 0404 0204 0103 0401 0101 0302 0302 0404 0200 0402 0402 0301 0203 0402 0401 0302 0403 0104 0003 0104 0400 0204 0103 0401 0101 0002
190 , 0002 0404 0203 0202 0404 0401 0203 0402 0401 0400 0403 0200 0202 0404 0404 0204 0103 0401 0101 0302 0302 0004 0203 0002 0402 0401 0403 0404 0401 0001 0403 0204 0202 0100 0404 0204 0103 0401 0101 0302
191 , 0102 0402 0203 0202 0402 0401 0203 0402 0400 0301 0103 0204 0102 0004 0404 0300 0102 0401 0101 0301 0302 0404 0003 0202 0402 0402 0200 0404 0401 0301 0400 0304 0001 0104 0404 0204 0103 0201 0101 0302
192 , 0300 0404 0203 0202 0402 0401 0203 0402 0401 0301 0403 0000 0202 0104 0404 0200 0103 0401 0304 0300 0303 0400 0100 0202 0403 0101 0203 0402 0401 0301 0400 0204 0002 0104 0101 0204 0101 0001 0101 0302
193 , 0202 0402 0003 0202 0402 0401 0003 0402 0401 0301 0103 0204 0402 0104 0404 0304 0102 0001 0101 0302 0002 0004 0203 0202 0402 0401 0203 0402 0401 0201 0003 0204 0200 0104 0404 0204 0103 0401 0000 0304
194 , 0302 0404 0203 0202 0402 0201 0103 0402 0001 0301 0403 0204 0201 0100 0404 0204 0100 0401 0101 0302 0300 0404 0203 0302 0004 0401 0203 0402 0401 0301 0403 0204 0202 0404 0404 0404 0103 0401 0101 0302
195 , 0304 0404 0203 0204 0102 0401 0203 0402 0401 0301 0403 0204 0200 0100 0404 0204 0103 0401 0101 0302 0300 0404 0204 0202 0402 0001 0003 0402 0001 0301 0403 0000 0202 0104 0204 0204 0000 0401 0101 0302
196 , 0302 0401 0203 0202 0100 0400 0202 0402 0401 0301 0003 0204 0002 0004 0404 0204 0403 0401 0001 0302 0302 0404 0203 0402 0402 0401 0203 0402 0401 0301 0403 0204 0002 0104 0401 0200 0104 0400 0101 0202
197 , 0302 0401 0204 0202 0402 0400 0202 0000 0401 0001 0403 0304 0202 0102 0404 0204 0403 0001 0101 0302 0302 0404 0203 0200 0402 0401 0203 0202 0401 0001 0403 0204 0202 0104 0404 0203 0003 0400 0101 0302
198 , 0302 0004 0303 0202 0402 0001 0203 0402 0401 0302 0403 0204 0202 0104 0404 0200 0103 0401 0301 0302 0302 0404 0200 0202 0402 0401 0203 0204 0401 0301 0402 0201 0200 0304 0004 0204 0103 0400 0101 0302
199 , 0002 0402 0003 0202 0401 0401 0203 0402 0001 0001 0400 0204 0402 0100 0404 0304 0100 0401 0001 0302 0302 0304 0203 0202 0402 0101 0203 0402 0401 0101 0403 0304 0202 0104 0404 0204 0203 0401 0400 0301
200 , 0304 0404 0003 0202 0300 0000 0203 0401 0401 0301 0403 0204 0202 0402 0404 0204 0103 0401 0103 0002 0304 0404 0303 0202 0403 0401 0100 0402 0401 0301 0400 0201 0202 0004 0404 0204 0101 0401 0001 0302