188.505319	0.11121823964527192	19.5	3.8333333333333335	0.016067078124889063	0.36814814814814817
188.505319	0.11121823964527192	19.5	3.8333333333333335	0.016067078124889063	0.36814814814814817
188.505319	0.11121823964527192	19.5	3.8333333333333335	0.016067078124889063	0.36814814814814817
188.505319	0.11121823964527192	19.5	3.8333333333333335	0.016067078124889063	0.36814814814814817
188.505319	0.11121823964527192	19.5	3.8333333333333335	0.016067078124889063	0.36814814814814817
188.505319	0.11121823964527192	19.5	3.8333333333333335	0.016067078124889063	0.36814814814814817
188.505319	0.11121823964527192	19.5	3.8333333333333335	0.016067078124889063	0.36814814814814817
188.505319	0.11121823964527192	19.5	3.8333333333333335	0.016067078124889063	0.36814814814814817
190.505263	0.11694808588015902	19.6	8.933333333333334	-0.001215133737361492	0.35
190.505263	0.11694808588015902	19.6	8.933333333333334	-0.001215133737361492	0.35
190.505263	0.11694808588015902	19.6	8.933333333333334	-0.001215133737361492	0.35
190.505263	0.11694808588015902	19.6	8.933333333333334	-0.001215133737361492	0.35
190.505263	0.11694808588015902	19.6	8.933333333333334	-0.001215133737361492	0.35
190.505263	0.11694808588015902	19.6	8.933333333333334	-0.001215133737361492	0.35
190.505263	0.11694808588015902	19.6	8.933333333333334	-0.001215133737361492	0.35
190.505263	0.11694808588015902	19.6	8.933333333333334	-0.001215133737361492	0.35
190.505263	0.11694808588015902	19.6	8.933333333333334	-0.001215133737361492	0.35
190.505263	0.11694808588015902	19.6	8.933333333333334	-0.001215133737361492	0.35
190.505263	0.11694808588015902	19.6	8.933333333333334	-0.001215133737361492	0.35
190.505263	0.11694808588015902	19.6	8.933333333333334	-0.001215133737361492	0.35
190.505263	0.11694808588015902	19.6	8.933333333333334	-0.001215133737361492	0.35
190.505263	0.11694808588015902	19.6	8.933333333333334	-0.001215133737361492	0.35
190.505263	0.11694808588015902	19.6	8.933333333333334	-0.001215133737361492	0.35
190.505263	0.11694808588015902	19.6	8.933333333333334	-0.001215133737361492	0.35
190.505263	0.11694808588015902	19.6	8.933333333333334	-0.001215133737361492	0.35
190.505263	0.11694808588015902	19.6	8.933333333333334	-0.001215133737361492	0.35
190.505263	0.11694808588015902	19.6	8.933333333333334	-0.001215133737361492	0.35
190.505263	0.11694808588015902	19.6	8.933333333333334	-0.001215133737361492	0.35
190.505263	0.11694808588015902	19.6	8.933333333333334	-0.001215133737361492	0.35
190.505263	0.11694808588015902	19.6	8.933333333333334	-0.001215133737361492	0.35
190.505263	0.11694808588015902	19.6	8.933333333333334	-0.001215133737361492	0.35
190.505263	0.11694808588015902	19.6	8.933333333333334	-0.001215133737361492	0.35
190.505263	0.11694808588015902	19.6	8.933333333333334	-0.001215133737361492	0.35
190.505263	0.11694808588015902	19.6	8.933333333333334	-0.001215133737361492	0.35
190.505263	0.11694808588015902	19.6	8.933333333333334	-0.001215133737361492	0.35
190.505263	0.11694808588015902	19.6	8.933333333333334	-0.001215133737361492	0.35
190.505263	0.11694808588015902	19.6	8.933333333333334	-0.001215133737361492	0.35
190.505263	0.11694808588015902	19.6	8.933333333333334	-0.001215133737361492	0.35
190.505263	0.11694808588015902	19.6	8.933333333333334	-0.001215133737361492	0.35
190.505263	0.11694808588015902	19.6	8.933333333333334	-0.001215133737361492	0.35
190.505263	0.11694808588015902	19.6	8.933333333333334	-0.001215133737361492	0.35
190.505263	0.11694808588015902	19.6	8.933333333333334	-0.001215133737361492	0.35
190.505263	0.11694808588015902	19.6	8.933333333333334	-0.001215133737361492	0.35
190.505263	0.11694808588015902	19.6	8.933333333333334	-0.001215133737361492	0.35
228.504386	0.1297160648107298	20.6	5.6000000000000005	0.0717837387743531	0.33666666666666667
228.504386	0.1297160648107298	20.6	5.6000000000000005	0.0717837387743531	0.33666666666666667
228.504386	0.1297160648107298	20.6	5.6000000000000005	0.0717837387743531	0.33666666666666667
228.504386	0.1297160648107298	20.6	5.6000000000000005	0.0717837387743531	0.33666666666666667
228.504386	0.1297160648107298	20.6	5.6000000000000005	0.0717837387743531	0.33666666666666667
228.504386	0.1297160648107298	20.6	5.6000000000000005	0.0717837387743531	0.33666666666666667
228.504386	0.1297160648107298	20.6	5.6000000000000005	0.0717837387743531	0.33666666666666667
228.504386	0.1297160648107298	20.6	5.6000000000000005	0.0717837387743531	0.33666666666666667
228.504386	0.1297160648107298	20.6	5.6000000000000005	0.0717837387743531	0.33666666666666667
228.504386	0.1297160648107298	20.6	5.6000000000000005	0.0717837387743531	0.33666666666666667
228.504386	0.1297160648107298	20.6	5.6000000000000005	0.0717837387743531	0.33666666666666667
228.504386	0.1297160648107298	20.6	5.6000000000000005	0.0717837387743531	0.33666666666666667
228.504386	0.1297160648107298	20.6	5.6000000000000005	0.0717837387743531	0.33666666666666667
228.504386	0.1297160648107298	20.6	5.6000000000000005	0.0717837387743531	0.33666666666666667
228.504386	0.1297160648107298	20.6	5.6000000000000005	0.0717837387743531	0.33666666666666667
228.504386	0.1297160648107298	20.6	5.6000000000000005	0.0717837387743531	0.33666666666666667
228.504386	0.1297160648107298	20.6	5.6000000000000005	0.0717837387743531	0.33666666666666667
228.504386	0.1297160648107298	20.6	5.6000000000000005	0.0717837387743531	0.33666666666666667
228.504386	0.1297160648107298	20.6	5.6000000000000005	0.0717837387743531	0.33666666666666667
228.504386	0.1297160648107298	20.6	5.6000000000000005	0.0717837387743531	0.33666666666666667
228.504386	0.1297160648107298	20.6	5.6000000000000005	0.0717837387743531	0.33666666666666667
228.504386	0.1297160648107298	20.6	5.6000000000000005	0.0717837387743531	0.33666666666666667
228.504386	0.1297160648107298	20.6	5.6000000000000005	0.0717837387743531	0.33666666666666667
228.504386	0.1297160648107298	20.6	5.6000000000000005	0.0717837387743531	0.33666666666666667
228.504386	0.1297160648107298	20.6	5.6000000000000005	0.0717837387743531	0.33666666666666667
228.504386	0.1297160648107298	20.6	5.6000000000000005	0.0717837387743531	0.33666666666666667
228.504386	0.1297160648107298	20.6	5.6000000000000005	0.0717837387743531	0.33666666666666667
228.504386	0.1297160648107298	20.6	5.6000000000000005	0.0717837387743531	0.33666666666666667
228.504386	0.1297160648107298	20.6	5.6000000000000005	0.0717837387743531	0.33666666666666667
228.504386	0.1297160648107298	20.6	5.6000000000000005	0.0717837387743531	0.33666666666666667
228.504386	0.1297160648107298	20.6	5.6000000000000005	0.0717837387743531	0.33666666666666667
228.504386	0.1297160648107298	20.6	5.6000000000000005	0.0717837387743531	0.33666666666666667
228.504386	0.1297160648107298	20.6	5.6000000000000005	0.0717837387743531	0.33666666666666667
228.504386	0.1297160648107298	20.6	5.6000000000000005	0.0717837387743531	0.33666666666666667
228.504386	0.1297160648107298	20.6	5.6000000000000005	0.0717837387743531	0.33666666666666667
228.504386	0.1297160648107298	20.6	5.6000000000000005	0.0717837387743531	0.33666666666666667
194.505155	0.10376096457084397	21.0	7.555555555555555	0.04914181355434121	0.32888888888888884
194.505155	0.10376096457084397	21.0	7.555555555555555	0.04914181355434121	0.32888888888888884
194.505155	0.10376096457084397	21.0	7.555555555555555	0.04914181355434121	0.32888888888888884
194.505155	0.10376096457084397	21.0	7.555555555555555	0.04914181355434121	0.32888888888888884
194.505155	0.10376096457084397	21.0	7.555555555555555	0.04914181355434121	0.32888888888888884
194.505155	0.10376096457084397	21.0	7.555555555555555	0.04914181355434121	0.32888888888888884
194.505155	0.10376096457084397	21.0	7.555555555555555	0.04914181355434121	0.32888888888888884
194.505155	0.10376096457084397	21.0	7.555555555555555	0.04914181355434121	0.32888888888888884
194.505155	0.10376096457084397	21.0	7.555555555555555	0.04914181355434121	0.32888888888888884
194.505155	0.10376096457084397	21.0	7.555555555555555	0.04914181355434121	0.32888888888888884
194.505155	0.10376096457084397	21.0	7.555555555555555	0.04914181355434121	0.32888888888888884
194.505155	0.10376096457084397	21.0	7.555555555555555	0.04914181355434121	0.32888888888888884
194.505155	0.10376096457084397	21.0	7.555555555555555	0.04914181355434121	0.32888888888888884
194.505155	0.10376096457084397	21.0	7.555555555555555	0.04914181355434121	0.32888888888888884
194.505155	0.10376096457084397	21.0	7.555555555555555	0.04914181355434121	0.32888888888888884
194.505155	0.10376096457084397	21.0	7.555555555555555	0.04914181355434121	0.32888888888888884
194.505155	0.10376096457084397	21.0	7.555555555555555	0.04914181355434121	0.32888888888888884
194.505155	0.10376096457084397	21.0	7.555555555555555	0.04914181355434121	0.32888888888888884
194.505155	0.10376096457084397	21.0	7.555555555555555	0.04914181355434121	0.32888888888888884
194.505155	0.10376096457084397	21.0	7.555555555555555	0.04914181355434121	0.32888888888888884
194.505155	0.10376096457084397	21.0	7.555555555555555	0.04914181355434121	0.32888888888888884
194.505155	0.10376096457084397	21.0	7.555555555555555	0.04914181355434121	0.32888888888888884
194.505155	0.10376096457084397	21.0	7.555555555555555	0.04914181355434121	0.32888888888888884
194.505155	0.10376096457084397	21.0	7.555555555555555	0.04914181355434121	0.32888888888888884
194.505155	0.10376096457084397	21.0	7.555555555555555	0.04914181355434121	0.32888888888888884
194.505155	0.10376096457084397	21.0	7.555555555555555	0.04914181355434121	0.32888888888888884
194.505155	0.10376096457084397	21.0	7.555555555555555	0.04914181355434121	0.32888888888888884
194.505155	0.10376096457084397	21.0	7.555555555555555	0.04914181355434121	0.32888888888888884
194.505155	0.10376096457084397	21.0	7.555555555555555	0.04914181355434121	0.32888888888888884
194.505155	0.10376096457084397	21.0	7.555555555555555	0.04914181355434121	0.32888888888888884
194.505155	0.10376096457084397	21.0	7.555555555555555	0.04914181355434121	0.32888888888888884
194.505155	0.10376096457084397	21.0	7.555555555555555	0.04914181355434121	0.32888888888888884
194.505155	0.10376096457084397	21.0	7.555555555555555	0.04914181355434121	0.32888888888888884
194.505155	0.10376096457084397	21.0	7.555555555555555	0.04914181355434121	0.32888888888888884
194.505155	0.10376096457084397	21.0	7.555555555555555	0.04914181355434121	0.32888888888888884
194.505155	0.10376096457084397	21.0	7.555555555555555	0.04914181355434121	0.32888888888888884
194.505155	0.10376096457084397	21.0	7.555555555555555	0.04914181355434121	0.32888888888888884
172.505814	0.10720821960451646	20.5	1.8333333333333333	0.07630872734184437	0.35148148148148156
172.505814	0.10720821960451646	20.5	1.8333333333333333	0.07630872734184437	0.35148148148148156
172.505814	0.10720821960451646	20.5	1.8333333333333333	0.07630872734184437	0.35148148148148156
172.505814	0.10720821960451646	20.5	1.8333333333333333	0.07630872734184437	0.35148148148148156
172.505814	0.10720821960451646	20.5	1.8333333333333333	0.07630872734184437	0.35148148148148156
172.505814	0.10720821960451646	20.5	1.8333333333333333	0.07630872734184437	0.35148148148148156
172.505814	0.10720821960451646	20.5	1.8333333333333333	0.07630872734184437	0.35148148148148156
172.505814	0.10720821960451646	20.5	1.8333333333333333	0.07630872734184437	0.35148148148148156
172.505814	0.10720821960451646	20.5	1.8333333333333333	0.07630872734184437	0.35148148148148156
172.505814	0.10720821960451646	20.5	1.8333333333333333	0.07630872734184437	0.35148148148148156
172.505814	0.10720821960451646	20.5	1.8333333333333333	0.07630872734184437	0.35148148148148156
172.505814	0.10720821960451646	20.5	1.8333333333333333	0.07630872734184437	0.35148148148148156
172.505814	0.10720821960451646	20.5	1.8333333333333333	0.07630872734184437	0.35148148148148156
172.505814	0.10720821960451646	20.5	1.8333333333333333	0.07630872734184437	0.35148148148148156
172.505814	0.10720821960451646	20.5	1.8333333333333333	0.07630872734184437	0.35148148148148156
172.505814	0.10720821960451646	20.5	1.8333333333333333	0.07630872734184437	0.35148148148148156
172.505814	0.10720821960451646	20.5	1.8333333333333333	0.07630872734184437	0.35148148148148156
172.505814	0.10720821960451646	20.5	1.8333333333333333	0.07630872734184437	0.35148148148148156
172.505814	0.10720821960451646	20.5	1.8333333333333333	0.07630872734184437	0.35148148148148156
172.505814	0.10720821960451646	20.5	1.8333333333333333	0.07630872734184437	0.35148148148148156
172.505814	0.10720821960451646	20.5	1.8333333333333333	0.07630872734184437	0.35148148148148156
172.505814	0.10720821960451646	20.5	1.8333333333333333	0.07630872734184437	0.35148148148148156
172.505814	0.10720821960451646	20.5	1.8333333333333333	0.07630872734184437	0.35148148148148156
172.505814	0.10720821960451646	20.5	1.8333333333333333	0.07630872734184437	0.35148148148148156
172.505814	0.10720821960451646	20.5	1.8333333333333333	0.07630872734184437	0.35148148148148156
172.505814	0.10720821960451646	20.5	1.8333333333333333	0.07630872734184437	0.35148148148148156
172.505814	0.10720821960451646	20.5	1.8333333333333333	0.07630872734184437	0.35148148148148156
172.505814	0.10720821960451646	20.5	1.8333333333333333	0.07630872734184437	0.35148148148148156
172.505814	0.10720821960451646	20.5	1.8333333333333333	0.07630872734184437	0.35148148148148156
172.505814	0.10720821960451646	20.5	1.8333333333333333	0.07630872734184437	0.35148148148148156
172.505814	0.10720821960451646	20.5	1.8333333333333333	0.07630872734184437	0.35148148148148156
172.505814	0.10720821960451646	20.5	1.8333333333333333	0.07630872734184437	0.35148148148148156
172.505814	0.10720821960451646	20.5	1.8333333333333333	0.07630872734184437	0.35148148148148156
172.505814	0.10720821960451646	20.5	1.8333333333333333	0.07630872734184437	0.35148148148148156
172.505814	0.10720821960451646	20.5	1.8333333333333333	0.07630872734184437	0.35148148148148156
172.505814	0.10720821960451646	20.5	1.8333333333333333	0.07630872734184437	0.35148148148148156
172.505814	0.10720821960451646	20.5	1.8333333333333333	0.07630872734184437	0.35148148148148156
202.504950	0.11955095999188034	20.4	8.488888888888889	-0.01590258721215081	0.31111111111111106
202.504950	0.11955095999188034	20.4	8.488888888888889	-0.01590258721215081	0.31111111111111106
202.504950	0.11955095999188034	20.4	8.488888888888889	-0.01590258721215081	0.31111111111111106
202.504950	0.11955095999188034	20.4	8.488888888888889	-0.01590258721215081	0.31111111111111106
202.504950	0.11955095999188034	20.4	8.488888888888889	-0.01590258721215081	0.31111111111111106
202.504950	0.11955095999188034	20.4	8.488888888888889	-0.01590258721215081	0.31111111111111106
202.504950	0.11955095999188034	20.4	8.488888888888889	-0.01590258721215081	0.31111111111111106
202.504950	0.11955095999188034	20.4	8.488888888888889	-0.01590258721215081	0.31111111111111106
202.504950	0.11955095999188034	20.4	8.488888888888889	-0.01590258721215081	0.31111111111111106
202.504950	0.11955095999188034	20.4	8.488888888888889	-0.01590258721215081	0.31111111111111106
202.504950	0.11955095999188034	20.4	8.488888888888889	-0.01590258721215081	0.31111111111111106
202.504950	0.11955095999188034	20.4	8.488888888888889	-0.01590258721215081	0.31111111111111106
202.504950	0.11955095999188034	20.4	8.488888888888889	-0.01590258721215081	0.31111111111111106
202.504950	0.11955095999188034	20.4	8.488888888888889	-0.01590258721215081	0.31111111111111106
202.504950	0.11955095999188034	20.4	8.488888888888889	-0.01590258721215081	0.31111111111111106
202.504950	0.11955095999188034	20.4	8.488888888888889	-0.01590258721215081	0.31111111111111106
202.504950	0.11955095999188034	20.4	8.488888888888889	-0.01590258721215081	0.31111111111111106
202.504950	0.11955095999188034	20.4	8.488888888888889	-0.01590258721215081	0.31111111111111106
202.504950	0.11955095999188034	20.4	8.488888888888889	-0.01590258721215081	0.31111111111111106
202.504950	0.11955095999188034	20.4	8.488888888888889	-0.01590258721215081	0.31111111111111106
202.504950	0.11955095999188034	20.4	8.488888888888889	-0.01590258721215081	0.31111111111111106
202.504950	0.11955095999188034	20.4	8.488888888888889	-0.01590258721215081	0.31111111111111106
202.504950	0.11955095999188034	20.4	8.488888888888889	-0.01590258721215081	0.31111111111111106
202.504950	0.11955095999188034	20.4	8.488888888888889	-0.01590258721215081	0.31111111111111106
202.504950	0.11955095999188034	20.4	8.488888888888889	-0.01590258721215081	0.31111111111111106
202.504950	0.11955095999188034	20.4	8.488888888888889	-0.01590258721215081	0.31111111111111106
202.504950	0.11955095999188034	20.4	8.488888888888889	-0.01590258721215081	0.31111111111111106
202.504950	0.11955095999188034	20.4	8.488888888888889	-0.01590258721215081	0.31111111111111106
202.504950	0.11955095999188034	20.4	8.488888888888889	-0.01590258721215081	0.31111111111111106
202.504950	0.11955095999188034	20.4	8.488888888888889	-0.01590258721215081	0.31111111111111106
202.504950	0.11955095999188034	20.4	8.488888888888889	-0.01590258721215081	0.31111111111111106
202.504950	0.11955095999188034	20.4	8.488888888888889	-0.01590258721215081	0.31111111111111106
202.504950	0.11955095999188034	20.4	8.488888888888889	-0.01590258721215081	0.31111111111111106
202.504950	0.11955095999188034	20.4	8.488888888888889	-0.01590258721215081	0.31111111111111106
202.504950	0.11955095999188034	20.4	8.488888888888889	-0.01590258721215081	0.31111111111111106
202.504950	0.11955095999188034	20.4	8.488888888888889	-0.01590258721215081	0.31111111111111106
202.504950	0.11955095999188034	20.4	8.488888888888889	-0.01590258721215081	0.31111111111111106
202.504950	0.11655952027176675	20.3	11.566666666666666	0.0411613536541654	0.3381481481481482
202.504950	0.11655952027176675	20.3	11.566666666666666	0.0411613536541654	0.3381481481481482
202.504950	0.11655952027176675	20.3	11.566666666666666	0.0411613536541654	0.3381481481481482
202.504950	0.11655952027176675	20.3	11.566666666666666	0.0411613536541654	0.3381481481481482
202.504950	0.11655952027176675	20.3	11.566666666666666	0.0411613536541654	0.3381481481481482
202.504950	0.11655952027176675	20.3	11.566666666666666	0.0411613536541654	0.3381481481481482
202.504950	0.11655952027176675	20.3	11.566666666666666	0.0411613536541654	0.3381481481481482
202.504950	0.11655952027176675	20.3	11.566666666666666	0.0411613536541654	0.3381481481481482
202.504950	0.11655952027176675	20.3	11.566666666666666	0.0411613536541654	0.3381481481481482
202.504950	0.11655952027176675	20.3	11.566666666666666	0.0411613536541654	0.3381481481481482
202.504950	0.11655952027176675	20.3	11.566666666666666	0.0411613536541654	0.3381481481481482
202.504950	0.11655952027176675	20.3	11.566666666666666	0.0411613536541654	0.3381481481481482
202.504950	0.11655952027176675	20.3	11.566666666666666	0.0411613536541654	0.3381481481481482
202.504950	0.11655952027176675	20.3	11.566666666666666	0.0411613536541654	0.3381481481481482
202.504950	0.11655952027176675	20.3	11.566666666666666	0.0411613536541654	0.3381481481481482
202.504950	0.11655952027176675	20.3	11.566666666666666	0.0411613536541654	0.3381481481481482
202.504950	0.11655952027176675	20.3	11.566666666666666	0.0411613536541654	0.3381481481481482
202.504950	0.11655952027176675	20.3	11.566666666666666	0.0411613536541654	0.3381481481481482
202.504950	0.11655952027176675	20.3	11.566666666666666	0.0411613536541654	0.3381481481481482
202.504950	0.11655952027176675	20.3	11.566666666666666	0.0411613536541654	0.3381481481481482
202.504950	0.11655952027176675	20.3	11.566666666666666	0.0411613536541654	0.3381481481481482
202.504950	0.11655952027176675	20.3	11.566666666666666	0.0411613536541654	0.3381481481481482
202.504950	0.11655952027176675	20.3	11.566666666666666	0.0411613536541654	0.3381481481481482
202.504950	0.11655952027176675	20.3	11.566666666666666	0.0411613536541654	0.3381481481481482
202.504950	0.11655952027176675	20.3	11.566666666666666	0.0411613536541654	0.3381481481481482
202.504950	0.11655952027176675	20.3	11.566666666666666	0.0411613536541654	0.3381481481481482
202.504950	0.11655952027176675	20.3	11.566666666666666	0.0411613536541654	0.3381481481481482
202.504950	0.11655952027176675	20.3	11.566666666666666	0.0411613536541654	0.3381481481481482
202.504950	0.11655952027176675	20.3	11.566666666666666	0.0411613536541654	0.3381481481481482
202.504950	0.11655952027176675	20.3	11.566666666666666	0.0411613536541654	0.3381481481481482
202.504950	0.11655952027176675	20.3	11.566666666666666	0.0411613536541654	0.3381481481481482
202.504950	0.11655952027176675	20.3	11.566666666666666	0.0411613536541654	0.3381481481481482
202.504950	0.11655952027176675	20.3	11.566666666666666	0.0411613536541654	0.3381481481481482
202.504950	0.11655952027176675	20.3	11.566666666666666	0.0411613536541654	0.3381481481481482
202.504950	0.11655952027176675	20.3	11.566666666666666	0.0411613536541654	0.3381481481481482
202.504950	0.11655952027176675	20.3	11.566666666666666	0.0411613536541654	0.3381481481481482
212.504717	0.11312470822206597	19.9	8.766666666666667	-0.027347174289593938	0.32888888888888895
212.504717	0.11312470822206597	19.9	8.766666666666667	-0.027347174289593938	0.32888888888888895
212.504717	0.11312470822206597	19.9	8.766666666666667	-0.027347174289593938	0.32888888888888895
212.504717	0.11312470822206597	19.9	8.766666666666667	-0.027347174289593938	0.32888888888888895
212.504717	0.11312470822206597	19.9	8.766666666666667	-0.027347174289593938	0.32888888888888895
212.504717	0.11312470822206597	19.9	8.766666666666667	-0.027347174289593938	0.32888888888888895
212.504717	0.11312470822206597	19.9	8.766666666666667	-0.027347174289593938	0.32888888888888895
212.504717	0.11312470822206597	19.9	8.766666666666667	-0.027347174289593938	0.32888888888888895
212.504717	0.11312470822206597	19.9	8.766666666666667	-0.027347174289593938	0.32888888888888895
212.504717	0.11312470822206597	19.9	8.766666666666667	-0.027347174289593938	0.32888888888888895
212.504717	0.11312470822206597	19.9	8.766666666666667	-0.027347174289593938	0.32888888888888895
212.504717	0.11312470822206597	19.9	8.766666666666667	-0.027347174289593938	0.32888888888888895
212.504717	0.11312470822206597	19.9	8.766666666666667	-0.027347174289593938	0.32888888888888895
212.504717	0.11312470822206597	19.9	8.766666666666667	-0.027347174289593938	0.32888888888888895
212.504717	0.11312470822206597	19.9	8.766666666666667	-0.027347174289593938	0.32888888888888895
212.504717	0.11312470822206597	19.9	8.766666666666667	-0.027347174289593938	0.32888888888888895
212.504717	0.11312470822206597	19.9	8.766666666666667	-0.027347174289593938	0.32888888888888895
212.504717	0.11312470822206597	19.9	8.766666666666667	-0.027347174289593938	0.32888888888888895
212.504717	0.11312470822206597	19.9	8.766666666666667	-0.027347174289593938	0.32888888888888895
212.504717	0.11312470822206597	19.9	8.766666666666667	-0.027347174289593938	0.32888888888888895
212.504717	0.11312470822206597	19.9	8.766666666666667	-0.027347174289593938	0.32888888888888895
212.504717	0.11312470822206597	19.9	8.766666666666667	-0.027347174289593938	0.32888888888888895
212.504717	0.11312470822206597	19.9	8.766666666666667	-0.027347174289593938	0.32888888888888895
212.504717	0.11312470822206597	19.9	8.766666666666667	-0.027347174289593938	0.32888888888888895
212.504717	0.11312470822206597	19.9	8.766666666666667	-0.027347174289593938	0.32888888888888895
212.504717	0.11312470822206597	19.9	8.766666666666667	-0.027347174289593938	0.32888888888888895
212.504717	0.11312470822206597	19.9	8.766666666666667	-0.027347174289593938	0.32888888888888895
212.504717	0.11312470822206597	19.9	8.766666666666667	-0.027347174289593938	0.32888888888888895
212.504717	0.11312470822206597	19.9	8.766666666666667	-0.027347174289593938	0.32888888888888895
212.504717	0.11312470822206597	19.9	8.766666666666667	-0.027347174289593938	0.32888888888888895
212.504717	0.11312470822206597	19.9	8.766666666666667	-0.027347174289593938	0.32888888888888895
212.504717	0.11312470822206597	19.9	8.766666666666667	-0.027347174289593938	0.32888888888888895
212.504717	0.11312470822206597	19.9	8.766666666666667	-0.027347174289593938	0.32888888888888895
212.504717	0.11312470822206597	19.9	8.766666666666667	-0.027347174289593938	0.32888888888888895
212.504717	0.11312470822206597	19.9	8.766666666666667	-0.027347174289593938	0.32888888888888895
212.504717	0.11312470822206597	19.9	8.766666666666667	-0.027347174289593938	0.32888888888888895
244.504098	0.10879031015393434	19.5	10.5	0.043110375320952105	0.36518518518518517
244.504098	0.10879031015393434	19.5	10.5	0.043110375320952105	0.36518518518518517
244.504098	0.10879031015393434	19.5	10.5	0.043110375320952105	0.36518518518518517
244.504098	0.10879031015393434	19.5	10.5	0.043110375320952105	0.36518518518518517
244.504098	0.10879031015393434	19.5	10.5	0.043110375320952105	0.36518518518518517
244.504098	0.10879031015393434	19.5	10.5	0.043110375320952105	0.36518518518518517
244.504098	0.10879031015393434	19.5	10.5	0.043110375320952105	0.36518518518518517
244.504098	0.10879031015393434	19.5	10.5	0.043110375320952105	0.36518518518518517
244.504098	0.10879031015393434	19.5	10.5	0.043110375320952105	0.36518518518518517
244.504098	0.10879031015393434	19.5	10.5	0.043110375320952105	0.36518518518518517
244.504098	0.10879031015393434	19.5	10.5	0.043110375320952105	0.36518518518518517
244.504098	0.10879031015393434	19.5	10.5	0.043110375320952105	0.36518518518518517
244.504098	0.10879031015393434	19.5	10.5	0.043110375320952105	0.36518518518518517
244.504098	0.10879031015393434	19.5	10.5	0.043110375320952105	0.36518518518518517
244.504098	0.10879031015393434	19.5	10.5	0.043110375320952105	0.36518518518518517
244.504098	0.10879031015393434	19.5	10.5	0.043110375320952105	0.36518518518518517
244.504098	0.10879031015393434	19.5	10.5	0.043110375320952105	0.36518518518518517
244.504098	0.10879031015393434	19.5	10.5	0.043110375320952105	0.36518518518518517
244.504098	0.10879031015393434	19.5	10.5	0.043110375320952105	0.36518518518518517
244.504098	0.10879031015393434	19.5	10.5	0.043110375320952105	0.36518518518518517
244.504098	0.10879031015393434	19.5	10.5	0.043110375320952105	0.36518518518518517
244.504098	0.10879031015393434	19.5	10.5	0.043110375320952105	0.36518518518518517
244.504098	0.10879031015393434	19.5	10.5	0.043110375320952105	0.36518518518518517
244.504098	0.10879031015393434	19.5	10.5	0.043110375320952105	0.36518518518518517
244.504098	0.10879031015393434	19.5	10.5	0.043110375320952105	0.36518518518518517
244.504098	0.10879031015393434	19.5	10.5	0.043110375320952105	0.36518518518518517
244.504098	0.10879031015393434	19.5	10.5	0.043110375320952105	0.36518518518518517
244.504098	0.10879031015393434	19.5	10.5	0.043110375320952105	0.36518518518518517
244.504098	0.10879031015393434	19.5	10.5	0.043110375320952105	0.36518518518518517
244.504098	0.10879031015393434	19.5	10.5	0.043110375320952105	0.36518518518518517
244.504098	0.10879031015393434	19.5	10.5	0.043110375320952105	0.36518518518518517
244.504098	0.10879031015393434	19.5	10.5	0.043110375320952105	0.36518518518518517
244.504098	0.10879031015393434	19.5	10.5	0.043110375320952105	0.36518518518518517
244.504098	0.10879031015393434	19.5	10.5	0.043110375320952105	0.36518518518518517
158.506329	0.11438455438249039	20.5	3.8333333333333335	-0.013308082252815205	0.3196296296296296
158.506329	0.11438455438249039	20.5	3.8333333333333335	-0.013308082252815205	0.3196296296296296
158.506329	0.11438455438249039	20.5	3.8333333333333335	-0.013308082252815205	0.3196296296296296
158.506329	0.11438455438249039	20.5	3.8333333333333335	-0.013308082252815205	0.3196296296296296
158.506329	0.11438455438249039	20.5	3.8333333333333335	-0.013308082252815205	0.3196296296296296
158.506329	0.11438455438249039	20.5	3.8333333333333335	-0.013308082252815205	0.3196296296296296
158.506329	0.11438455438249039	20.5	3.8333333333333335	-0.013308082252815205	0.3196296296296296
158.506329	0.11438455438249039	20.5	3.8333333333333335	-0.013308082252815205	0.3196296296296296
158.506329	0.11438455438249039	20.5	3.8333333333333335	-0.013308082252815205	0.3196296296296296
158.506329	0.11438455438249039	20.5	3.8333333333333335	-0.013308082252815205	0.3196296296296296
158.506329	0.11438455438249039	20.5	3.8333333333333335	-0.013308082252815205	0.3196296296296296
158.506329	0.11438455438249039	20.5	3.8333333333333335	-0.013308082252815205	0.3196296296296296
158.506329	0.11438455438249039	20.5	3.8333333333333335	-0.013308082252815205	0.3196296296296296
158.506329	0.11438455438249039	20.5	3.8333333333333335	-0.013308082252815205	0.3196296296296296
158.506329	0.11438455438249039	20.5	3.8333333333333335	-0.013308082252815205	0.3196296296296296
158.506329	0.11438455438249039	20.5	3.8333333333333335	-0.013308082252815205	0.3196296296296296
158.506329	0.11438455438249039	20.5	3.8333333333333335	-0.013308082252815205	0.3196296296296296
158.506329	0.11438455438249039	20.5	3.8333333333333335	-0.013308082252815205	0.3196296296296296
158.506329	0.11438455438249039	20.5	3.8333333333333335	-0.013308082252815205	0.3196296296296296
158.506329	0.11438455438249039	20.5	3.8333333333333335	-0.013308082252815205	0.3196296296296296
158.506329	0.11438455438249039	20.5	3.8333333333333335	-0.013308082252815205	0.3196296296296296
158.506329	0.11438455438249039	20.5	3.8333333333333335	-0.013308082252815205	0.3196296296296296
158.506329	0.11438455438249039	20.5	3.8333333333333335	-0.013308082252815205	0.3196296296296296
158.506329	0.11438455438249039	20.5	3.8333333333333335	-0.013308082252815205	0.3196296296296296
158.506329	0.11438455438249039	20.5	3.8333333333333335	-0.013308082252815205	0.3196296296296296
158.506329	0.11438455438249039	20.5	3.8333333333333335	-0.013308082252815205	0.3196296296296296
158.506329	0.11438455438249039	20.5	3.8333333333333335	-0.013308082252815205	0.3196296296296296
158.506329	0.11438455438249039	20.5	3.8333333333333335	-0.013308082252815205	0.3196296296296296
158.506329	0.11438455438249039	20.5	3.8333333333333335	-0.013308082252815205	0.3196296296296296
158.506329	0.11438455438249039	20.5	3.8333333333333335	-0.013308082252815205	0.3196296296296296
158.506329	0.11438455438249039	20.5	3.8333333333333335	-0.013308082252815205	0.3196296296296296
158.506329	0.11438455438249039	20.5	3.8333333333333335	-0.013308082252815205	0.3196296296296296
158.506329	0.11438455438249039	20.5	3.8333333333333335	-0.013308082252815205	0.3196296296296296
158.506329	0.11438455438249039	20.5	3.8333333333333335	-0.013308082252815205	0.3196296296296296
158.506329	0.11438455438249039	20.5	3.8333333333333335	-0.013308082252815205	0.3196296296296296
158.506329	0.11438455438249039	20.5	3.8333333333333335	-0.013308082252815205	0.3196296296296296
158.506329	0.11438455438249039	20.5	3.8333333333333335	-0.013308082252815205	0.3196296296296296
158.506329	0.11438455438249039	20.5	3.8333333333333335	-0.013308082252815205	0.3196296296296296
198.505051	0.10421677710141461	19.9	5.655555555555555	-0.037027284850568186	0.32370370370370366
198.505051	0.10421677710141461	19.9	5.655555555555555	-0.037027284850568186	0.32370370370370366
198.505051	0.10421677710141461	19.9	5.655555555555555	-0.037027284850568186	0.32370370370370366
198.505051	0.10421677710141461	19.9	5.655555555555555	-0.037027284850568186	0.32370370370370366
198.505051	0.10421677710141461	19.9	5.655555555555555	-0.037027284850568186	0.32370370370370366
198.505051	0.10421677710141461	19.9	5.655555555555555	-0.037027284850568186	0.32370370370370366
198.505051	0.10421677710141461	19.9	5.655555555555555	-0.037027284850568186	0.32370370370370366
198.505051	0.10421677710141461	19.9	5.655555555555555	-0.037027284850568186	0.32370370370370366
198.505051	0.10421677710141461	19.9	5.655555555555555	-0.037027284850568186	0.32370370370370366
198.505051	0.10421677710141461	19.9	5.655555555555555	-0.037027284850568186	0.32370370370370366
198.505051	0.10421677710141461	19.9	5.655555555555555	-0.037027284850568186	0.32370370370370366
198.505051	0.10421677710141461	19.9	5.655555555555555	-0.037027284850568186	0.32370370370370366
198.505051	0.10421677710141461	19.9	5.655555555555555	-0.037027284850568186	0.32370370370370366
198.505051	0.10421677710141461	19.9	5.655555555555555	-0.037027284850568186	0.32370370370370366
198.505051	0.10421677710141461	19.9	5.655555555555555	-0.037027284850568186	0.32370370370370366
198.505051	0.10421677710141461	19.9	5.655555555555555	-0.037027284850568186	0.32370370370370366
198.505051	0.10421677710141461	19.9	5.655555555555555	-0.037027284850568186	0.32370370370370366
198.505051	0.10421677710141461	19.9	5.655555555555555	-0.037027284850568186	0.32370370370370366
198.505051	0.10421677710141461	19.9	5.655555555555555	-0.037027284850568186	0.32370370370370366
198.505051	0.10421677710141461	19.9	5.655555555555555	-0.037027284850568186	0.32370370370370366
198.505051	0.10421677710141461	19.9	5.655555555555555	-0.037027284850568186	0.32370370370370366
198.505051	0.10421677710141461	19.9	5.655555555555555	-0.037027284850568186	0.32370370370370366
198.505051	0.10421677710141461	19.9	5.655555555555555	-0.037027284850568186	0.32370370370370366
198.505051	0.10421677710141461	19.9	5.655555555555555	-0.037027284850568186	0.32370370370370366
198.505051	0.10421677710141461	19.9	5.655555555555555	-0.037027284850568186	0.32370370370370366
198.505051	0.10421677710141461	19.9	5.655555555555555	-0.037027284850568186	0.32370370370370366
198.505051	0.10421677710141461	19.9	5.655555555555555	-0.037027284850568186	0.32370370370370366
198.505051	0.10421677710141461	19.9	5.655555555555555	-0.037027284850568186	0.32370370370370366
198.505051	0.10421677710141461	19.9	5.655555555555555	-0.037027284850568186	0.32370370370370366
198.505051	0.10421677710141461	19.9	5.655555555555555	-0.037027284850568186	0.32370370370370366
198.505051	0.10421677710141461	19.9	5.655555555555555	-0.037027284850568186	0.32370370370370366
198.505051	0.10421677710141461	19.9	5.655555555555555	-0.037027284850568186	0.32370370370370366
198.505051	0.10421677710141461	19.9	5.655555555555555	-0.037027284850568186	0.32370370370370366
198.505051	0.10421677710141461	19.9	5.655555555555555	-0.037027284850568186	0.32370370370370366
198.505051	0.10421677710141461	19.9	5.655555555555555	-0.037027284850568186	0.32370370370370366
198.505051	0.10421677710141461	19.9	5.655555555555555	-0.037027284850568186	0.32370370370370366
198.505051	0.10421677710141461	19.9	5.655555555555555	-0.037027284850568186	0.32370370370370366
186.505376	0.11192744605220079	18.9	9.433333333333332	-0.0007755698905358802	0.362962962962963
186.505376	0.11192744605220079	18.9	9.433333333333332	-0.0007755698905358802	0.362962962962963
186.505376	0.11192744605220079	18.9	9.433333333333332	-0.0007755698905358802	0.362962962962963
186.505376	0.11192744605220079	18.9	9.433333333333332	-0.0007755698905358802	0.362962962962963
186.505376	0.11192744605220079	18.9	9.433333333333332	-0.0007755698905358802	0.362962962962963
186.505376	0.11192744605220079	18.9	9.433333333333332	-0.0007755698905358802	0.362962962962963
186.505376	0.11192744605220079	18.9	9.433333333333332	-0.0007755698905358802	0.362962962962963
186.505376	0.11192744605220079	18.9	9.433333333333332	-0.0007755698905358802	0.362962962962963
186.505376	0.11192744605220079	18.9	9.433333333333332	-0.0007755698905358802	0.362962962962963
186.505376	0.11192744605220079	18.9	9.433333333333332	-0.0007755698905358802	0.362962962962963
186.505376	0.11192744605220079	18.9	9.433333333333332	-0.0007755698905358802	0.362962962962963
186.505376	0.11192744605220079	18.9	9.433333333333332	-0.0007755698905358802	0.362962962962963
186.505376	0.11192744605220079	18.9	9.433333333333332	-0.0007755698905358802	0.362962962962963
186.505376	0.11192744605220079	18.9	9.433333333333332	-0.0007755698905358802	0.362962962962963
186.505376	0.11192744605220079	18.9	9.433333333333332	-0.0007755698905358802	0.362962962962963
186.505376	0.11192744605220079	18.9	9.433333333333332	-0.0007755698905358802	0.362962962962963
186.505376	0.11192744605220079	18.9	9.433333333333332	-0.0007755698905358802	0.362962962962963
186.505376	0.11192744605220079	18.9	9.433333333333332	-0.0007755698905358802	0.362962962962963
186.505376	0.11192744605220079	18.9	9.433333333333332	-0.0007755698905358802	0.362962962962963
186.505376	0.11192744605220079	18.9	9.433333333333332	-0.0007755698905358802	0.362962962962963
186.505376	0.11192744605220079	18.9	9.433333333333332	-0.0007755698905358802	0.362962962962963
186.505376	0.11192744605220079	18.9	9.433333333333332	-0.0007755698905358802	0.362962962962963
186.505376	0.11192744605220079	18.9	9.433333333333332	-0.0007755698905358802	0.362962962962963
186.505376	0.11192744605220079	18.9	9.433333333333332	-0.0007755698905358802	0.362962962962963
186.505376	0.11192744605220079	18.9	9.433333333333332	-0.0007755698905358802	0.362962962962963
186.505376	0.11192744605220079	18.9	9.433333333333332	-0.0007755698905358802	0.362962962962963
186.505376	0.11192744605220079	18.9	9.433333333333332	-0.0007755698905358802	0.362962962962963
186.505376	0.11192744605220079	18.9	9.433333333333332	-0.0007755698905358802	0.362962962962963
186.505376	0.11192744605220079	18.9	9.433333333333332	-0.0007755698905358802	0.362962962962963
186.505376	0.11192744605220079	18.9	9.433333333333332	-0.0007755698905358802	0.362962962962963
186.505376	0.11192744605220079	18.9	9.433333333333332	-0.0007755698905358802	0.362962962962963
186.505376	0.11192744605220079	18.9	9.433333333333332	-0.0007755698905358802	0.362962962962963
186.505376	0.11192744605220079	18.9	9.433333333333332	-0.0007755698905358802	0.362962962962963
186.505376	0.11192744605220079	18.9	9.433333333333332	-0.0007755698905358802	0.362962962962963
186.505376	0.11192744605220079	18.9	9.433333333333332	-0.0007755698905358802	0.362962962962963
186.505376	0.11192744605220079	18.9	9.433333333333332	-0.0007755698905358802	0.362962962962963
248.504032	0.10301293107831118	20.0	4.0	0.0010458030630749978	0.33
248.504032	0.10301293107831118	20.0	4.0	0.0010458030630749978	0.33
248.504032	0.10301293107831118	20.0	4.0	0.0010458030630749978	0.33
248.504032	0.10301293107831118	20.0	4.0	0.0010458030630749978	0.33
248.504032	0.10301293107831118	20.0	4.0	0.0010458030630749978	0.33
248.504032	0.10301293107831118	20.0	4.0	0.0010458030630749978	0.33
248.504032	0.10301293107831118	20.0	4.0	0.0010458030630749978	0.33
248.504032	0.10301293107831118	20.0	4.0	0.0010458030630749978	0.33
248.504032	0.10301293107831118	20.0	4.0	0.0010458030630749978	0.33
248.504032	0.10301293107831118	20.0	4.0	0.0010458030630749978	0.33
248.504032	0.10301293107831118	20.0	4.0	0.0010458030630749978	0.33
248.504032	0.10301293107831118	20.0	4.0	0.0010458030630749978	0.33
248.504032	0.10301293107831118	20.0	4.0	0.0010458030630749978	0.33
248.504032	0.10301293107831118	20.0	4.0	0.0010458030630749978	0.33
248.504032	0.10301293107831118	20.0	4.0	0.0010458030630749978	0.33
248.504032	0.10301293107831118	20.0	4.0	0.0010458030630749978	0.33
248.504032	0.10301293107831118	20.0	4.0	0.0010458030630749978	0.33
248.504032	0.10301293107831118	20.0	4.0	0.0010458030630749978	0.33
248.504032	0.10301293107831118	20.0	4.0	0.0010458030630749978	0.33
248.504032	0.10301293107831118	20.0	4.0	0.0010458030630749978	0.33
248.504032	0.10301293107831118	20.0	4.0	0.0010458030630749978	0.33
248.504032	0.10301293107831118	20.0	4.0	0.0010458030630749978	0.33
248.504032	0.10301293107831118	20.0	4.0	0.0010458030630749978	0.33
248.504032	0.10301293107831118	20.0	4.0	0.0010458030630749978	0.33
248.504032	0.10301293107831118	20.0	4.0	0.0010458030630749978	0.33
248.504032	0.10301293107831118	20.0	4.0	0.0010458030630749978	0.33
248.504032	0.10301293107831118	20.0	4.0	0.0010458030630749978	0.33
248.504032	0.10301293107831118	20.0	4.0	0.0010458030630749978	0.33
248.504032	0.10301293107831118	20.0	4.0	0.0010458030630749978	0.33
248.504032	0.10301293107831118	20.0	4.0	0.0010458030630749978	0.33
248.504032	0.10301293107831118	20.0	4.0	0.0010458030630749978	0.33
248.504032	0.10301293107831118	20.0	4.0	0.0010458030630749978	0.33
248.504032	0.10301293107831118	20.0	4.0	0.0010458030630749978	0.33
248.504032	0.10301293107831118	20.0	4.0	0.0010458030630749978	0.33
248.504032	0.10301293107831118	20.0	4.0	0.0010458030630749978	0.33
248.504032	0.10301293107831118	20.0	4.0	0.0010458030630749978	0.33
242.504132	0.12294025956924898	21.1	9.877777777777776	0.0341034980460353	0.3096296296296296
242.504132	0.12294025956924898	21.1	9.877777777777776	0.0341034980460353	0.3096296296296296
242.504132	0.12294025956924898	21.1	9.877777777777776	0.0341034980460353	0.3096296296296296
242.504132	0.12294025956924898	21.1	9.877777777777776	0.0341034980460353	0.3096296296296296
242.504132	0.12294025956924898	21.1	9.877777777777776	0.0341034980460353	0.3096296296296296
242.504132	0.12294025956924898	21.1	9.877777777777776	0.0341034980460353	0.3096296296296296
242.504132	0.12294025956924898	21.1	9.877777777777776	0.0341034980460353	0.3096296296296296
242.504132	0.12294025956924898	21.1	9.877777777777776	0.0341034980460353	0.3096296296296296
242.504132	0.12294025956924898	21.1	9.877777777777776	0.0341034980460353	0.3096296296296296
242.504132	0.12294025956924898	21.1	9.877777777777776	0.0341034980460353	0.3096296296296296
242.504132	0.12294025956924898	21.1	9.877777777777776	0.0341034980460353	0.3096296296296296
242.504132	0.12294025956924898	21.1	9.877777777777776	0.0341034980460353	0.3096296296296296
242.504132	0.12294025956924898	21.1	9.877777777777776	0.0341034980460353	0.3096296296296296
242.504132	0.12294025956924898	21.1	9.877777777777776	0.0341034980460353	0.3096296296296296
242.504132	0.12294025956924898	21.1	9.877777777777776	0.0341034980460353	0.3096296296296296
242.504132	0.12294025956924898	21.1	9.877777777777776	0.0341034980460353	0.3096296296296296
242.504132	0.12294025956924898	21.1	9.877777777777776	0.0341034980460353	0.3096296296296296
242.504132	0.12294025956924898	21.1	9.877777777777776	0.0341034980460353	0.3096296296296296
242.504132	0.12294025956924898	21.1	9.877777777777776	0.0341034980460353	0.3096296296296296
242.504132	0.12294025956924898	21.1	9.877777777777776	0.0341034980460353	0.3096296296296296
242.504132	0.12294025956924898	21.1	9.877777777777776	0.0341034980460353	0.3096296296296296
242.504132	0.12294025956924898	21.1	9.877777777777776	0.0341034980460353	0.3096296296296296
242.504132	0.12294025956924898	21.1	9.877777777777776	0.0341034980460353	0.3096296296296296
242.504132	0.12294025956924898	21.1	9.877777777777776	0.0341034980460353	0.3096296296296296
242.504132	0.12294025956924898	21.1	9.877777777777776	0.0341034980460353	0.3096296296296296
242.504132	0.12294025956924898	21.1	9.877777777777776	0.0341034980460353	0.3096296296296296
242.504132	0.12294025956924898	21.1	9.877777777777776	0.0341034980460353	0.3096296296296296
242.504132	0.12294025956924898	21.1	9.877777777777776	0.0341034980460353	0.3096296296296296
242.504132	0.12294025956924898	21.1	9.877777777777776	0.0341034980460353	0.3096296296296296
242.504132	0.12294025956924898	21.1	9.877777777777776	0.0341034980460353	0.3096296296296296
242.504132	0.12294025956924898	21.1	9.877777777777776	0.0341034980460353	0.3096296296296296
242.504132	0.12294025956924898	21.1	9.877777777777776	0.0341034980460353	0.3096296296296296
242.504132	0.12294025956924898	21.1	9.877777777777776	0.0341034980460353	0.3096296296296296
242.504132	0.12294025956924898	21.1	9.877777777777776	0.0341034980460353	0.3096296296296296
242.504132	0.12294025956924898	21.1	9.877777777777776	0.0341034980460353	0.3096296296296296
210.504762	0.11387277218725661	19.9	7.433333333333334	0.011468750317060128	0.3548148148148149
210.504762	0.11387277218725661	19.9	7.433333333333334	0.011468750317060128	0.3548148148148149
210.504762	0.11387277218725661	19.9	7.433333333333334	0.011468750317060128	0.3548148148148149
210.504762	0.11387277218725661	19.9	7.433333333333334	0.011468750317060128	0.3548148148148149
210.504762	0.11387277218725661	19.9	7.433333333333334	0.011468750317060128	0.3548148148148149
210.504762	0.11387277218725661	19.9	7.433333333333334	0.011468750317060128	0.3548148148148149
210.504762	0.11387277218725661	19.9	7.433333333333334	0.011468750317060128	0.3548148148148149
210.504762	0.11387277218725661	19.9	7.433333333333334	0.011468750317060128	0.3548148148148149
210.504762	0.11387277218725661	19.9	7.433333333333334	0.011468750317060128	0.3548148148148149
210.504762	0.11387277218725661	19.9	7.433333333333334	0.011468750317060128	0.3548148148148149
210.504762	0.11387277218725661	19.9	7.433333333333334	0.011468750317060128	0.3548148148148149
210.504762	0.11387277218725661	19.9	7.433333333333334	0.011468750317060128	0.3548148148148149
210.504762	0.11387277218725661	19.9	7.433333333333334	0.011468750317060128	0.3548148148148149
210.504762	0.11387277218725661	19.9	7.433333333333334	0.011468750317060128	0.3548148148148149
210.504762	0.11387277218725661	19.9	7.433333333333334	0.011468750317060128	0.3548148148148149
210.504762	0.11387277218725661	19.9	7.433333333333334	0.011468750317060128	0.3548148148148149
210.504762	0.11387277218725661	19.9	7.433333333333334	0.011468750317060128	0.3548148148148149
210.504762	0.11387277218725661	19.9	7.433333333333334	0.011468750317060128	0.3548148148148149
210.504762	0.11387277218725661	19.9	7.433333333333334	0.011468750317060128	0.3548148148148149
210.504762	0.11387277218725661	19.9	7.433333333333334	0.011468750317060128	0.3548148148148149
210.504762	0.11387277218725661	19.9	7.433333333333334	0.011468750317060128	0.3548148148148149
210.504762	0.11387277218725661	19.9	7.433333333333334	0.011468750317060128	0.3548148148148149
210.504762	0.11387277218725661	19.9	7.433333333333334	0.011468750317060128	0.3548148148148149
210.504762	0.11387277218725661	19.9	7.433333333333334	0.011468750317060128	0.3548148148148149
210.504762	0.11387277218725661	19.9	7.433333333333334	0.011468750317060128	0.3548148148148149
210.504762	0.11387277218725661	19.9	7.433333333333334	0.011468750317060128	0.3548148148148149
210.504762	0.11387277218725661	19.9	7.433333333333334	0.011468750317060128	0.3548148148148149
210.504762	0.11387277218725661	19.9	7.433333333333334	0.011468750317060128	0.3548148148148149
210.504762	0.11387277218725661	19.9	7.433333333333334	0.011468750317060128	0.3548148148148149
210.504762	0.11387277218725661	19.9	7.433333333333334	0.011468750317060128	0.3548148148148149
210.504762	0.11387277218725661	19.9	7.433333333333334	0.011468750317060128	0.3548148148148149
210.504762	0.11387277218725661	19.9	7.433333333333334	0.011468750317060128	0.3548148148148149
210.504762	0.11387277218725661	19.9	7.433333333333334	0.011468750317060128	0.3548148148148149
210.504762	0.11387277218725661	19.9	7.433333333333334	0.011468750317060128	0.3548148148148149
210.504762	0.11387277218725661	19.9	7.433333333333334	0.011468750317060128	0.3548148148148149
210.504762	0.11387277218725661	19.9	7.433333333333334	0.011468750317060128	0.3548148148148149
228.504386	0.10455578568288092	20.0	5.111111111111111	0.042230991033390154	0.3499999999999999
228.504386	0.10455578568288092	20.0	5.111111111111111	0.042230991033390154	0.3499999999999999
228.504386	0.10455578568288092	20.0	5.111111111111111	0.042230991033390154	0.3499999999999999
228.504386	0.10455578568288092	20.0	5.111111111111111	0.042230991033390154	0.3499999999999999
228.504386	0.10455578568288092	20.0	5.111111111111111	0.042230991033390154	0.3499999999999999
228.504386	0.10455578568288092	20.0	5.111111111111111	0.042230991033390154	0.3499999999999999
228.504386	0.10455578568288092	20.0	5.111111111111111	0.042230991033390154	0.3499999999999999
228.504386	0.10455578568288092	20.0	5.111111111111111	0.042230991033390154	0.3499999999999999
228.504386	0.10455578568288092	20.0	5.111111111111111	0.042230991033390154	0.3499999999999999
228.504386	0.10455578568288092	20.0	5.111111111111111	0.042230991033390154	0.3499999999999999
228.504386	0.10455578568288092	20.0	5.111111111111111	0.042230991033390154	0.3499999999999999
228.504386	0.10455578568288092	20.0	5.111111111111111	0.042230991033390154	0.3499999999999999
228.504386	0.10455578568288092	20.0	5.111111111111111	0.042230991033390154	0.3499999999999999
228.504386	0.10455578568288092	20.0	5.111111111111111	0.042230991033390154	0.3499999999999999
228.504386	0.10455578568288092	20.0	5.111111111111111	0.042230991033390154	0.3499999999999999
228.504386	0.10455578568288092	20.0	5.111111111111111	0.042230991033390154	0.3499999999999999
228.504386	0.10455578568288092	20.0	5.111111111111111	0.042230991033390154	0.3499999999999999
228.504386	0.10455578568288092	20.0	5.111111111111111	0.042230991033390154	0.3499999999999999
228.504386	0.10455578568288092	20.0	5.111111111111111	0.042230991033390154	0.3499999999999999
228.504386	0.10455578568288092	20.0	5.111111111111111	0.042230991033390154	0.3499999999999999
228.504386	0.10455578568288092	20.0	5.111111111111111	0.042230991033390154	0.3499999999999999
228.504386	0.10455578568288092	20.0	5.111111111111111	0.042230991033390154	0.3499999999999999
228.504386	0.10455578568288092	20.0	5.111111111111111	0.042230991033390154	0.3499999999999999
228.504386	0.10455578568288092	20.0	5.111111111111111	0.042230991033390154	0.3499999999999999
228.504386	0.10455578568288092	20.0	5.111111111111111	0.042230991033390154	0.3499999999999999
228.504386	0.10455578568288092	20.0	5.111111111111111	0.042230991033390154	0.3499999999999999
228.504386	0.10455578568288092	20.0	5.111111111111111	0.042230991033390154	0.3499999999999999
228.504386	0.10455578568288092	20.0	5.111111111111111	0.042230991033390154	0.3499999999999999
228.504386	0.10455578568288092	20.0	5.111111111111111	0.042230991033390154	0.3499999999999999
228.504386	0.10455578568288092	20.0	5.111111111111111	0.042230991033390154	0.3499999999999999
228.504386	0.10455578568288092	20.0	5.111111111111111	0.042230991033390154	0.3499999999999999
228.504386	0.10455578568288092	20.0	5.111111111111111	0.042230991033390154	0.3499999999999999
228.504386	0.10455578568288092	20.0	5.111111111111111	0.042230991033390154	0.3499999999999999
228.504386	0.10455578568288092	20.0	5.111111111111111	0.042230991033390154	0.3499999999999999
228.504386	0.10455578568288092	20.0	5.111111111111111	0.042230991033390154	0.3499999999999999
228.504386	0.10455578568288092	20.0	5.111111111111111	0.042230991033390154	0.3499999999999999
228.504386	0.10455578568288092	20.0	5.111111111111111	0.042230991033390154	0.3499999999999999
198.505051	0.11043855464063211	18.9	4.988888888888888	-0.07099992764968652	0.3418518518518519
198.505051	0.11043855464063211	18.9	4.988888888888888	-0.07099992764968652	0.3418518518518519
198.505051	0.11043855464063211	18.9	4.988888888888888	-0.07099992764968652	0.3418518518518519
198.505051	0.11043855464063211	18.9	4.988888888888888	-0.07099992764968652	0.3418518518518519
198.505051	0.11043855464063211	18.9	4.988888888888888	-0.07099992764968652	0.3418518518518519
198.505051	0.11043855464063211	18.9	4.988888888888888	-0.07099992764968652	0.3418518518518519
198.505051	0.11043855464063211	18.9	4.988888888888888	-0.07099992764968652	0.3418518518518519
198.505051	0.11043855464063211	18.9	4.988888888888888	-0.07099992764968652	0.3418518518518519
198.505051	0.11043855464063211	18.9	4.988888888888888	-0.07099992764968652	0.3418518518518519
198.505051	0.11043855464063211	18.9	4.988888888888888	-0.07099992764968652	0.3418518518518519
198.505051	0.11043855464063211	18.9	4.988888888888888	-0.07099992764968652	0.3418518518518519
198.505051	0.11043855464063211	18.9	4.988888888888888	-0.07099992764968652	0.3418518518518519
198.505051	0.11043855464063211	18.9	4.988888888888888	-0.07099992764968652	0.3418518518518519
198.505051	0.11043855464063211	18.9	4.988888888888888	-0.07099992764968652	0.3418518518518519
198.505051	0.11043855464063211	18.9	4.988888888888888	-0.07099992764968652	0.3418518518518519
198.505051	0.11043855464063211	18.9	4.988888888888888	-0.07099992764968652	0.3418518518518519
198.505051	0.11043855464063211	18.9	4.988888888888888	-0.07099992764968652	0.3418518518518519
198.505051	0.11043855464063211	18.9	4.988888888888888	-0.07099992764968652	0.3418518518518519
198.505051	0.11043855464063211	18.9	4.988888888888888	-0.07099992764968652	0.3418518518518519
198.505051	0.11043855464063211	18.9	4.988888888888888	-0.07099992764968652	0.3418518518518519
198.505051	0.11043855464063211	18.9	4.988888888888888	-0.07099992764968652	0.3418518518518519
198.505051	0.11043855464063211	18.9	4.988888888888888	-0.07099992764968652	0.3418518518518519
198.505051	0.11043855464063211	18.9	4.988888888888888	-0.07099992764968652	0.3418518518518519
198.505051	0.11043855464063211	18.9	4.988888888888888	-0.07099992764968652	0.3418518518518519
198.505051	0.11043855464063211	18.9	4.988888888888888	-0.07099992764968652	0.3418518518518519
198.505051	0.11043855464063211	18.9	4.988888888888888	-0.07099992764968652	0.3418518518518519
198.505051	0.11043855464063211	18.9	4.988888888888888	-0.07099992764968652	0.3418518518518519
198.505051	0.11043855464063211	18.9	4.988888888888888	-0.07099992764968652	0.3418518518518519
198.505051	0.11043855464063211	18.9	4.988888888888888	-0.07099992764968652	0.3418518518518519
198.505051	0.11043855464063211	18.9	4.988888888888888	-0.07099992764968652	0.3418518518518519
198.505051	0.11043855464063211	18.9	4.988888888888888	-0.07099992764968652	0.3418518518518519
198.505051	0.11043855464063211	18.9	4.988888888888888	-0.07099992764968652	0.3418518518518519
198.505051	0.11043855464063211	18.9	4.988888888888888	-0.07099992764968652	0.3418518518518519
198.505051	0.11043855464063211	18.9	4.988888888888888	-0.07099992764968652	0.3418518518518519
198.505051	0.11043855464063211	18.9	4.988888888888888	-0.07099992764968652	0.3418518518518519
198.505051	0.11043855464063211	18.9	4.988888888888888	-0.07099992764968652	0.3418518518518519
198.505051	0.11043855464063211	18.9	4.988888888888888	-0.07099992764968652	0.3418518518518519
182.505495	0.11762747547676915	21.0	3.111111111111111	0.11769892363745581	0.3366666666666667
182.505495	0.11762747547676915	21.0	3.111111111111111	0.11769892363745581	0.3366666666666667
182.505495	0.11762747547676915	21.0	3.111111111111111	0.11769892363745581	0.3366666666666667
182.505495	0.11762747547676915	21.0	3.111111111111111	0.11769892363745581	0.3366666666666667
182.505495	0.11762747547676915	21.0	3.111111111111111	0.11769892363745581	0.3366666666666667
182.505495	0.11762747547676915	21.0	3.111111111111111	0.11769892363745581	0.3366666666666667
182.505495	0.11762747547676915	21.0	3.111111111111111	0.11769892363745581	0.3366666666666667
182.505495	0.11762747547676915	21.0	3.111111111111111	0.11769892363745581	0.3366666666666667
182.505495	0.11762747547676915	21.0	3.111111111111111	0.11769892363745581	0.3366666666666667
182.505495	0.11762747547676915	21.0	3.111111111111111	0.11769892363745581	0.3366666666666667
182.505495	0.11762747547676915	21.0	3.111111111111111	0.11769892363745581	0.3366666666666667
182.505495	0.11762747547676915	21.0	3.111111111111111	0.11769892363745581	0.3366666666666667
182.505495	0.11762747547676915	21.0	3.111111111111111	0.11769892363745581	0.3366666666666667
182.505495	0.11762747547676915	21.0	3.111111111111111	0.11769892363745581	0.3366666666666667
182.505495	0.11762747547676915	21.0	3.111111111111111	0.11769892363745581	0.3366666666666667
182.505495	0.11762747547676915	21.0	3.111111111111111	0.11769892363745581	0.3366666666666667
182.505495	0.11762747547676915	21.0	3.111111111111111	0.11769892363745581	0.3366666666666667
182.505495	0.11762747547676915	21.0	3.111111111111111	0.11769892363745581	0.3366666666666667
182.505495	0.11762747547676915	21.0	3.111111111111111	0.11769892363745581	0.3366666666666667
182.505495	0.11762747547676915	21.0	3.111111111111111	0.11769892363745581	0.3366666666666667
182.505495	0.11762747547676915	21.0	3.111111111111111	0.11769892363745581	0.3366666666666667
182.505495	0.11762747547676915	21.0	3.111111111111111	0.11769892363745581	0.3366666666666667
182.505495	0.11762747547676915	21.0	3.111111111111111	0.11769892363745581	0.3366666666666667
182.505495	0.11762747547676915	21.0	3.111111111111111	0.11769892363745581	0.3366666666666667
182.505495	0.11762747547676915	21.0	3.111111111111111	0.11769892363745581	0.3366666666666667
182.505495	0.11762747547676915	21.0	3.111111111111111	0.11769892363745581	0.3366666666666667
182.505495	0.11762747547676915	21.0	3.111111111111111	0.11769892363745581	0.3366666666666667
182.505495	0.11762747547676915	21.0	3.111111111111111	0.11769892363745581	0.3366666666666667
182.505495	0.11762747547676915	21.0	3.111111111111111	0.11769892363745581	0.3366666666666667
182.505495	0.11762747547676915	21.0	3.111111111111111	0.11769892363745581	0.3366666666666667
182.505495	0.11762747547676915	21.0	3.111111111111111	0.11769892363745581	0.3366666666666667
182.505495	0.11762747547676915	21.0	3.111111111111111	0.11769892363745581	0.3366666666666667
182.505495	0.11762747547676915	21.0	3.111111111111111	0.11769892363745581	0.3366666666666667
158.506329	0.11206229838163002	21.3	6.9	-0.00020285286983398414	0.2859259259259259
158.506329	0.11206229838163002	21.3	6.9	-0.00020285286983398414	0.2859259259259259
158.506329	0.11206229838163002	21.3	6.9	-0.00020285286983398414	0.2859259259259259
158.506329	0.11206229838163002	21.3	6.9	-0.00020285286983398414	0.2859259259259259
158.506329	0.11206229838163002	21.3	6.9	-0.00020285286983398414	0.2859259259259259
158.506329	0.11206229838163002	21.3	6.9	-0.00020285286983398414	0.2859259259259259
158.506329	0.11206229838163002	21.3	6.9	-0.00020285286983398414	0.2859259259259259
158.506329	0.11206229838163002	21.3	6.9	-0.00020285286983398414	0.2859259259259259
158.506329	0.11206229838163002	21.3	6.9	-0.00020285286983398414	0.2859259259259259
158.506329	0.11206229838163002	21.3	6.9	-0.00020285286983398414	0.2859259259259259
158.506329	0.11206229838163002	21.3	6.9	-0.00020285286983398414	0.2859259259259259
158.506329	0.11206229838163002	21.3	6.9	-0.00020285286983398414	0.2859259259259259
158.506329	0.11206229838163002	21.3	6.9	-0.00020285286983398414	0.2859259259259259
158.506329	0.11206229838163002	21.3	6.9	-0.00020285286983398414	0.2859259259259259
158.506329	0.11206229838163002	21.3	6.9	-0.00020285286983398414	0.2859259259259259
158.506329	0.11206229838163002	21.3	6.9	-0.00020285286983398414	0.2859259259259259
158.506329	0.11206229838163002	21.3	6.9	-0.00020285286983398414	0.2859259259259259
158.506329	0.11206229838163002	21.3	6.9	-0.00020285286983398414	0.2859259259259259
158.506329	0.11206229838163002	21.3	6.9	-0.00020285286983398414	0.2859259259259259
158.506329	0.11206229838163002	21.3	6.9	-0.00020285286983398414	0.2859259259259259
158.506329	0.11206229838163002	21.3	6.9	-0.00020285286983398414	0.2859259259259259
158.506329	0.11206229838163002	21.3	6.9	-0.00020285286983398414	0.2859259259259259
158.506329	0.11206229838163002	21.3	6.9	-0.00020285286983398414	0.2859259259259259
158.506329	0.11206229838163002	21.3	6.9	-0.00020285286983398414	0.2859259259259259
158.506329	0.11206229838163002	21.3	6.9	-0.00020285286983398414	0.2859259259259259
158.506329	0.11206229838163002	21.3	6.9	-0.00020285286983398414	0.2859259259259259
158.506329	0.11206229838163002	21.3	6.9	-0.00020285286983398414	0.2859259259259259
158.506329	0.11206229838163002	21.3	6.9	-0.00020285286983398414	0.2859259259259259
158.506329	0.11206229838163002	21.3	6.9	-0.00020285286983398414	0.2859259259259259
158.506329	0.11206229838163002	21.3	6.9	-0.00020285286983398414	0.2859259259259259
158.506329	0.11206229838163002	21.3	6.9	-0.00020285286983398414	0.2859259259259259
158.506329	0.11206229838163002	21.3	6.9	-0.00020285286983398414	0.2859259259259259
158.506329	0.11206229838163002	21.3	6.9	-0.00020285286983398414	0.2859259259259259
158.506329	0.11206229838163002	21.3	6.9	-0.00020285286983398414	0.2859259259259259
158.506329	0.11206229838163002	21.3	6.9	-0.00020285286983398414	0.2859259259259259
158.506329	0.11206229838163002	21.3	6.9	-0.00020285286983398414	0.2859259259259259
158.506329	0.11206229838163002	21.3	6.9	-0.00020285286983398414	0.2859259259259259
158.506329	0.11206229838163002	21.3	6.9	-0.00020285286983398414	0.2859259259259259
240.504167	0.10790563042655159	19.9	7.877777777777778	-0.0487389494941999	0.31925925925925924
240.504167	0.10790563042655159	19.9	7.877777777777778	-0.0487389494941999	0.31925925925925924
240.504167	0.10790563042655159	19.9	7.877777777777778	-0.0487389494941999	0.31925925925925924
240.504167	0.10790563042655159	19.9	7.877777777777778	-0.0487389494941999	0.31925925925925924
240.504167	0.10790563042655159	19.9	7.877777777777778	-0.0487389494941999	0.31925925925925924
240.504167	0.10790563042655159	19.9	7.877777777777778	-0.0487389494941999	0.31925925925925924
240.504167	0.10790563042655159	19.9	7.877777777777778	-0.0487389494941999	0.31925925925925924
240.504167	0.10790563042655159	19.9	7.877777777777778	-0.0487389494941999	0.31925925925925924
240.504167	0.10790563042655159	19.9	7.877777777777778	-0.0487389494941999	0.31925925925925924
240.504167	0.10790563042655159	19.9	7.877777777777778	-0.0487389494941999	0.31925925925925924
240.504167	0.10790563042655159	19.9	7.877777777777778	-0.0487389494941999	0.31925925925925924
240.504167	0.10790563042655159	19.9	7.877777777777778	-0.0487389494941999	0.31925925925925924
240.504167	0.10790563042655159	19.9	7.877777777777778	-0.0487389494941999	0.31925925925925924
240.504167	0.10790563042655159	19.9	7.877777777777778	-0.0487389494941999	0.31925925925925924
240.504167	0.10790563042655159	19.9	7.877777777777778	-0.0487389494941999	0.31925925925925924
240.504167	0.10790563042655159	19.9	7.877777777777778	-0.0487389494941999	0.31925925925925924
240.504167	0.10790563042655159	19.9	7.877777777777778	-0.0487389494941999	0.31925925925925924
240.504167	0.10790563042655159	19.9	7.877777777777778	-0.0487389494941999	0.31925925925925924
240.504167	0.10790563042655159	19.9	7.877777777777778	-0.0487389494941999	0.31925925925925924
240.504167	0.10790563042655159	19.9	7.877777777777778	-0.0487389494941999	0.31925925925925924
240.504167	0.10790563042655159	19.9	7.877777777777778	-0.0487389494941999	0.31925925925925924
240.504167	0.10790563042655159	19.9	7.877777777777778	-0.0487389494941999	0.31925925925925924
240.504167	0.10790563042655159	19.9	7.877777777777778	-0.0487389494941999	0.31925925925925924
240.504167	0.10790563042655159	19.9	7.877777777777778	-0.0487389494941999	0.31925925925925924
240.504167	0.10790563042655159	19.9	7.877777777777778	-0.0487389494941999	0.31925925925925924
240.504167	0.10790563042655159	19.9	7.877777777777778	-0.0487389494941999	0.31925925925925924
240.504167	0.10790563042655159	19.9	7.877777777777778	-0.0487389494941999	0.31925925925925924
240.504167	0.10790563042655159	19.9	7.877777777777778	-0.0487389494941999	0.31925925925925924
240.504167	0.10790563042655159	19.9	7.877777777777778	-0.0487389494941999	0.31925925925925924
240.504167	0.10790563042655159	19.9	7.877777777777778	-0.0487389494941999	0.31925925925925924
240.504167	0.10790563042655159	19.9	7.877777777777778	-0.0487389494941999	0.31925925925925924
240.504167	0.10790563042655159	19.9	7.877777777777778	-0.0487389494941999	0.31925925925925924
240.504167	0.10790563042655159	19.9	7.877777777777778	-0.0487389494941999	0.31925925925925924
240.504167	0.10790563042655159	19.9	7.877777777777778	-0.0487389494941999	0.31925925925925924
240.504167	0.10790563042655159	19.9	7.877777777777778	-0.0487389494941999	0.31925925925925924
240.504167	0.10790563042655159	19.9	7.877777777777778	-0.0487389494941999	0.31925925925925924
150.506667	0.11672970889775305	21.4	2.488888888888889	0.04328425245750716	0.2944444444444444
150.506667	0.11672970889775305	21.4	2.488888888888889	0.04328425245750716	0.2944444444444444
150.506667	0.11672970889775305	21.4	2.488888888888889	0.04328425245750716	0.2944444444444444
150.506667	0.11672970889775305	21.4	2.488888888888889	0.04328425245750716	0.2944444444444444
150.506667	0.11672970889775305	21.4	2.488888888888889	0.04328425245750716	0.2944444444444444
150.506667	0.11672970889775305	21.4	2.488888888888889	0.04328425245750716	0.2944444444444444
150.506667	0.11672970889775305	21.4	2.488888888888889	0.04328425245750716	0.2944444444444444
150.506667	0.11672970889775305	21.4	2.488888888888889	0.04328425245750716	0.2944444444444444
150.506667	0.11672970889775305	21.4	2.488888888888889	0.04328425245750716	0.2944444444444444
150.506667	0.11672970889775305	21.4	2.488888888888889	0.04328425245750716	0.2944444444444444
150.506667	0.11672970889775305	21.4	2.488888888888889	0.04328425245750716	0.2944444444444444
150.506667	0.11672970889775305	21.4	2.488888888888889	0.04328425245750716	0.2944444444444444
150.506667	0.11672970889775305	21.4	2.488888888888889	0.04328425245750716	0.2944444444444444
150.506667	0.11672970889775305	21.4	2.488888888888889	0.04328425245750716	0.2944444444444444
150.506667	0.11672970889775305	21.4	2.488888888888889	0.04328425245750716	0.2944444444444444
150.506667	0.11672970889775305	21.4	2.488888888888889	0.04328425245750716	0.2944444444444444
150.506667	0.11672970889775305	21.4	2.488888888888889	0.04328425245750716	0.2944444444444444
150.506667	0.11672970889775305	21.4	2.488888888888889	0.04328425245750716	0.2944444444444444
150.506667	0.11672970889775305	21.4	2.488888888888889	0.04328425245750716	0.2944444444444444
150.506667	0.11672970889775305	21.4	2.488888888888889	0.04328425245750716	0.2944444444444444
150.506667	0.11672970889775305	21.4	2.488888888888889	0.04328425245750716	0.2944444444444444
150.506667	0.11672970889775305	21.4	2.488888888888889	0.04328425245750716	0.2944444444444444
150.506667	0.11672970889775305	21.4	2.488888888888889	0.04328425245750716	0.2944444444444444
150.506667	0.11672970889775305	21.4	2.488888888888889	0.04328425245750716	0.2944444444444444
150.506667	0.11672970889775305	21.4	2.488888888888889	0.04328425245750716	0.2944444444444444
150.506667	0.11672970889775305	21.4	2.488888888888889	0.04328425245750716	0.2944444444444444
150.506667	0.11672970889775305	21.4	2.488888888888889	0.04328425245750716	0.2944444444444444
150.506667	0.11672970889775305	21.4	2.488888888888889	0.04328425245750716	0.2944444444444444
150.506667	0.11672970889775305	21.4	2.488888888888889	0.04328425245750716	0.2944444444444444
150.506667	0.11672970889775305	21.4	2.488888888888889	0.04328425245750716	0.2944444444444444
150.506667	0.11672970889775305	21.4	2.488888888888889	0.04328425245750716	0.2944444444444444
150.506667	0.11672970889775305	21.4	2.488888888888889	0.04328425245750716	0.2944444444444444
150.506667	0.11672970889775305	21.4	2.488888888888889	0.04328425245750716	0.2944444444444444
150.506667	0.11672970889775305	21.4	2.488888888888889	0.04328425245750716	0.2944444444444444
150.506667	0.11672970889775305	21.4	2.488888888888889	0.04328425245750716	0.2944444444444444
150.506667	0.11672970889775305	21.4	2.488888888888889	0.04328425245750716	0.2944444444444444
150.506667	0.11672970889775305	21.4	2.488888888888889	0.04328425245750716	0.2944444444444444
150.506667	0.11672970889775305	21.4	2.488888888888889	0.04328425245750716	0.2944444444444444
158.506329	0.1201787228842398	19.3	14.899999999999999	-0.06972101775997887	0.33259259259259255
158.506329	0.1201787228842398	19.3	14.899999999999999	-0.06972101775997887	0.33259259259259255
158.506329	0.1201787228842398	19.3	14.899999999999999	-0.06972101775997887	0.33259259259259255
158.506329	0.1201787228842398	19.3	14.899999999999999	-0.06972101775997887	0.33259259259259255
158.506329	0.1201787228842398	19.3	14.899999999999999	-0.06972101775997887	0.33259259259259255
158.506329	0.1201787228842398	19.3	14.899999999999999	-0.06972101775997887	0.33259259259259255
158.506329	0.1201787228842398	19.3	14.899999999999999	-0.06972101775997887	0.33259259259259255
158.506329	0.1201787228842398	19.3	14.899999999999999	-0.06972101775997887	0.33259259259259255
158.506329	0.1201787228842398	19.3	14.899999999999999	-0.06972101775997887	0.33259259259259255
158.506329	0.1201787228842398	19.3	14.899999999999999	-0.06972101775997887	0.33259259259259255
158.506329	0.1201787228842398	19.3	14.899999999999999	-0.06972101775997887	0.33259259259259255
158.506329	0.1201787228842398	19.3	14.899999999999999	-0.06972101775997887	0.33259259259259255
158.506329	0.1201787228842398	19.3	14.899999999999999	-0.06972101775997887	0.33259259259259255
158.506329	0.1201787228842398	19.3	14.899999999999999	-0.06972101775997887	0.33259259259259255
158.506329	0.1201787228842398	19.3	14.899999999999999	-0.06972101775997887	0.33259259259259255
158.506329	0.1201787228842398	19.3	14.899999999999999	-0.06972101775997887	0.33259259259259255
158.506329	0.1201787228842398	19.3	14.899999999999999	-0.06972101775997887	0.33259259259259255
158.506329	0.1201787228842398	19.3	14.899999999999999	-0.06972101775997887	0.33259259259259255
158.506329	0.1201787228842398	19.3	14.899999999999999	-0.06972101775997887	0.33259259259259255
158.506329	0.1201787228842398	19.3	14.899999999999999	-0.06972101775997887	0.33259259259259255
158.506329	0.1201787228842398	19.3	14.899999999999999	-0.06972101775997887	0.33259259259259255
158.506329	0.1201787228842398	19.3	14.899999999999999	-0.06972101775997887	0.33259259259259255
158.506329	0.1201787228842398	19.3	14.899999999999999	-0.06972101775997887	0.33259259259259255
158.506329	0.1201787228842398	19.3	14.899999999999999	-0.06972101775997887	0.33259259259259255
158.506329	0.1201787228842398	19.3	14.899999999999999	-0.06972101775997887	0.33259259259259255
158.506329	0.1201787228842398	19.3	14.899999999999999	-0.06972101775997887	0.33259259259259255
158.506329	0.1201787228842398	19.3	14.899999999999999	-0.06972101775997887	0.33259259259259255
158.506329	0.1201787228842398	19.3	14.899999999999999	-0.06972101775997887	0.33259259259259255
158.506329	0.1201787228842398	19.3	14.899999999999999	-0.06972101775997887	0.33259259259259255
158.506329	0.1201787228842398	19.3	14.899999999999999	-0.06972101775997887	0.33259259259259255
158.506329	0.1201787228842398	19.3	14.899999999999999	-0.06972101775997887	0.33259259259259255
158.506329	0.1201787228842398	19.3	14.899999999999999	-0.06972101775997887	0.33259259259259255
158.506329	0.1201787228842398	19.3	14.899999999999999	-0.06972101775997887	0.33259259259259255
158.506329	0.1201787228842398	19.3	14.899999999999999	-0.06972101775997887	0.33259259259259255
158.506329	0.1201787228842398	19.3	14.899999999999999	-0.06972101775997887	0.33259259259259255
158.506329	0.1201787228842398	19.3	14.899999999999999	-0.06972101775997887	0.33259259259259255
158.506329	0.1201787228842398	19.3	14.899999999999999	-0.06972101775997887	0.33259259259259255
158.506329	0.1201787228842398	19.3	14.899999999999999	-0.06972101775997887	0.33259259259259255
212.504717	0.12182190341481444	19.4	8.044444444444444	-0.07776703920452865	0.3255555555555556
212.504717	0.12182190341481444	19.4	8.044444444444444	-0.07776703920452865	0.3255555555555556
212.504717	0.12182190341481444	19.4	8.044444444444444	-0.07776703920452865	0.3255555555555556
212.504717	0.12182190341481444	19.4	8.044444444444444	-0.07776703920452865	0.3255555555555556
212.504717	0.12182190341481444	19.4	8.044444444444444	-0.07776703920452865	0.3255555555555556
212.504717	0.12182190341481444	19.4	8.044444444444444	-0.07776703920452865	0.3255555555555556
212.504717	0.12182190341481444	19.4	8.044444444444444	-0.07776703920452865	0.3255555555555556
212.504717	0.12182190341481444	19.4	8.044444444444444	-0.07776703920452865	0.3255555555555556
212.504717	0.12182190341481444	19.4	8.044444444444444	-0.07776703920452865	0.3255555555555556
212.504717	0.12182190341481444	19.4	8.044444444444444	-0.07776703920452865	0.3255555555555556
212.504717	0.12182190341481444	19.4	8.044444444444444	-0.07776703920452865	0.3255555555555556
212.504717	0.12182190341481444	19.4	8.044444444444444	-0.07776703920452865	0.3255555555555556
212.504717	0.12182190341481444	19.4	8.044444444444444	-0.07776703920452865	0.3255555555555556
212.504717	0.12182190341481444	19.4	8.044444444444444	-0.07776703920452865	0.3255555555555556
212.504717	0.12182190341481444	19.4	8.044444444444444	-0.07776703920452865	0.3255555555555556
212.504717	0.12182190341481444	19.4	8.044444444444444	-0.07776703920452865	0.3255555555555556
212.504717	0.12182190341481444	19.4	8.044444444444444	-0.07776703920452865	0.3255555555555556
212.504717	0.12182190341481444	19.4	8.044444444444444	-0.07776703920452865	0.3255555555555556
212.504717	0.12182190341481444	19.4	8.044444444444444	-0.07776703920452865	0.3255555555555556
212.504717	0.12182190341481444	19.4	8.044444444444444	-0.07776703920452865	0.3255555555555556
212.504717	0.12182190341481444	19.4	8.044444444444444	-0.07776703920452865	0.3255555555555556
212.504717	0.12182190341481444	19.4	8.044444444444444	-0.07776703920452865	0.3255555555555556
212.504717	0.12182190341481444	19.4	8.044444444444444	-0.07776703920452865	0.3255555555555556
212.504717	0.12182190341481444	19.4	8.044444444444444	-0.07776703920452865	0.3255555555555556
212.504717	0.12182190341481444	19.4	8.044444444444444	-0.07776703920452865	0.3255555555555556
212.504717	0.12182190341481444	19.4	8.044444444444444	-0.07776703920452865	0.3255555555555556
212.504717	0.12182190341481444	19.4	8.044444444444444	-0.07776703920452865	0.3255555555555556
212.504717	0.12182190341481444	19.4	8.044444444444444	-0.07776703920452865	0.3255555555555556
212.504717	0.12182190341481444	19.4	8.044444444444444	-0.07776703920452865	0.3255555555555556
212.504717	0.12182190341481444	19.4	8.044444444444444	-0.07776703920452865	0.3255555555555556
212.504717	0.12182190341481444	19.4	8.044444444444444	-0.07776703920452865	0.3255555555555556
212.504717	0.12182190341481444	19.4	8.044444444444444	-0.07776703920452865	0.3255555555555556
212.504717	0.12182190341481444	19.4	8.044444444444444	-0.07776703920452865	0.3255555555555556
212.504717	0.12182190341481444	19.4	8.044444444444444	-0.07776703920452865	0.3255555555555556
212.504717	0.12182190341481444	19.4	8.044444444444444	-0.07776703920452865	0.3255555555555556
212.504717	0.12182190341481444	19.4	8.044444444444444	-0.07776703920452865	0.3255555555555556
212.504717	0.12182190341481444	19.4	8.044444444444444	-0.07776703920452865	0.3255555555555556
150.506667	0.10859974799577449	19.8	15.288888888888891	-0.0883261135809015	0.3107407407407408
150.506667	0.10859974799577449	19.8	15.288888888888891	-0.0883261135809015	0.3107407407407408
150.506667	0.10859974799577449	19.8	15.288888888888891	-0.0883261135809015	0.3107407407407408
150.506667	0.10859974799577449	19.8	15.288888888888891	-0.0883261135809015	0.3107407407407408
150.506667	0.10859974799577449	19.8	15.288888888888891	-0.0883261135809015	0.3107407407407408
150.506667	0.10859974799577449	19.8	15.288888888888891	-0.0883261135809015	0.3107407407407408
150.506667	0.10859974799577449	19.8	15.288888888888891	-0.0883261135809015	0.3107407407407408
150.506667	0.10859974799577449	19.8	15.288888888888891	-0.0883261135809015	0.3107407407407408
150.506667	0.10859974799577449	19.8	15.288888888888891	-0.0883261135809015	0.3107407407407408
150.506667	0.10859974799577449	19.8	15.288888888888891	-0.0883261135809015	0.3107407407407408
150.506667	0.10859974799577449	19.8	15.288888888888891	-0.0883261135809015	0.3107407407407408
150.506667	0.10859974799577449	19.8	15.288888888888891	-0.0883261135809015	0.3107407407407408
150.506667	0.10859974799577449	19.8	15.288888888888891	-0.0883261135809015	0.3107407407407408
150.506667	0.10859974799577449	19.8	15.288888888888891	-0.0883261135809015	0.3107407407407408
150.506667	0.10859974799577449	19.8	15.288888888888891	-0.0883261135809015	0.3107407407407408
150.506667	0.10859974799577449	19.8	15.288888888888891	-0.0883261135809015	0.3107407407407408
150.506667	0.10859974799577449	19.8	15.288888888888891	-0.0883261135809015	0.3107407407407408
150.506667	0.10859974799577449	19.8	15.288888888888891	-0.0883261135809015	0.3107407407407408
150.506667	0.10859974799577449	19.8	15.288888888888891	-0.0883261135809015	0.3107407407407408
150.506667	0.10859974799577449	19.8	15.288888888888891	-0.0883261135809015	0.3107407407407408
150.506667	0.10859974799577449	19.8	15.288888888888891	-0.0883261135809015	0.3107407407407408
150.506667	0.10859974799577449	19.8	15.288888888888891	-0.0883261135809015	0.3107407407407408
150.506667	0.10859974799577449	19.8	15.288888888888891	-0.0883261135809015	0.3107407407407408
150.506667	0.10859974799577449	19.8	15.288888888888891	-0.0883261135809015	0.3107407407407408
150.506667	0.10859974799577449	19.8	15.288888888888891	-0.0883261135809015	0.3107407407407408
150.506667	0.10859974799577449	19.8	15.288888888888891	-0.0883261135809015	0.3107407407407408
150.506667	0.10859974799577449	19.8	15.288888888888891	-0.0883261135809015	0.3107407407407408
150.506667	0.10859974799577449	19.8	15.288888888888891	-0.0883261135809015	0.3107407407407408
150.506667	0.10859974799577449	19.8	15.288888888888891	-0.0883261135809015	0.3107407407407408
150.506667	0.10859974799577449	19.8	15.288888888888891	-0.0883261135809015	0.3107407407407408
150.506667	0.10859974799577449	19.8	15.288888888888891	-0.0883261135809015	0.3107407407407408
150.506667	0.10859974799577449	19.8	15.288888888888891	-0.0883261135809015	0.3107407407407408
150.506667	0.10859974799577449	19.8	15.288888888888891	-0.0883261135809015	0.3107407407407408
150.506667	0.10859974799577449	19.8	15.288888888888891	-0.0883261135809015	0.3107407407407408
150.506667	0.10859974799577449	19.8	15.288888888888891	-0.0883261135809015	0.3107407407407408
150.506667	0.10859974799577449	19.8	15.288888888888891	-0.0883261135809015	0.3107407407407408
150.506667	0.10859974799577449	19.8	15.288888888888891	-0.0883261135809015	0.3107407407407408
150.506667	0.10859974799577449	19.8	15.288888888888891	-0.0883261135809015	0.3107407407407408
190.505263	0.11001600337089924	18.6	8.488888888888887	-0.06788500304710654	0.3470370370370371
190.505263	0.11001600337089924	18.6	8.488888888888887	-0.06788500304710654	0.3470370370370371
190.505263	0.11001600337089924	18.6	8.488888888888887	-0.06788500304710654	0.3470370370370371
190.505263	0.11001600337089924	18.6	8.488888888888887	-0.06788500304710654	0.3470370370370371
190.505263	0.11001600337089924	18.6	8.488888888888887	-0.06788500304710654	0.3470370370370371
190.505263	0.11001600337089924	18.6	8.488888888888887	-0.06788500304710654	0.3470370370370371
190.505263	0.11001600337089924	18.6	8.488888888888887	-0.06788500304710654	0.3470370370370371
190.505263	0.11001600337089924	18.6	8.488888888888887	-0.06788500304710654	0.3470370370370371
190.505263	0.11001600337089924	18.6	8.488888888888887	-0.06788500304710654	0.3470370370370371
190.505263	0.11001600337089924	18.6	8.488888888888887	-0.06788500304710654	0.3470370370370371
190.505263	0.11001600337089924	18.6	8.488888888888887	-0.06788500304710654	0.3470370370370371
190.505263	0.11001600337089924	18.6	8.488888888888887	-0.06788500304710654	0.3470370370370371
190.505263	0.11001600337089924	18.6	8.488888888888887	-0.06788500304710654	0.3470370370370371
190.505263	0.11001600337089924	18.6	8.488888888888887	-0.06788500304710654	0.3470370370370371
190.505263	0.11001600337089924	18.6	8.488888888888887	-0.06788500304710654	0.3470370370370371
190.505263	0.11001600337089924	18.6	8.488888888888887	-0.06788500304710654	0.3470370370370371
190.505263	0.11001600337089924	18.6	8.488888888888887	-0.06788500304710654	0.3470370370370371
190.505263	0.11001600337089924	18.6	8.488888888888887	-0.06788500304710654	0.3470370370370371
190.505263	0.11001600337089924	18.6	8.488888888888887	-0.06788500304710654	0.3470370370370371
190.505263	0.11001600337089924	18.6	8.488888888888887	-0.06788500304710654	0.3470370370370371
190.505263	0.11001600337089924	18.6	8.488888888888887	-0.06788500304710654	0.3470370370370371
190.505263	0.11001600337089924	18.6	8.488888888888887	-0.06788500304710654	0.3470370370370371
190.505263	0.11001600337089924	18.6	8.488888888888887	-0.06788500304710654	0.3470370370370371
190.505263	0.11001600337089924	18.6	8.488888888888887	-0.06788500304710654	0.3470370370370371
190.505263	0.11001600337089924	18.6	8.488888888888887	-0.06788500304710654	0.3470370370370371
190.505263	0.11001600337089924	18.6	8.488888888888887	-0.06788500304710654	0.3470370370370371
190.505263	0.11001600337089924	18.6	8.488888888888887	-0.06788500304710654	0.3470370370370371
190.505263	0.11001600337089924	18.6	8.488888888888887	-0.06788500304710654	0.3470370370370371
190.505263	0.11001600337089924	18.6	8.488888888888887	-0.06788500304710654	0.3470370370370371
190.505263	0.11001600337089924	18.6	8.488888888888887	-0.06788500304710654	0.3470370370370371
190.505263	0.11001600337089924	18.6	8.488888888888887	-0.06788500304710654	0.3470370370370371
190.505263	0.11001600337089924	18.6	8.488888888888887	-0.06788500304710654	0.3470370370370371
190.505263	0.11001600337089924	18.6	8.488888888888887	-0.06788500304710654	0.3470370370370371
190.505263	0.11001600337089924	18.6	8.488888888888887	-0.06788500304710654	0.3470370370370371
190.505263	0.11001600337089924	18.6	8.488888888888887	-0.06788500304710654	0.3470370370370371
190.505263	0.11001600337089924	18.6	8.488888888888887	-0.06788500304710654	0.3470370370370371
190.505263	0.11001600337089924	18.6	8.488888888888887	-0.06788500304710654	0.3470370370370371
220.504545	0.10085797615448627	19.8	5.955555555555555	-0.03129494467579403	0.31555555555555564
220.504545	0.10085797615448627	19.8	5.955555555555555	-0.03129494467579403	0.31555555555555564
220.504545	0.10085797615448627	19.8	5.955555555555555	-0.03129494467579403	0.31555555555555564
220.504545	0.10085797615448627	19.8	5.955555555555555	-0.03129494467579403	0.31555555555555564
220.504545	0.10085797615448627	19.8	5.955555555555555	-0.03129494467579403	0.31555555555555564
220.504545	0.10085797615448627	19.8	5.955555555555555	-0.03129494467579403	0.31555555555555564
220.504545	0.10085797615448627	19.8	5.955555555555555	-0.03129494467579403	0.31555555555555564
220.504545	0.10085797615448627	19.8	5.955555555555555	-0.03129494467579403	0.31555555555555564
220.504545	0.10085797615448627	19.8	5.955555555555555	-0.03129494467579403	0.31555555555555564
220.504545	0.10085797615448627	19.8	5.955555555555555	-0.03129494467579403	0.31555555555555564
220.504545	0.10085797615448627	19.8	5.955555555555555	-0.03129494467579403	0.31555555555555564
220.504545	0.10085797615448627	19.8	5.955555555555555	-0.03129494467579403	0.31555555555555564
220.504545	0.10085797615448627	19.8	5.955555555555555	-0.03129494467579403	0.31555555555555564
220.504545	0.10085797615448627	19.8	5.955555555555555	-0.03129494467579403	0.31555555555555564
220.504545	0.10085797615448627	19.8	5.955555555555555	-0.03129494467579403	0.31555555555555564
220.504545	0.10085797615448627	19.8	5.955555555555555	-0.03129494467579403	0.31555555555555564
220.504545	0.10085797615448627	19.8	5.955555555555555	-0.03129494467579403	0.31555555555555564
220.504545	0.10085797615448627	19.8	5.955555555555555	-0.03129494467579403	0.31555555555555564
220.504545	0.10085797615448627	19.8	5.955555555555555	-0.03129494467579403	0.31555555555555564
220.504545	0.10085797615448627	19.8	5.955555555555555	-0.03129494467579403	0.31555555555555564
220.504545	0.10085797615448627	19.8	5.955555555555555	-0.03129494467579403	0.31555555555555564
220.504545	0.10085797615448627	19.8	5.955555555555555	-0.03129494467579403	0.31555555555555564
220.504545	0.10085797615448627	19.8	5.955555555555555	-0.03129494467579403	0.31555555555555564
220.504545	0.10085797615448627	19.8	5.955555555555555	-0.03129494467579403	0.31555555555555564
220.504545	0.10085797615448627	19.8	5.955555555555555	-0.03129494467579403	0.31555555555555564
220.504545	0.10085797615448627	19.8	5.955555555555555	-0.03129494467579403	0.31555555555555564
220.504545	0.10085797615448627	19.8	5.955555555555555	-0.03129494467579403	0.31555555555555564
220.504545	0.10085797615448627	19.8	5.955555555555555	-0.03129494467579403	0.31555555555555564
220.504545	0.10085797615448627	19.8	5.955555555555555	-0.03129494467579403	0.31555555555555564
220.504545	0.10085797615448627	19.8	5.955555555555555	-0.03129494467579403	0.31555555555555564
220.504545	0.10085797615448627	19.8	5.955555555555555	-0.03129494467579403	0.31555555555555564
220.504545	0.10085797615448627	19.8	5.955555555555555	-0.03129494467579403	0.31555555555555564
220.504545	0.10085797615448627	19.8	5.955555555555555	-0.03129494467579403	0.31555555555555564
220.504545	0.10085797615448627	19.8	5.955555555555555	-0.03129494467579403	0.31555555555555564
220.504545	0.10085797615448627	19.8	5.955555555555555	-0.03129494467579403	0.31555555555555564
220.504545	0.10085797615448627	19.8	5.955555555555555	-0.03129494467579403	0.31555555555555564
220.504545	0.10085797615448627	19.8	5.955555555555555	-0.03129494467579403	0.31555555555555564
230.504348	0.1103405315147058	20.5	5.833333333333333	0.02004485628608964	0.3351851851851852
230.504348	0.1103405315147058	20.5	5.833333333333333	0.02004485628608964	0.3351851851851852
230.504348	0.1103405315147058	20.5	5.833333333333333	0.02004485628608964	0.3351851851851852
230.504348	0.1103405315147058	20.5	5.833333333333333	0.02004485628608964	0.3351851851851852
230.504348	0.1103405315147058	20.5	5.833333333333333	0.02004485628608964	0.3351851851851852
230.504348	0.1103405315147058	20.5	5.833333333333333	0.02004485628608964	0.3351851851851852
230.504348	0.1103405315147058	20.5	5.833333333333333	0.02004485628608964	0.3351851851851852
230.504348	0.1103405315147058	20.5	5.833333333333333	0.02004485628608964	0.3351851851851852
230.504348	0.1103405315147058	20.5	5.833333333333333	0.02004485628608964	0.3351851851851852
230.504348	0.1103405315147058	20.5	5.833333333333333	0.02004485628608964	0.3351851851851852
230.504348	0.1103405315147058	20.5	5.833333333333333	0.02004485628608964	0.3351851851851852
230.504348	0.1103405315147058	20.5	5.833333333333333	0.02004485628608964	0.3351851851851852
230.504348	0.1103405315147058	20.5	5.833333333333333	0.02004485628608964	0.3351851851851852
230.504348	0.1103405315147058	20.5	5.833333333333333	0.02004485628608964	0.3351851851851852
230.504348	0.1103405315147058	20.5	5.833333333333333	0.02004485628608964	0.3351851851851852
230.504348	0.1103405315147058	20.5	5.833333333333333	0.02004485628608964	0.3351851851851852
230.504348	0.1103405315147058	20.5	5.833333333333333	0.02004485628608964	0.3351851851851852
230.504348	0.1103405315147058	20.5	5.833333333333333	0.02004485628608964	0.3351851851851852
230.504348	0.1103405315147058	20.5	5.833333333333333	0.02004485628608964	0.3351851851851852
230.504348	0.1103405315147058	20.5	5.833333333333333	0.02004485628608964	0.3351851851851852
230.504348	0.1103405315147058	20.5	5.833333333333333	0.02004485628608964	0.3351851851851852
230.504348	0.1103405315147058	20.5	5.833333333333333	0.02004485628608964	0.3351851851851852
230.504348	0.1103405315147058	20.5	5.833333333333333	0.02004485628608964	0.3351851851851852
230.504348	0.1103405315147058	20.5	5.833333333333333	0.02004485628608964	0.3351851851851852
230.504348	0.1103405315147058	20.5	5.833333333333333	0.02004485628608964	0.3351851851851852
230.504348	0.1103405315147058	20.5	5.833333333333333	0.02004485628608964	0.3351851851851852
230.504348	0.1103405315147058	20.5	5.833333333333333	0.02004485628608964	0.3351851851851852
230.504348	0.1103405315147058	20.5	5.833333333333333	0.02004485628608964	0.3351851851851852
230.504348	0.1103405315147058	20.5	5.833333333333333	0.02004485628608964	0.3351851851851852
230.504348	0.1103405315147058	20.5	5.833333333333333	0.02004485628608964	0.3351851851851852
230.504348	0.1103405315147058	20.5	5.833333333333333	0.02004485628608964	0.3351851851851852
230.504348	0.1103405315147058	20.5	5.833333333333333	0.02004485628608964	0.3351851851851852
230.504348	0.1103405315147058	20.5	5.833333333333333	0.02004485628608964	0.3351851851851852
230.504348	0.1103405315147058	20.5	5.833333333333333	0.02004485628608964	0.3351851851851852
230.504348	0.1103405315147058	20.5	5.833333333333333	0.02004485628608964	0.3351851851851852
230.504348	0.1103405315147058	20.5	5.833333333333333	0.02004485628608964	0.3351851851851852
206.504854	0.10973538428982847	18.1	9.655555555555557	-0.04616933357621309	0.38222222222222224
206.504854	0.10973538428982847	18.1	9.655555555555557	-0.04616933357621309	0.38222222222222224
206.504854	0.10973538428982847	18.1	9.655555555555557	-0.04616933357621309	0.38222222222222224
206.504854	0.10973538428982847	18.1	9.655555555555557	-0.04616933357621309	0.38222222222222224
206.504854	0.10973538428982847	18.1	9.655555555555557	-0.04616933357621309	0.38222222222222224
206.504854	0.10973538428982847	18.1	9.655555555555557	-0.04616933357621309	0.38222222222222224
206.504854	0.10973538428982847	18.1	9.655555555555557	-0.04616933357621309	0.38222222222222224
206.504854	0.10973538428982847	18.1	9.655555555555557	-0.04616933357621309	0.38222222222222224
206.504854	0.10973538428982847	18.1	9.655555555555557	-0.04616933357621309	0.38222222222222224
206.504854	0.10973538428982847	18.1	9.655555555555557	-0.04616933357621309	0.38222222222222224
206.504854	0.10973538428982847	18.1	9.655555555555557	-0.04616933357621309	0.38222222222222224
206.504854	0.10973538428982847	18.1	9.655555555555557	-0.04616933357621309	0.38222222222222224
206.504854	0.10973538428982847	18.1	9.655555555555557	-0.04616933357621309	0.38222222222222224
206.504854	0.10973538428982847	18.1	9.655555555555557	-0.04616933357621309	0.38222222222222224
206.504854	0.10973538428982847	18.1	9.655555555555557	-0.04616933357621309	0.38222222222222224
206.504854	0.10973538428982847	18.1	9.655555555555557	-0.04616933357621309	0.38222222222222224
206.504854	0.10973538428982847	18.1	9.655555555555557	-0.04616933357621309	0.38222222222222224
206.504854	0.10973538428982847	18.1	9.655555555555557	-0.04616933357621309	0.38222222222222224
206.504854	0.10973538428982847	18.1	9.655555555555557	-0.04616933357621309	0.38222222222222224
206.504854	0.10973538428982847	18.1	9.655555555555557	-0.04616933357621309	0.38222222222222224
206.504854	0.10973538428982847	18.1	9.655555555555557	-0.04616933357621309	0.38222222222222224
206.504854	0.10973538428982847	18.1	9.655555555555557	-0.04616933357621309	0.38222222222222224
206.504854	0.10973538428982847	18.1	9.655555555555557	-0.04616933357621309	0.38222222222222224
206.504854	0.10973538428982847	18.1	9.655555555555557	-0.04616933357621309	0.38222222222222224
206.504854	0.10973538428982847	18.1	9.655555555555557	-0.04616933357621309	0.38222222222222224
206.504854	0.10973538428982847	18.1	9.655555555555557	-0.04616933357621309	0.38222222222222224
206.504854	0.10973538428982847	18.1	9.655555555555557	-0.04616933357621309	0.38222222222222224
206.504854	0.10973538428982847	18.1	9.655555555555557	-0.04616933357621309	0.38222222222222224
206.504854	0.10973538428982847	18.1	9.655555555555557	-0.04616933357621309	0.38222222222222224
206.504854	0.10973538428982847	18.1	9.655555555555557	-0.04616933357621309	0.38222222222222224
206.504854	0.10973538428982847	18.1	9.655555555555557	-0.04616933357621309	0.38222222222222224
206.504854	0.10973538428982847	18.1	9.655555555555557	-0.04616933357621309	0.38222222222222224
206.504854	0.10973538428982847	18.1	9.655555555555557	-0.04616933357621309	0.38222222222222224
206.504854	0.10973538428982847	18.1	9.655555555555557	-0.04616933357621309	0.38222222222222224
206.504854	0.10973538428982847	18.1	9.655555555555557	-0.04616933357621309	0.38222222222222224
206.504854	0.10973538428982847	18.1	9.655555555555557	-0.04616933357621309	0.38222222222222224
206.504854	0.10973538428982847	18.1	9.655555555555557	-0.04616933357621309	0.38222222222222224
168.505952	0.10835252889540757	19.7	8.011111111111111	-0.02736376513298706	0.3340740740740741
168.505952	0.10835252889540757	19.7	8.011111111111111	-0.02736376513298706	0.3340740740740741
168.505952	0.10835252889540757	19.7	8.011111111111111	-0.02736376513298706	0.3340740740740741
168.505952	0.10835252889540757	19.7	8.011111111111111	-0.02736376513298706	0.3340740740740741
168.505952	0.10835252889540757	19.7	8.011111111111111	-0.02736376513298706	0.3340740740740741
168.505952	0.10835252889540757	19.7	8.011111111111111	-0.02736376513298706	0.3340740740740741
