Auto-generated genotype output.
1
2
3
4
5
6
7
8
9
10
11
12
13
14
15
16
17
18
19
20
21
22
23
24
25
26
27
28
29
30
Pop
1 , 0303 0403 0202 0404 0101 0404 0202 0101 0101 0404 0303 0301 0101 0102 0202 0303 0202 0103 0303 0101 0202 0104 0404 0302 0303 0402 0303 0302 0404 0103 
2 , 0303 0403 0202 0404 0101 0202 0202 0101 0101 0403 0303 0301 0101 0101 0202 0301 0201 0301 0301 0201 0204 0101 0404 0202 0303 0404 0301 0202 0404 0303 
3 , 0103 0303 0302 0404 0101 0204 0202 0301 0101 0403 0301 0303 0101 0101 0202 0303 0102 0303 0303 0201 0202 0101 0404 0202 0303 0204 0301 0202 0304 0103 
4 , 0103 0403 0202 0404 0101 0404 0202 0103 0101 0304 0303 0303 0201 0202 0202 0303 0101 0303 0101 0101 0202 0101 0404 0302 0303 0402 0301 0302 0404 0101 
5 , 0303 0403 0202 0404 0104 0202 0202 0301 0101 0304 0303 0303 0102 0201 0202 0303 0101 0303 0103 0102 0204 0101 0404 0203 0303 0404 0101 0303 0404 0303 
6 , 0303 0304 0202 0404 0101 0404 0202 0101 0101 0403 0303 0303 0101 0101 0203 0303 0101 0101 0101 0101 0202 0101 0404 0302 0303 0404 0301 0302 0304 0301 
7 , 0103 0303 0203 0404 0101 0204 0302 0101 0102 0404 0303 0303 0201 0102 0202 0303 0101 0101 0303 0101 0202 0401 0101 0302 0302 0402 0101 0203 0404 0103 
8 , 0301 0304 0202 0404 0101 0204 0202 0101 0101 0304 0303 0301 0101 0202 0202 0303 0201 0101 0303 0101 0202 0101 0404 0202 0303 0404 0301 0303 0403 0103 
9 , 0103 0303 0202 0404 0104 0404 0202 0103 0101 0404 0303 0103 0101 0201 0202 0303 0201 0301 0303 0202 0202 0101 0404 0203 0303 0404 0303 0202 0404 0301 
10 , 0303 0304 0202 0104 0104 0204 0202 0101 0101 0403 0303 0303 0101 0101 0202 0303 0201 0301 0303 0102 0202 0101 0404 0202 0303 0204 0301 0303 0404 0303 
226.504425 0.143207 -0.034843 0.318889 2.000000 20.100000 2.322222 -1.000000 -1.000000
