Generated genotype output
1
2
3
4
5
6
7
8
9
10
11
12
13
14
15
16
17
18
19
20
21
22
23
24
25
26
27
28
29
30
31
32
33
34
35
36
37
38
39
40
Pop
1 , 0102 0301 0102 0201 0403 0101 0301 0304 0203 0304 0404 0201 0401 0204 0402 0102 0102 0101 0203 0102 0102 0301 0102 0201 0403 0101 0303 0301 0203 0304 0404 0201 0403 0204 0403 0102 0102 0101 0203 0102
2 , 0102 0301 0102 0201 0403 0101 0303 0301 0203 0304 0404 0201 0404 0203 0402 0102 0102 0101 0203 0102 0102 0301 0102 0201 0403 0101 0303 0301 0203 0304 0404 0201 0404 0204 0402 0102 0102 0104 0203 0102
3 , 0102 0301 0102 0201 0403 0101 0303 0301 0203 0304 0404 0201 0403 0204 0404 0102 0102 0101 0203 0102 0102 0301 0102 0204 0403 0101 0303 0301 0203 0304 0404 0401 0404 0202 0202 0104 0102 0101 0403 0102
4 , 0101 0301 0102 0201 0403 0101 0403 0301 0203 0403 0404 0201 0404 0204 0402 0102 0102 0101 0303 0102 0102 0301 0102 0204 0403 0101 0303 0301 0203 0304 0404 0201 0204 0204 0402 0102 0102 0101 0203 0102
5 , 0102 0301 0102 0201 0403 0101 0201 0301 0203 0304 0404 0204 0404 0404 0402 0102 0202 0101 0203 0102 0102 0301 0402 0201 0403 0101 0203 0302 0203 0304 0404 0201 0404 0203 0402 0102 0102 0101 0203 0102
6 , 0102 0301 0102 0201 0403 0101 0303 0301 0203 0304 0403 0201 0404 0201 0402 0102 0102 0101 0203 0102 0102 0302 0102 0201 0403 0101 0303 0301 0203 0304 0403 0201 0404 0204 0402 0102 0102 0101 0203 0102
7 , 0102 0301 0102 0201 0403 0401 0303 0304 0203 0304 0404 0201 0404 0204 0402 0102 0102 0101 0203 0102 0104 0301 0102 0201 0403 0101 0303 0301 0203 0304 0404 0201 0404 0204 0304 0102 0102 0101 0203 0102
8 , 0102 0301 0102 0201 0403 0101 0303 0301 0203 0304 0403 0201 0404 0204 0402 0102 0102 0201 0203 0102 0102 0301 0302 0201 0403 0101 0303 0301 0203 0304 0404 0201 0203 0204 0404 0102 0102 0101 0203 0102
9 , 0102 0301 0102 0301 0403 0101 0303 0301 0203 0104 0404 0201 0303 0204 0402 0102 0102 0101 0203 0102 0103 0301 0102 0201 0403 0101 0303 0301 0203 0304 0404 0202 0404 0204 0402 0102 0102 0301 0203 0102
10 , 0102 0301 0102 0201 0403 0101 0403 0301 0203 0403 0404 0203 0404 0204 0402 0102 0102 0101 0203 0102 0102 0301 0302 0201 0403 0101 0303 0101 0203 0304 0403 0201 0404 0204 0402 0102 0101 0101 0203 0104
11 , 0101 0301 0202 0201 0402 0301 0303 0301 0203 0204 0402 0101 0404 0204 0302 0102 0102 0101 0203 0102 0102 0301 0102 0201 0403 0101 0303 0301 0103 0304 0404 0401 0404 0204 0402 0102 0102 0103 0203 0102
12 , 0102 0301 0102 0203 0403 0101 0303 0303 0203 0304 0404 0201 0404 0104 0402 0102 0102 0101 0203 0102 0402 0301 0102 0201 0403 0401 0303 0301 0201 0301 0404 0201 0404 0204 0402 0104 0102 0101 0203 0102
13 , 0102 0301 0102 0201 0403 0101 0303 0301 0203 0304 0402 0301 0204 0204 0403 0102 0101 0101 0203 0102 0102 0301 0102 0201 0403 0101 0203 0301 0203 0304 0403 0201 0204 0103 0402 0102 0102 0201 0203 0102
14 , 0102 0301 0102 0101 0401 0101 0303 0301 0202 0304 0404 0201 0104 0204 0102 0102 0102 0101 0203 0102 0102 0301 0102 0201 0403 0101 0303 0301 0203 0304 0404 0201 0404 0204 0401 0102 0102 0101 0203 0102
15 , 0102 0202 0102 0201 0403 0101 0303 0301 0102 0304 0404 0201 0404 0204 0402 0102 0102 0101 0203 0102 0102 0301 0103 0201 0402 0101 0303 0301 0203 0304 0404 0201 0401 0104 0402 0102 0202 0101 0203 0102
16 , 0102 0301 0202 0201 0403 0101 0303 0301 0103 0304 0404 0101 0404 0204 0403 0102 0102 0104 0203 0102 0102 0301 0102 0201 0403 0101 0303 0301 0303 0304 0401 0201 0401 0204 0402 0102 0102 0102 0203 0402
17 , 0102 0301 0102 0201 0403 0101 0303 0301 0203 0304 0104 0201 0404 0201 0202 0102 0102 0101 0203 0102 0102 0301 0102 0204 0403 0101 0303 0303 0203 0304 0401 0201 0404 0204 0402 0102 0102 0101 0203 0102
18 , 0102 0301 0102 0201 0403 0101 0303 0302 0203 0304 0404 0201 0404 0204 0404 0102 0102 0101 0203 0102 0103 0301 0103 0201 0403 0101 0303 0301 0103 0304 0404 0201 0404 0204 0402 0102 0102 0103 0203 0102
19 , 0102 0301 0102 0201 0404 0101 0303 0301 0203 0304 0104 0201 0304 0404 0402 0102 0102 0101 0203 0102 0102 0301 0102 0204 0403 0101 0303 0301 0203 0304 0404 0201 0404 0204 0402 0102 0102 0101 0204 0102
20 , 0102 0301 0102 0201 0403 0201 0303 0301 0203 0304 0404 0204 0404 0204 0402 0102 0102 0101 0203 0102 0102 0301 0102 0201 0403 0301 0303 0303 0203 0203 0404 0201 0404 0204 0402 0102 0102 0101 0203 0102
21 , 0402 0301 0102 0201 0403 0401 0303 0301 0203 0304 0404 0201 0403 0204 0402 0102 0102 0101 0203 0102 0102 0301 0102 0201 0204 0101 0303 0301 0203 0304 0404 0201 0303 0204 0402 0102 0102 0101 0203 0102
22 , 0102 0301 0102 0201 0403 0101 0303 0301 0203 0304 0404 0201 0404 0204 0402 0102 0103 0101 0203 0202 0402 0301 0202 0201 0403 0101 0303 0301 0203 0204 0402 0101 0404 0204 0402 0102 0102 0101 0203 0402
23 , 0102 0301 0102 0201 0403 0101 0303 0301 0201 0304 0304 0201 0404 0204 0404 0102 0102 0101 0203 0102 0104 0301 0102 0201 0403 0101 0303 0301 0203 0304 0404 0201 0104 0204 0402 0102 0102 0301 0202 0102
24 , 0102 0301 0102 0201 0403 0401 0302 0301 0203 0304 0404 0204 0404 0204 0402 0102 0102 0101 0203 0102 0102 0301 0402 0201 0403 0101 0303 0302 0203 0304 0401 0201 0404 0204 0402 0102 0102 0101 0203 0102
25 , 0102 0302 0102 0201 0403 0401 0303 0301 0203 0304 0404 0204 0403 0204 0402 0102 0102 0101 0203 0102 0102 0301 0102 0201 0403 0101 0303 0301 0203 0304 0104 0201 0401 0204 0202 0402 0102 0101 0203 0102
26 , 0102 0301 0103 0201 0403 0101 0303 0303 0203 0304 0404 0201 0401 0104 0402 0103 0302 0101 0203 0102 0102 0301 0102 0201 0403 0101 0303 0301 0203 0303 0404 0201 0304 0404 0402 0102 0302 0101 0404 0102
27 , 0102 0301 0102 0401 0402 0101 0303 0301 0203 0304 0404 0201 0404 0204 0402 0102 0103 0101 0203 0102 0102 0301 0102 0201 0403 0101 0303 0301 0203 0304 0404 0201 0403 0404 0402 0102 0102 0301 0203 0102
28 , 0202 0301 0102 0201 0403 0101 0303 0301 0203 0304 0404 0201 0404 0204 0204 0102 0102 0101 0403 0102 0101 0304 0102 0201 0403 0101 0301 0301 0203 0304 0404 0202 0404 0204 0102 0102 0102 0101 0203 0102
29 , 0104 0301 0102 0202 0403 0101 0303 0301 0203 0304 0404 0201 0404 0204 0402 0102 0102 0301 0202 0102 0102 0303 0202 0201 0403 0101 0303 0301 0203 0304 0204 0201 0104 0204 0402 0104 0102 0101 0403 0102
30 , 0102 0301 0402 0201 0403 0101 0303 0301 0303 0304 0404 0201 0404 0204 0402 0102 0102 0101 0203 0102 0202 0301 0102 0201 0403 0101 0303 0301 0203 0304 0402 0201 0404 0204 0402 0102 0102 0101 0403 0102
31 , 0102 0301 0102 0201 0202 0101 0303 0301 0203 0304 0404 0201 0103 0204 0402 0102 0102 0101 0203 0102 0202 0301 0103 0201 0403 0301 0303 0301 0203 0301 0404 0201 0404 0204 0402 0103 0104 0101 0203 0102
32 , 0102 0301 0102 0201 0403 0101 0303 0301 0203 0304 0404 0201 0404 0204 0402 0102 0102 0101 0203 0102 0102 0301 0102 0201 0403 0101 0303 0301 0203 0303 0304 0201 0404 0204 0402 0102 0204 0101 0203 0102
33 , 0102 0301 0102 0101 0403 0101 0303 0304 0403 0304 0404 0201 0404 0204 0402 0102 0102 0104 0203 0102 0302 0301 0102 0204 0403 0101 0303 0303 0203 0304 0401 0202 0404 0204 0402 0102 0102 0102 0403 0102
34 , 0104 0301 0102 0203 0403 0101 0303 0301 0203 0304 0404 0201 0404 0204 0304 0102 0102 0101 0203 0102 0103 0301 0102 0201 0403 0104 0303 0301 0203 0304 0401 0201 0404 0204 0403 0102 0102 0101 0303 0102
35 , 0102 0301 0102 0201 0403 0101 0303 0301 0203 0204 0402 0101 0404 0204 0402 0103 0102 0101 0203 0202 0402 0301 0302 0201 0403 0101 0303 0301 0402 0304 0402 0201 0404 0204 0402 0103 0402 0101 0203 0102
36 , 0402 0301 0202 0201 0402 0101 0303 0301 0203 0204 0402 0101 0404 0204 0402 0102 0102 0101 0203 0102 0102 0301 0102 0201 0403 0101 0303 0304 0203 0304 0404 0201 0404 0204 0402 0102 0102 0101 0203 0102
37 , 0102 0303 0102 0201 0403 0101 0303 0201 0203 0303 0404 0201 0404 0104 0402 0102 0302 0101 0203 0102 0202 0101 0102 0201 0403 0101 0303 0301 0203 0304 0404 0201 0404 0201 0402 0102 0102 0101 0203 0302
38 , 0102 0301 0102 0201 0403 0101 0303 0301 0201 0304 0404 0401 0404 0204 0402 0302 0304 0104 0204 0103 0102 0301 0102 0201 0403 0101 0103 0302 0203 0304 0401 0201 0404 0204 0402 0102 0101 0103 0203 0102
39 , 0102 0301 0102 0201 0403 0101 0303 0101 0203 0304 0404 0201 0304 0204 0402 0102 0102 0201 0203 0102 0102 0301 0102 0201 0403 0101 0303 0301 0203 0304 0403 0201 0404 0204 0402 0102 0103 0101 0203 0102
40 , 0103 0301 0102 0201 0403 0301 0303 0301 0203 0304 0404 0201 0404 0204 0202 0102 0102 0201 0203 0102 0103 0301 0102 0201 0403 0101 0303 0301 0203 0304 0404 0201 0404 0204 0402 0102 0102 0101 0203 0102
41 , 0103 0301 0102 0201 0403 0401 0303 0301 0203 0304 0404 0201 0404 0204 0304 0102 0102 0101 0203 0102 0103 0301 0102 0201 0403 0101 0302 0301 0203 0301 0404 0101 0404 0204 0402 0102 0102 0101 0203 0102
42 , 0102 0303 0102 0201 0403 0101 0303 0301 0203 0304 0404 0202 0404 0104 0402 0102 0102 0101 0203 0102 0102 0301 0102 0201 0403 0102 0303 0301 0203 0304 0404 0201 0404 0204 0402 0102 0102 0201 0203 0102
43 , 0102 0301 0102 0202 0403 0101 0303 0301 0203 0304 0404 0201 0204 0204 0102 0102 0102 0101 0202 0102 0102 0301 0102 0201 0403 0103 0303 0301 0303 0303 0404 0202 0404 0204 0402 0102 0302 0101 0403 0102
44 , 0102 0301 0102 0201 0403 0101 0303 0301 0203 0304 0404 0201 0204 0304 0402 0102 0102 0101 0203 0202 0103 0301 0102 0201 0403 0101 0303 0301 0203 0304 0404 0201 0404 0204 0304 0102 0102 0101 0203 0102
45 , 0102 0301 0102 0203 0403 0101 0303 0301 0203 0304 0404 0201 0404 0204 0402 0102 0102 0101 0203 0102 0102 0301 0102 0201 0403 0101 0303 0301 0203 0304 0404 0201 0404 0204 0402 0102 0102 0101 0203 0102
46 , 0102 0301 0102 0101 0403 0101 0303 0302 0203 0304 0404 0201 0404 0204 0402 0102 0102 0101 0203 0102 0103 0301 0102 0201 0403 0101 0303 0303 0203 0304 0404 0201 0404 0204 0402 0102 0102 0301 0203 0102
47 , 0102 0301 0202 0201 0403 0101 0303 0301 0203 0304 0404 0201 0404 0204 0402 0102 0102 0101 0203 0102 0101 0401 0102 0201 0403 0101 0303 0301 0203 0304 0404 0201 0404 0204 0402 0102 0102 0101 0403 0102
48 , 0102 0301 0202 0201 0403 0101 0303 0301 0203 0304 0404 0201 0304 0204 0402 0104 0102 0101 0401 0102 0102 0301 0102 0204 0403 0101 0303 0301 0203 0304 0404 0201 0404 0204 0402 0104 0102 0101 0203 0102
49 , 0102 0301 0102 0101 0103 0101 0303 0301 0203 0304 0404 0201 0404 0204 0402 0102 0102 0101 0203 0102 0102 0301 0102 0201 0403 0101 0303 0301 0203 0304 0401 0201 0404 0204 0403 0102 0102 0101 0203 0102
50 , 0402 0301 0102 0201 0403 0101 0303 0201 0203 0304 0404 0201 0204 0204 0102 0102 0102 0101 0201 0102 0103 0301 0102 0201 0403 0101 0303 0103 0203 0304 0404 0201 0204 0204 0402 0102 0102 0301 0203 0102
51 , 0102 0301 0102 0301 0403 0101 0303 0301 0203 0204 0404 0201 0303 0204 0402 0102 0102 0301 0203 0104 0102 0301 0102 0201 0403 0101 0303 0301 0203 0304 0404 0201 0403 0204 0402 0102 0102 0101 0203 0102
52 , 0102 0301 0102 0401 0403 0101 0303 0301 0203 0304 0404 0201 0404 0203 0402 0102 0402 0101 0203 0102 0102 0301 0102 0201 0403 0101 0303 0303 0203 0304 0404 0201 0404 0204 0402 0102 0102 0101 0203 0104
53 , 0101 0301 0102 0201 0403 0101 0303 0301 0202 0304 0404 0201 0404 0204 0402 0102 0102 0101 0203 0102 0302 0301 0102 0201 0403 0101 0303 0301 0203 0304 0404 0401 0104 0204 0402 0102 0102 0101 0203 0102
54 , 0102 0301 0102 0201 0403 0101 0303 0301 0203 0304 0401 0201 0404 0204 0403 0102 0102 0103 0203 0102 0102 0301 0102 0201 0403 0101 0303 0301 0203 0304 0404 0201 0404 0204 0302 0103 0102 0101 0203 0102
55 , 0102 0301 0102 0201 0403 0201 0303 0301 0203 0304 0402 0203 0204 0204 0402 0102 0102 0101 0203 0101 0102 0302 0102 0201 0403 0401 0303 0302 0203 0304 0404 0202 0404 0204 0402 0102 0102 0101 0203 0102
56 , 0102 0301 0102 0201 0403 0101 0303 0301 0203 0304 0402 0201 0404 0204 0402 0101 0102 0101 0203 0102 0102 0301 0102 0201 0103 0101 0303 0301 0203 0304 0404 0201 0404 0204 0402 0102 0102 0103 0203 0302
57 , 0102 0301 0202 0201 0403 0201 0303 0301 0203 0304 0404 0203 0204 0204 0402 0102 0102 0101 0203 0102 0102 0301 0102 0201 0103 0101 0303 0301 0203 0304 0404 0201 0404 0204 0402 0102 0102 0101 0203 0102
58 , 0102 0303 0102 0201 0403 0101 0303 0301 0203 0304 0404 0201 0404 0104 0404 0102 0102 0101 0203 0102 0102 0401 0202 0201 0403 0101 0303 0301 0203 0304 0402 0201 0104 0204 0402 0104 0102 0101 0403 0102
59 , 0102 0301 0102 0201 0403 0101 0303 0301 0203 0304 0204 0201 0403 0204 0402 0102 0102 0101 0202 0102 0102 0301 0102 0404 0403 0101 0303 0303 0203 0304 0401 0201 0404 0304 0402 0102 0102 0101 0203 0102
60 , 0102 0301 0102 0201 0403 0101 0303 0301 0203 0304 0404 0201 0404 0201 0402 0102 0103 0101 0202 0102 0102 0301 0102 0201 0403 0101 0303 0302 0203 0304 0404 0201 0404 0204 0402 0102 0102 0101 0202 0102
61 , 0101 0301 0302 0201 0303 0101 0303 0101 0203 0304 0403 0201 0404 0204 0402 0102 0102 0101 0203 0104 0102 0301 0102 0201 0403 0104 0303 0301 0203 0304 0104 0201 0404 0204 0402 0102 0102 0101 0203 0102
62 , 0102 0301 0102 0201 0403 0101 0303 0301 0203 0304 0404 0201 0404 0204 0402 0103 0102 0101 0203 0104 0102 0301 0102 0201 0403 0201 0303 0301 0203 0304 0404 0201 0404 0204 0402 0102 0302 0101 0203 0102
63 , 0102 0301 0102 0201 0403 0103 0303 0301 0303 0303 0404 0202 0404 0204 0402 0102 0302 0101 0403 0102 0102 0301 0102 0201 0403 0103 0303 0301 0203 0304 0404 0201 0403 0204 0402 0102 0102 0101 0203 0102
64 , 0102 0301 0402 0201 0403 0101 0203 0302 0204 0304 0304 0201 0404 0203 0402 0102 0102 0101 0203 0102 0103 0301 0102 0201 0403 0101 0303 0301 0203 0304 0404 0202 0404 0204 0402 0102 0102 0301 0103 0102
65 , 0102 0301 0102 0301 0403 0101 0303 0301 0203 0304 0404 0201 0204 0104 0402 0102 0402 0201 0403 0102 0202 0301 0102 0204 0402 0101 0303 0301 0201 0301 0404 0201 0404 0204 0402 0102 0102 0101 0203 0102
66 , 0102 0301 0102 0201 0401 0101 0303 0301 0303 0204 0402 0101 0204 0204 0402 0103 0102 0101 0203 0102 0102 0301 0102 0201 0403 0101 0303 0301 0203 0304 0404 0201 0204 0104 0402 0102 0102 0101 0203 0102
67 , 0201 0301 0102 0201 0403 0101 0303 0301 0203 0304 0404 0201 0404 0204 0402 0102 0102 0101 0203 0302 0102 0302 0102 0201 0403 0101 0303 0302 0203 0304 0404 0201 0104 0204 0402 0102 0102 0101 0203 0103
68 , 0102 0301 0103 0301 0403 0201 0303 0301 0201 0104 0404 0204 0404 0204 0402 0102 0102 0101 0203 0302 0102 0301 0102 0201 0403 0401 0303 0304 0203 0304 0404 0201 0404 0204 0402 0102 0102 0101 0203 0102
69 , 0102 0301 0102 0204 0403 0101 0303 0301 0203 0304 0404 0201 0203 0104 0402 0102 0202 0401 0203 0102 0102 0301 0102 0204 0403 0102 0303 0303 0203 0304 0401 0301 0404 0204 0402 0402 0102 0101 0203 0102
70 , 0102 0301 0102 0201 0403 0101 0303 0301 0303 0304 0401 0201 0401 0404 0402 0102 0102 0101 0203 0402 0102 0301 0102 0201 0403 0101 0303 0303 0203 0104 0404 0201 0404 0204 0102 0102 0102 0101 0203 0102
71 , 0102 0301 0102 0201 0403 0101 0303 0201 0203 0304 0404 0401 0104 0204 0402 0102 0102 0101 0203 0202 0102 0301 0102 0204 0404 0101 0303 0301 0203 0304 0404 0201 0304 0204 0402 0104 0102 0101 0203 0102
72 , 0104 0301 0102 0201 0403 0101 0303 0201 0203 0304 0404 0201 0404 0204 0402 0102 0102 0301 0202 0102 0102 0301 0102 0201 0403 0101 0303 0301 0203 0304 0402 0201 0404 0204 0402 0102 0102 0101 0202 0101
73 , 0102 0301 0102 0401 0403 0101 0303 0301 0203 0304 0304 0202 0404 0204 0401 0102 0102 0101 0203 0102 0102 0303 0102 0203 0403 0101 0303 0301 0203 0304 0404 0201 0404 0104 0402 0102 0102 0101 0203 0102
74 , 0102 0301 0102 0201 0403 0101 0303 0301 0203 0304 0404 0201 0404 0204 0402 0102 0102 0101 0201 0102 0102 0301 0102 0201 0403 0101 0303 0302 0203 0104 0402 0201 0403 0204 0402 0102 0102 0101 0203 0102
75 , 0202 0101 0102 0201 0403 0101 0303 0301 0203 0304 0404 0201 0402 0201 0202 0102 0102 0101 0203 0302 0102 0301 0102 0201 0403 0101 0303 0301 0203 0304 0304 0201 0404 0204 0402 0102 0102 0101 0203 0102
76 , 0102 0404 0102 0201 0403 0101 0303 0302 0203 0303 0403 0201 0403 0204 0402 0102 0102 0101 0203 0102 0102 0401 0202 0201 0403 0101 0303 0301 0203 0303 0404 0201 0404 0404 0402 0102 0103 0101 0203 0102
77 , 0202 0301 0102 0201 0403 0101 0303 0301 0203 0304 0404 0201 0403 0204 0402 0102 0102 0101 0403 0102 0101 0301 0102 0201 0403 0101 0303 0301 0203 0304 0404 0204 0404 0203 0402 0102 0402 0101 0203 0102
78 , 0102 0301 0102 0201 0403 0201 0303 0301 0203 0304 0404 0204 0404 0201 0402 0102 0102 0101 0203 0102 0102 0301 0102 0301 0403 0101 0303 0301 0203 0204 0204 0204 0303 0204 0402 0102 0102 0101 0203 0104
79 , 0104 0301 0102 0201 0403 0101 0203 0302 0403 0304 0404 0201 0404 0204 0402 0102 0101 0101 0203 0102 0102 0301 0102 0201 0403 0101 0303 0301 0203 0304 0401 0201 0404 0204 0403 0102 0102 0101 0201 0102
80 , 0102 0301 0102 0201 0403 0101 0303 0303 0203 0304 0404 0201 0404 0204 0402 0102 0102 0101 0103 0102 0102 0301 0103 0201 0403 0101 0303 0301 0203 0304 0404 0201 0404 0104 0402 0102 0102 0101 0203 0101
81 , 0101 0301 0302 0201 0403 0101 0302 0302 0203 0401 0401 0201 0404 0204 0402 0102 0102 0101 0203 0102 0102 0301 0102 0201 0403 0101 0303 0301 0203 0204 0402 0101 0404 0204 0402 0303 0102 0101 0203 0102
82 , 0102 0301 0402 0204 0403 0101 0303 0201 0203 0304 0404 0201 0404 0404 0402 0104 0102 0101 0203 0102 0102 0301 0102 0201 0403 0101 0303 0301 0203 0304 0404 0201 0403 0204 0404 0102 0102 0401 0203 0102
83 , 0102 0301 0102 0201 0303 0104 0303 0303 0203 0304 0404 0201 0404 0204 0402 0102 0102 0101 0203 0102 0102 0304 0102 0201 0403 0101 0303 0301 0203 0304 0404 0202 0404 0204 0103 0102 0102 0201 0203 0102
84 , 0104 0301 0102 0201 0403 0101 0303 0301 0203 0304 0404 0201 0404 0204 0304 0102 0102 0101 0203 0102 0102 0301 0102 0201 0403 0101 0303 0301 0203 0304 0404 0401 0402 0104 0402 0102 0202 0101 0203 0102
85 , 0101 0301 0101 0201 0403 0101 0302 0301 0203 0301 0404 0201 0404 0204 0402 0104 0102 0101 0203 0102 0102 0301 0102 0201 0403 0104 0403 0101 0203 0404 0404 0203 0404 0204 0402 0102 0102 0101 0203 0202
86 , 0102 0301 0102 0201 0402 0101 0103 0302 0203 0304 0404 0201 0204 0204 0404 0102 0102 0101 0203 0102 0202 0101 0102 0201 0304 0101 0303 0301 0203 0304 0404 0201 0404 0204 0402 0102 0102 0102 0303 0102
87 , 0102 0301 0102 0201 0403 0101 0303 0301 0203 0304 0404 0201 0204 0204 0402 0102 0102 0101 0203 0102 0302 0301 0101 0201 0403 0101 0303 0301 0203 0304 0404 0201 0404 0202 0401 0402 0102 0101 0203 0302
88 , 0101 0304 0102 0201 0403 0101 0301 0301 0203 0304 0401 0202 0404 0204 0102 0104 0102 0103 0203 0102 0202 0301 0102 0201 0403 0101 0303 0301 0203 0304 0404 0201 0404 0201 0402 0102 0102 0101 0203 0302
89 , 0102 0301 0102 0201 0303 0101 0303 0301 0203 0304 0404 0201 0404 0204 0402 0102 0102 0103 0203 0102 0102 0301 0102 0201 0403 0101 0301 0301 0203 0304 0404 0201 0403 0204 0402 0102 0102 0101 0203 0102
90 , 0103 0301 0102 0201 0403 0101 0303 0301 0203 0304 0402 0201 0404 0204 0402 0102 0102 0101 0202 0102 0102 0201 0102 0201 0403 0401 0303 0301 0203 0304 0404 0204 0403 0204 0402 0102 0102 0101 0203 0102
91 , 0102 0301 0202 0203 0403 0201 0303 0301 0203 0304 0404 0203 0204 0204 0402 0102 0102 0101 0203 0102 0102 0304 0102 0204 0403 0101 0303 0301 0202 0304 0404 0201 0404 0204 0402 0102 0102 0101 0203 0102
92 , 0102 0301 0102 0201 0403 0101 0303 0301 0203 0104 0402 0202 0404 0204 0401 0102 0102 0101 0203 0402 0102 0301 0102 0201 0403 0101 0303 0301 0203 0304 0104 0201 0401 0204 0202 0402 0102 0101 0203 0102
93 , 0202 0301 0102 0201 0403 0101 0303 0301 0203 0304 0404 0204 0404 0204 0402 0102 0102 0101 0403 0102 0102 0301 0102 0204 0403 0103 0303 0301 0203 0304 0404 0201 0404 0204 0402 0102 0102 0101 0203 0102
94 , 0102 0301 0102 0201 0403 0101 0303 0301 0203 0304 0404 0201 0404 0204 0402 0102 0102 0301 0204 0102 0102 0301 0102 0204 0403 0101 0203 0301 0203 0304 0404 0201 0404 0204 0402 0104 0103 0101 0203 0102
95 , 0102 0302 0102 0201 0403 0101 0303 0301 0203 0301 0404 0401 0104 0204 0402 0102 0102 0101 0203 0102 0102 0301 0102 0201 0403 0201 0303 0301 0203 0304 0404 0203 0204 0204 0402 0102 0102 0103 0203 0101
96 , 0102 0301 0102 0201 0403 0101 0303 0302 0203 0304 0404 0201 0404 0204 0402 0102 0102 0101 0203 0102 0102 0301 0102 0201 0403 0101 0303 0101 0203 0304 0404 0203 0404 0204 0402 0102 0102 0101 0203 0102
97 , 0102 0301 0102 0201 0203 0101 0103 0301 0203 0304 0404 0201 0404 0204 0402 0102 0102 0301 0203 0102 0102 0401 0102 0201 0403 0401 0303 0301 0203 0304 0404 0204 0403 0204 0402 0102 0102 0101 0203 0102
98 , 0102 0301 0102 0201 0403 0101 0303 0301 0203 0304 0404 0201 0404 0204 0402 0102 0402 0101 0203 0102 0402 0301 0302 0201 0403 0101 0303 0301 0202 0304 0302 0201 0404 0204 0402 0103 0402 0101 0203 0102
99 , 0104 0301 0102 0201 0403 0101 0203 0302 0203 0304 0403 0201 0404 0204 0402 0102 0101 0101 0203 0102 0101 0301 0202 0201 0403 0101 0203 0301 0203 0303 0404 0201 0404 0404 0402 0102 0102 0101 0403 0102
100 , 0102 0301 0102 0201 0403 0101 0303 0303 0203 0304 0404 0201 0204 0204 0402 0102 0102 0101 0203 0102 0102 0301 0102 0201 0403 0101 0303 0303 0203 0304 0404 0201 0404 0204 0402 0102 0102 0101 0203 0102
101 , 0102 0301 0102 0201 0403 0101 0303 0301 0203 0304 0402 0201 0404 0204 0402 0102 0102 0101 0203 0102 0102 0201 0102 0201 0403 0101 0303 0301 0403 0303 0404 0201 0404 0204 0402 0102 0102 0101 0203 0102
102 , 0102 0301 0102 0401 0403 0101 0303 0301 0203 0304 0404 0201 0404 0202 0402 0102 0402 0201 0203 0102 0102 0103 0202 0201 0403 0101 0303 0301 0203 0304 0404 0201 0402 0204 0201 0102 0102 0101 0203 0102
103 , 0101 0301 0202 0201 0403 0101 0301 0301 0203 0104 0404 0201 0404 0204 0403 0102 0102 0101 0203 0402 0102 0301 0102 0201 0403 0101 0103 0301 0203 0304 0404 0201 0204 0104 0402 0102 0402 0102 0203 0102
104 , 0103 0301 0102 0201 0403 0101 0303 0301 0203 0304 0404 0101 0404 0204 0402 0102 0102 0101 0203 0102 0102 0301 0204 0201 0403 0101 0303 0301 0203 0304 0404 0201 0104 0204 0402 0104 0102 0101 0403 0102
105 , 0102 0301 0102 0201 0403 0101 0303 0301 0203 0304 0402 0201 0204 0204 0402 0102 0102 0101 0203 0102 0102 0301 0102 0201 0403 0101 0303 0301 0403 0304 0404 0201 0404 0204 0402 0102 0102 0104 0203 0102
106 , 0102 0301 0102 0201 0403 0101 0303 0301 0303 0301 0404 0101 0404 0204 0402 0102 0102 0101 0203 0402 0102 0301 0102 0201 0403 0101 0303 0301 0203 0304 0304 0201 0404 0204 0402 0102 0102 0401 0403 0102
107 , 0102 0301 0102 0201 0403 0101 0303 0301 0203 0304 0401 0201 0204 0204 0402 0101 0102 0101 0203 0102 0103 0301 0102 0201 0404 0104 0303 0301 0203 0304 0404 0201 0404 0202 0402 0102 0102 0401 0203 0102
108 , 0103 0401 0103 0201 0403 0101 0303 0301 0203 0304 0404 0201 0404 0204 0402 0202 0102 0101 0203 0102 0102 0303 0302 0201 0403 0101 0303 0301 0203 0304 0404 0201 0404 0104 0402 0101 0102 0101 0203 0102
109 , 0102 0301 0102 0201 0403 0101 0403 0301 0203 0304 0404 0201 0204 0304 0402 0102 0102 0101 0303 0202 0102 0301 0102 0204 0403 0101 0303 0301 0203 0304 0404 0201 0104 0204 0402 0102 0102 0101 0203 0102
110 , 0102 0301 0202 0201 0403 0101 0303 0301 0203 0304 0404 0201 0104 0204 0402 0104 0102 0101 0403 0102 0402 0301 0302 0202 0403 0101 0303 0303 0203 0304 0403 0201 0404 0204 0402 0102 0102 0101 0203 0102
111 , 0102 0301 0102 0201 0403 0101 0303 0301 0203 0304 0404 0201 0204 0104 0402 0102 0102 0101 0203 0102 0103 0301 0102 0201 0403 0101 0303 0302 0203 0304 0404 0201 0404 0204 0402 0102 0102 0101 0203 0102
112 , 0102 0301 0202 0201 0403 0401 0303 0301 0203 0303 0404 0201 0404 0404 0402 0102 0102 0101 0203 0102 0102 0301 0103 0201 0403 0101 0304 0301 0203 0304 0404 0201 0403 0204 0402 0102 0102 0101 0203 0102
113 , 0102 0301 0102 0201 0403 0101 0301 0301 0203 0304 0404 0204 0404 0404 0402 0102 0402 0101 0203 0102 0102 0301 0102 0201 0403 0101 0303 0301 0203 0304 0404 0201 0404 0203 0402 0102 0402 0101 0203 0102
114 , 0102 0301 0102 0201 0403 0101 0303 0301 0203 0304 0404 0201 0204 0204 0402 0102 0102 0101 0203 0102 0102 0301 0102 0204 0403 0101 0303 0301 0202 0304 0404 0201 0404 0204 0402 0102 0102 0101 0203 0102
115 , 0102 0303 0202 0204 0403 0101 0303 0301 0203 0304 0404 0201 0404 0104 0403 0102 0102 0101 0204 0102 0102 0303 0102 0101 0403 0201 0303 0301 0203 0404 0402 0204 0404 0204 0402 0104 0102 0101 0203 0102
116 , 0102 0301 0102 0201 0403 0101 0303 0301 0203 0204 0402 0101 0404 0204 0402 0103 0102 0101 0203 0102 0102 0301 0102 0201 0403 0101 0403 0301 0203 0404 0404 0201 0404 0204 0402 0102 0102 0101 0203 0102
117 , 0104 0301 0102 0201 0403 0101 0203 0302 0203 0304 0404 0201 0404 0404 0402 0102 0101 0101 0203 0102 0102 0301 0102 0201 0403 0101 0103 0301 0203 0304 0404 0201 0404 0204 0402 0402 0101 0301 0203 0102
118 , 0102 0301 0102 0201 0403 0101 0303 0301 0203 0304 0404 0201 0404 0204 0402 0102 0102 0101 0203 0102 0102 0301 0102 0201 0303 0101 0303 0301 0203 0204 0402 0101 0404 0204 0402 0102 0102 0101 0203 0102
119 , 0102 0301 0103 0201 0403 0201 0303 0301 0203 0104 0404 0204 0104 0204 0402 0102 0102 0101 0203 0302 0101 0401 0102 0201 0403 0101 0303 0301 0203 0304 0404 0201 0404 0204 0402 0102 0102 0101 0203 0102
120 , 0202 0303 0102 0201 0403 0101 0303 0301 0203 0304 0404 0202 0404 0201 0402 0102 0102 0101 0203 0302 0102 0301 0102 0204 0403 0101 0303 0301 0203 0304 0404 0201 0404 0204 0402 0104 0102 0101 0203 0102
121 , 0102 0301 0202 0201 0403 0101 0303 0301 0203 0304 0404 0201 0404 0204 0402 0102 0103 0101 0203 0101 0102 0301 0102 0301 0404 0101 0303 0301 0103 0304 0204 0101 0404 0204 0402 0102 0102 0204 0203 0102
122 , 0102 0301 0102 0201 0403 0101 0303 0301 0203 0304 0404 0201 0203 0104 0402 0102 0102 0101 0203 0102 0102 0301 0102 0201 0103 0101 0303 0301 0203 0304 0404 0201 0404 0204 0402 0102 0102 0201 0203 0102
123 , 0102 0301 0102 0201 0403 0101 0303 0301 0203 0304 0401 0201 0404 0204 0403 0102 0102 0301 0203 0102 0102 0301 0102 0201 0404 0101 0303 0301 0203 0304 0104 0201 0404 0404 0402 0102 0101 0101 0203 0102
124 , 0102 0301 0104 0201 0403 0101 0303 0301 0203 0104 0404 0201 0404 0204 0401 0102 0402 0101 0203 0102 0102 0301 0102 0201 0403 0201 0303 0301 0203 0304 0404 0203 0204 0204 0402 0102 0102 0101 0203 0101
125 , 0102 0301 0102 0201 0403 0101 0303 0301 0203 0304 0401 0201 0404 0204 0402 0101 0102 0101 0203 0102 0102 0301 0102 0201 0403 0101 0304 0301 0203 0303 0404 0201 0403 0204 0402 0102 0102 0101 0203 0102
126 , 0102 0303 0102 0201 0403 0101 0303 0301 0203 0304 0404 0201 0404 0104 0402 0102 0102 0101 0203 0102 0301 0301 0102 0201 0103 0101 0302 0301 0203 0303 0404 0201 0404 0204 0402 0102 0102 0101 0203 0102
127 , 0102 0301 0102 0201 0403 0101 0303 0301 0203 0304 0404 0201 0402 0204 0402 0102 0102 0101 0203 0102 0102 0303 0102 0201 0402 0101 0303 0301 0203 0304 0404 0201 0404 0204 0402 0102 0102 0101 0203 0102
128 , 0202 0101 0102 0201 0403 0101 0303 0301 0203 0304 0404 0204 0404 0201 0202 0102 0102 0101 0203 0302 0102 0301 0102 0201 0403 0101 0303 0301 0203 0304 0404 0202 0204 0104 0402 0102 0402 0101 0203 0102
129 , 0102 0301 0102 0201 0403 0101 0303 0301 0203 0304 0404 0201 0404 0204 0401 0102 0102 0101 0203 0102 0302 0301 0101 0201 0403 0101 0303 0301 0203 0304 0404 0201 0404 0204 0401 0402 0102 0101 0203 0302
130 , 0102 0301 0102 0201 0403 0101 0302 0301 0203 0304 0404 0201 0404 0204 0403 0102 0102 0104 0203 0102 0102 0301 0102 0201 0403 0101 0303 0301 0203 0304 0404 0201 0404 0204 0401 0102 0102 0101 0203 0102
131 , 0102 0301 0102 0201 0403 0101 0303 0301 0203 0304 0404 0201 0404 0204 0102 0102 0102 0101 0203 0102 0103 0301 0102 0201 0403 0101 0303 0301 0203 0304 0404 0201 0404 0204 0402 0102 0102 0101 0203 0102
132 , 0103 0301 0102 0201 0403 0101 0303 0301 0203 0304 0403 0201 0404 0204 0402 0102 0102 0101 0203 0102 0102 0301 0402 0201 0403 0101 0303 0301 0303 0304 0404 0201 0404 0204 0402 0102 0102 0101 0203 0102
133 , 0102 0301 0102 0201 0403 0101 0303 0301 0203 0104 0404 0201 0404 0204 0401 0102 0102 0101 0203 0102 0102 0301 0104 0201 0402 0101 0303 0301 0203 0304 0402 0201 0404 0204 0402 0102 0102 0101 0202 0102
134 , 0101 0304 0102 0201 0403 0101 0301 0301 0203 0304 0404 0202 0404 0204 0102 0102 0102 0101 0203 0102 0302 0301 0101 0201 0403 0101 0303 0301 0203 0304 0404 0201 0404 0204 0401 0402 0102 0101 0203 0303
135 , 0102 0201 0102 0201 0103 0101 0303 0301 0303 0304 0404 0201 0404 0204 0402 0102 0102 0101 0203 0102 0102 0301 0102 0201 0403 0101 0303 0301 0203 0304 0404 0201 0404 0203 0402 0102 0402 0101 0203 0102
136 , 0102 0301 0101 0201 0303 0101 0303 0301 0203 0304 0404 0201 0404 0204 0102 0102 0102 0101 0203 0102 0102 0301 0102 0204 0403 0101 0302 0301 0203 0304 0404 0201 0404 0204 0402 0102 0102 0101 0203 0102
137 , 0101 0301 0102 0201 0403 0201 0302 0301 0203 0301 0403 0201 0404 0204 0402 0102 0102 0101 0203 0102 0102 0302 0102 0201 0403 0101 0301 0301 0203 0304 0401 0201 0404 0204 0402 0102 0102 0104 0203 0102
138 , 0102 0301 0102 0201 0403 0101 0303 0301 0203 0304 0404 0201 0404 0104 0402 0102 0202 0101 0203 0102 0102 0301 0102 0201 0403 0101 0303 0301 0203 0304 0104 0201 0404 0404 0402 0202 0102 0101 0203 0101
139 , 0102 0301 0102 0201 0403 0101 0303 0301 0203 0304 0404 0201 0204 0104 0402 0102 0102 0101 0203 0102 0102 0301 0102 0201 0403 0101 0303 0301 0201 0404 0404 0201 0404 0204 0402 0102 0302 0104 0203 0102
140 , 0102 0302 0102 0201 0103 0101 0304 0301 0203 0304 0404 0201 0104 0204 0402 0102 0102 0101 0203 0102 0102 0301 0102 0201 0403 0101 0303 0301 0302 0304 0404 0201 0404 0204 0402 0102 0102 0101 0204 0102
141 , 0102 0301 0102 0201 0403 0301 0303 0301 0203 0304 0404 0204 0404 0202 0402 0102 0102 0101 0203 0102 0102 0301 0102 0204 0403 0101 0303 0301 0203 0304 0404 0201 0204 0204 0402 0102 0102 0101 0203 0102
142 , 0102 0304 0102 0201 0403 0101 0303 0301 0203 0204 0402 0101 0404 0204 0402 0103 0102 0101 0203 0102 0102 0301 0302 0201 0403 0101 0303 0101 0203 0304 0403 0201 0404 0204 0402 0102 0102 0101 0203 0104
143 , 0102 0301 0102 0201 0103 0101 0303 0301 0402 0304 0404 0201 0404 0204 0402 0102 0102 0104 0203 0102 0102 0301 0102 0201 0403 0101 0303 0301 0303 0304 0402 0201 0204 0204 0402 0102 0102 0101 0203 0102
144 , 0102 0301 0102 0201 0403 0101 0303 0301 0203 0304 0404 0202 0404 0104 0402 0103 0102 0101 0204 0102 0102 0401 0102 0201 0403 0101 0303 0301 0203 0304 0404 0201 0404 0204 0402 0102 0102 0101 0202 0102
145 , 0403 0301 0102 0202 0403 0101 0303 0301 0203 0304 0404 0201 0404 0204 0304 0102 0202 0101 0203 0102 0102 0301 0102 0201 0403 0101 0303 0301 0203 0204 0402 0101 0404 0204 0402 0103 0102 0101 0203 0102
146 , 0102 0301 0102 0201 0404 0104 0303 0301 0203 0304 0104 0201 0404 0404 0402 0102 0102 0101 0203 0102 0102 0301 0102 0201 0403 0101 0401 0301 0203 0304 0404 0204 0404 0402 0402 0102 0102 0101 0203 0102
147 , 0102 0301 0102 0201 0403 0101 0303 0301 0203 0204 0404 0201 0404 0204 0402 0102 0102 0102 0203 0102 0102 0301 0102 0201 0403 0101 0303 0301 0203 0304 0404 0201 0404 0204 0402 0102 0102 0101 0203 0102
148 , 0102 0301 0102 0201 0403 0101 0403 0301 0203 0403 0404 0201 0404 0204 0402 0102 0102 0101 0203 0102 0102 0301 0102 0201 0403 0101 0303 0301 0303 0304 0403 0304 0404 0204 0401 0102 0102 0101 0203 0102
149 , 0102 0301 0102 0201 0403 0101 0303 0301 0203 0304 0404 0401 0404 0204 0404 0102 0102 0101 0203 0102 0102 0301 0102 0201 0401 0101 0303 0301 0203 0304 0404 0201 0404 0204 0402 0102 0102 0102 0203 0102
150 , 0102 0301 0102 0201 0403 0101 0303 0301 0202 0304 0401 0203 0404 0204 0402 0102 0102 0101 0203 0102 0302 0301 0102 0201 0403 0101 0303 0301 0203 0304 0404 0201 0404 0204 0404 0102 0402 0101 0203 0102
151 , 0102 0301 0302 0201 0403 0101 0303 0101 0203 0304 0403 0201 0404 0204 0402 0102 0102 0101 0203 0104 0102 0301 0102 0201 0403 0101 0303 0303 0203 0304 0404 0201 0404 0204 0402 0102 0102 0201 0203 0102
152 , 0404 0301 0102 0201 0403 0101 0303 0301 0203 0304 0404 0201 0404 0203 0304 0102 0102 0101 0203 0102 0402 0301 0302 0201 0403 0101 0303 0301 0202 0304 0402 0201 0304 0204 0402 0103 0402 0201 0201 0102
153 , 0102 0301 0102 0201 0403 0101 0303 0301 0303 0304 0404 0201 0404 0204 0402 0102 0102 0101 0203 0102 0102 0301 0102 0204 0403 0101 0303 0301 0203 0301 0404 0201 0404 0204 0402 0102 0102 0101 0203 0102
154 , 0102 0201 0102 0201 0403 0101 0303 0301 0203 0304 0402 0201 0204 0204 0402 0102 0102 0101 0203 0102 0102 0301 0102 0201 0403 0101 0303 0302 0204 0304 0404 0201 0403 0204 0302 0102 0102 0101 0203 0302
155 , 0102 0101 0102 0201 0304 0101 0303 0301 0203 0304 0404 0201 0404 0204 0402 0102 0102 0102 0203 0102 0102 0301 0102 0204 0403 0101 0303 0301 0203 0304 0404 0201 0404 0204 0402 0102 0102 0301 0204 0102
156 , 0102 0301 0104 0101 0403 0203 0303 0301 0201 0404 0404 0204 0404 0204 0402 0104 0102 0101 0203 0102 0104 0304 0102 0201 0403 0101 0302 0301 0203 0304 0404 0201 0404 0204 0304 0102 0102 0101 0203 0102
157 , 0102 0301 0102 0201 0403 0101 0303 0301 0203 0304 0104 0201 0403 0204 0302 0104 0102 0101 0203 0102 0102 0301 0102 0201 0403 0101 0303 0101 0203 0304 0404 0201 0404 0204 0401 0104 0102 0101 0203 0102
158 , 0102 0301 0102 0301 0403 0101 0303 0301 0203 0204 0404 0201 0303 0204 0402 0102 0102 0101 0203 0104 0102 0301 0102 0201 0403 0101 0303 0301 0202 0304 0404 0201 0404 0204 0202 0104 0102 0201 0203 0101
159 , 0102 0301 0102 0201 0403 0101 0303 0303 0203 0104 0404 0201 0404 0204 0402 0102 0102 0101 0203 0102 0402 0301 0202 0201 0403 0104 0303 0301 0203 0204 0402 0101 0404 0204 0402 0102 0102 0101 0203 0102
160 , 0102 0301 0102 0201 0403 0101 0303 0301 0203 0104 0404 0201 0404 0204 0402 0102 0102 0101 0202 0102 0101 0301 0102 0204 0403 0101 0303 0301 0203 0304 0404 0201 0404 0204 0402 0102 0102 0101 0203 0102
161 , 0402 0301 0103 0201 0403 0101 0303 0301 0103 0304 0204 0201 0404 0104 0402 0102 0102 0101 0203 0101 0102 0301 0102 0201 0403 0101 0303 0301 0203 0304 0401 0201 0404 0204 0403 0102 0102 0101 0203 0102
162 , 0102 0302 0102 0201 0403 0101 0303 0304 0203 0304 0404 0101 0404 0204 0402 0104 0102 0101 0203 0102 0102 0301 0102 0201 0403 0102 0303 0302 0203 0304 0404 0201 0404 0204 0402 0102 0102 0101 0203 0102
163 , 0102 0301 0102 0201 0403 0101 0303 0301 0203 0304 0401 0201 0404 0204 0403 0102 0102 0101 0203 0102 0102 0301 0102 0201 0403 0101 0303 0301 0203 0304 0404 0201 0204 0204 0102 0102 0102 0101 0203 0202
164 , 0102 0301 0102 0201 0403 0201 0303 0304 0203 0303 0404 0101 0404 0204 0402 0102 0302 0101 0203 0102 0402 0301 0402 0201 0403 0101 0303 0301 0303 0304 0404 0201 0104 0204 0402 0102 0102 0101 0203 0101
165 , 0102 0301 0402 0201 0103 0101 0203 0302 0203 0304 0302 0204 0401 0203 0402 0102 0102 0101 0203 0102 0102 0301 0102 0201 0403 0301 0303 0301 0203 0304 0404 0204 0404 0204 0402 0102 0102 0101 0202 0102
166 , 0101 0304 0102 0201 0403 0101 0301 0301 0203 0304 0404 0202 0404 0204 0202 0102 0102 0101 0203 0102 0402 0301 0302 0201 0403 0101 0303 0301 0202 0304 0402 0201 0404 0204 0402 0103 0402 0101 0203 0102
167 , 0102 0301 0302 0201 0403 0101 0304 0101 0203 0304 0403 0203 0404 0204 0402 0102 0102 0101 0203 0104 0102 0301 0102 0201 0403 0101 0303 0201 0203 0304 0104 0201 0401 0204 0202 0402 0102 0101 0201 0102
168 , 0102 0301 0102 0201 0403 0101 0303 0301 0203 0304 0103 0201 0401 0204 0202 0402 0302 0101 0203 0102 0102 0301 0102 0201 0403 0102 0303 0301 0203 0304 0404 0202 0204 0104 0402 0102 0402 0101 0203 0102
169 , 0102 0301 0102 0201 0403 0101 0303 0301 0203 0304 0404 0201 0404 0204 0402 0102 0102 0101 0203 0202 0102 0301 0102 0201 0403 0101 0403 0301 0204 0404 0404 0201 0404 0204 0402 0102 0202 0101 0203 0102
170 , 0102 0301 0102 0201 0403 0101 0303 0301 0202 0304 0404 0201 0404 0404 0202 0104 0102 0201 0203 0102 0102 0301 0102 0201 0403 0101 0303 0301 0203 0301 0401 0201 0404 0204 0403 0102 0102 0101 0203 0102
171 , 0102 0301 0102 0201 0403 0201 0303 0301 0203 0304 0404 0203 0204 0202 0402 0102 0102 0101 0203 0101 0102 0301 0102 0204 0403 0101 0303 0301 0103 0304 0404 0201 0304 0204 0402 0104 0102 0101 0203 0102
172 , 0102 0301 0102 0201 0403 0101 0303 0303 0203 0304 0404 0201 0404 0204 0402 0102 0102 0101 0203 0102 0102 0104 0102 0201 0402 0101 0303 0301 0203 0304 0404 0201 0404 0204 0402 0102 0102 0101 0203 0102
173 , 0102 0301 0102 0204 0403 0101 0303 0301 0202 0304 0404 0203 0404 0204 0402 0102 0102 0101 0203 0102 0102 0301 0102 0201 0403 0101 0303 0301 0203 0304 0404 0201 0204 0204 0102 0102 0102 0101 0103 0102
174 , 0104 0302 0102 0201 0403 0101 0303 0301 0203 0304 0404 0201 0404 0204 0402 0102 0102 0301 0202 0102 0102 0201 0102 0201 0403 0101 0203 0302 0203 0304 0404 0201 0404 0204 0402 0102 0102 0101 0203 0102
175 , 0102 0301 0102 0201 0403 0101 0303 0301 0203 0304 0404 0201 0104 0204 0402 0102 0102 0101 0204 0402 0102 0304 0102 0201 0403 0101 0401 0301 0203 0304 0404 0202 0404 0204 0102 0102 0101 0101 0203 0102
176 , 0103 0301 0102 0201 0403 0101 0303 0301 0203 0304 0404 0201 0404 0204 0304 0102 0102 0101 0203 0102 0102 0301 0101 0201 0403 0101 0303 0301 0203 0204 0402 0401 0404 0201 0402 0102 0102 0101 0203 0102
177 , 0102 0301 0102 0201 0403 0101 0303 0301 0203 0304 0404 0101 0404 0204 0402 0102 0102 0201 0203 0102 0103 0301 0102 0201 0403 0104 0303 0301 0203 0304 0404 0101 0404 0202 0402 0102 0102 0401 0203 0102
178 , 0102 0301 0102 0201 0203 0103 0303 0301 0303 0303 0404 0202 0404 0204 0402 0102 0302 0101 0403 0102 0102 0304 0101 0201 0403 0101 0103 0301 0403 0304 0404 0201 0404 0204 0402 0103 0102 0101 0202 0102
179 , 0301 0301 0101 0201 0403 0101 0303 0303 0203 0304 0404 0201 0404 0204 0401 0402 0102 0101 0203 0302 0102 0302 0402 0201 0403 0101 0103 0303 0204 0304 0404 0201 0404 0201 0402 0102 0102 0101 0203 0102
180 , 0102 0301 0102 0201 0403 0301 0303 0101 0203 0304 0404 0203 0404 0204 0402 0102 0102 0101 0203 0102 0102 0301 0102 0201 0403 0101 0303 0301 0204 0304 0404 0201 0404 0204 0401 0302 0102 0201 0203 0102
181 , 0102 0301 0102 0201 0403 0101 0303 0101 0203 0304 0404 0203 0404 0204 0402 0102 0102 0101 0401 0402 0102 0301 0102 0201 0304 0101 0303 0301 0403 0304 0404 0201 0104 0204 0402 0102 0102 0102 0204 0102
182 , 0102 0301 0102 0201 0403 0102 0303 0301 0203 0304 0404 0203 0403 0204 0402 0102 0102 0101 0203 0102 0102 0301 0202 0201 0403 0101 0301 0301 0203 0104 0404 0201 0404 0204 0403 0102 0102 0101 0203 0102
183 , 0102 0301 0102 0201 0403 0101 0303 0301 0203 0304 0404 0201 0402 0204 0401 0102 0102 0101 0203 0101 0102 0301 0102 0201 0403 0101 0303 0301 0203 0304 0404 0201 0104 0204 0101 0102 0102 0101 0203 0102
184 , 0102 0301 0102 0401 0304 0101 0303 0301 0303 0304 0404 0201 0404 0204 0402 0102 0102 0102 0203 0102 0102 0301 0102 0201 0403 0101 0401 0301 0203 0304 0404 0202 0404 0204 0102 0102 0101 0301 0303 0102
185 , 0102 0303 0102 0201 0403 0101 0303 0301 0203 0304 0404 0201 0404 0104 0402 0102 0102 0101 0203 0102 0102 0304 0102 0201 0403 0101 0401 0301 0203 0304 0404 0202 0404 0204 0102 0102 0101 0101 0203 0102
186 , 0104 0301 0102 0201 0403 0101 0303 0301 0203 0304 0204 0201 0404 0203 0304 0102 0103 0101 0203 0102 0102 0301 0302 0201 0403 0101 0303 0301 0203 0304 0404 0201 0404 0204 0402 0102 0102 0103 0203 0102
187 , 0104 0301 0102 0201 0103 0101 0303 0301 0203 0304 0404 0201 0404 0204 0304 0102 0102 0101 0203 0102 0102 0301 0102 0201 0403 0101 0303 0301 0203 0304 0304 0201 0404 0204 0402 0102 0102 0101 0203 0102
188 , 0102 0301 0102 0201 0402 0101 0303 0301 0201 0304 0404 0201 0404 0204 0402 0102 0102 0101 0203 0102 0102 0301 0102 0201 0403 0101 0303 0301 0203 0304 0404 0201 0404 0204 0404 0102 0102 0101 0203 0102
189 , 0402 0301 0202 0201 0403 0101 0303 0301 0203 0204 0402 0101 0404 0204 0402 0102 0102 0101 0303 0102 0102 0303 0103 0201 0303 0101 0303 0301 0203 0304 0404 0201 0404 0104 0402 0103 0103 0101 0203 0102
190 , 0102 0301 0302 0201 0403 0101 0303 0101 0203 0304 0403 0201 0404 0204 0402 0102 0102 0103 0203 0104 0102 0302 0102 0201 0403 0101 0303 0301 0202 0304 0404 0203 0404 0204 0402 0102 0102 0104 0103 0102
191 , 0102 0301 0102 0201 0403 0101 0303 0304 0203 0304 0404 0201 0404 0204 0402 0402 0104 0101 0203 0102 0102 0301 0102 0201 0403 0101 0303 0401 0103 0404 0404 0101 0404 0204 0403 0102 0102 0104 0203 0102
192 , 0102 0301 0102 0201 0403 0101 0203 0302 0203 0304 0404 0201 0404 0203 0402 0102 0102 0101 0203 0102 0102 0301 0102 0201 0103 0401 0303 0301 0203 0302 0404 0201 0404 0204 0402 0102 0102 0101 0203 0102
193 , 0102 0301 0102 0201 0403 0201 0303 0301 0203 0304 0404 0203 0204 0204 0402 0102 0102 0101 0203 0101 0302 0301 0102 0204 0403 0401 0303 0304 0203 0304 0404 0201 0404 0204 0402 0302 0102 0101 0203 0102
194 , 0102 0304 0102 0201 0403 0101 0303 0301 0203 0304 0404 0201 0404 0204 0402 0102 0102 0101 0203 0102 0102 0301 0102 0201 0403 0101 0303 0301 0203 0304 0404 0201 0404 0204 0402 0302 0102 0201 0203 0102
195 , 0103 0301 0102 0301 0403 0101 0304 0304 0203 0304 0304 0201 0404 0204 0402 0102 0102 0101 0203 0102 0102 0301 0102 0201 0404 0101 0303 0301 0203 0204 0402 0101 0404 0204 0402 0402 0102 0101 0203 0102
196 , 0102 0301 0102 0201 0403 0102 0303 0304 0203 0304 0404 0201 0404 0204 0402 0102 0102 0101 0203 0102 0101 0401 0102 0201 0403 0301 0303 0301 0203 0304 0404 0201 0404 0204 0402 0102 0102 0101 0203 0102
197 , 0102 0301 0102 0201 0403 0101 0303 0304 0203 0304 0404 0201 0404 0204 0402 0102 0102 0101 0203 0102 0102 0301 0102 0204 0403 0101 0303 0301 0202 0304 0404 0201 0404 0202 0402 0102 0102 0101 0203 0102
198 , 0102 0301 0102 0201 0103 0101 0303 0301 0203 0304 0404 0201 0204 0204 0402 0102 0102 0101 0203 0102 0102 0301 0102 0201 0403 0101 0303 0303 0203 0304 0401 0201 0404 0204 0402 0102 0102 0101 0203 0102
199 , 0402 0301 0102 0201 0403 0101 0303 0301 0203 0304 0404 0201 0404 0204 0402 0102 0302 0104 0203 0102 0104 0301 0102 0301 0404 0101 0303 0301 0203 0304 0404 0201 0404 0204 0304 0102 0102 0101 0203 0104
200 , 0102 0301 0102 0201 0403 0101 0203 0302 0203 0304 0404 0101 0404 0204 0402 0102 0101 0101 0203 0102 0102 0301 0102 0401 0402 0101 0303 0301 0203 0304 0404 0201 0404 0204 0402 0102 0102 0101 0203 0102