Generated genotype output
1
2
3
4
5
6
7
8
9
10
11
12
13
14
15
16
17
18
19
20
21
22
23
24
25
26
27
28
29
30
31
32
33
34
35
36
37
38
39
40
Pop
1 , 0401 0104 0403 0102 0103 0101 0204 0401 0101 0204 0204 0404 0301 0304 0403 0302 0401 0404 0403 0404 0201 0404 0403 0101 0203 0101 0204 0401 0101 0204 0204 0402 0201 0304 0403 0302 0401 0404 0203 0404
2 , 0401 0104 0403 0101 0103 0101 0202 0401 0101 0204 0204 0301 0201 0304 0403 0302 0401 0404 0403 0404 0401 0104 0402 0101 0102 0101 0204 0401 0101 0204 0204 0302 0201 0304 0403 0302 0401 0404 0403 0404
3 , 0401 0104 0403 0101 0103 0101 0204 0401 0104 0204 0204 0302 0201 0304 0403 0302 0401 0404 0403 0404 0401 0104 0403 0101 0103 0101 0204 0201 0101 0204 0204 0402 0201 0304 0403 0302 0401 0404 0403 0304
4 , 0401 0104 0403 0101 0303 0104 0204 0401 0101 0204 0204 0402 0201 0304 0403 0302 0401 0404 0403 0402 0402 0104 0403 0101 0103 0101 0304 0401 0101 0204 0104 0403 0201 0304 0403 0302 0401 0404 0203 0404
5 , 0401 0104 0403 0101 0403 0101 0204 0401 0401 0204 0204 0402 0201 0303 0403 0302 0401 0404 0403 0404 0401 0104 0403 0101 0103 0101 0204 0401 0101 0204 0104 0403 0201 0304 0403 0302 0401 0404 0403 0404
6 , 0401 0401 0403 0101 0103 0101 0203 0401 0101 0204 0201 0402 0201 0304 0403 0302 0401 0404 0403 0404 0401 0104 0403 0103 0103 0101 0204 0401 0101 0204 0204 0402 0201 0304 0403 0302 0401 0304 0401 0404
7 , 0401 0104 0403 0101 0103 0101 0201 0401 0101 0404 0202 0402 0201 0304 0404 0302 0401 0404 0403 0404 0401 0104 0403 0101 0104 0101 0204 0401 0101 0204 0204 0402 0201 0304 0403 0402 0401 0404 0403 0402
8 , 0401 0104 0403 0101 0103 0101 0204 0401 0101 0201 0204 0402 0301 0304 0403 0302 0401 0404 0403 0404 0401 0104 0404 0401 0303 0101 0204 0402 0101 0204 0204 0402 0201 0304 0403 0302 0401 0404 0403 0404
9 , 0401 0104 0403 0101 0103 0101 0204 0401 0301 0204 0204 0402 0201 0304 0403 0302 0401 0104 0403 0404 0401 0104 0403 0103 0103 0101 0204 0401 0101 0204 0204 0401 0201 0304 0403 0302 0401 0403 0303 0404
10 , 0401 0104 0403 0101 0103 0104 0204 0401 0101 0204 0204 0402 0201 0304 0403 0302 0401 0402 0403 0404 0401 0104 0403 0101 0103 0101 0204 0401 0103 0204 0204 0402 0201 0304 0403 0304 0401 0404 0403 0404
11 , 0401 0104 0403 0101 0103 0101 0204 0201 0101 0204 0204 0402 0201 0304 0403 0302 0401 0404 0403 0404 0401 0104 0203 0101 0103 0101 0204 0402 0101 0204 0202 0402 0201 0304 0403 0402 0401 0404 0403 0404
12 , 0401 0104 0301 0101 0103 0101 0204 0401 0101 0204 0204 0402 0201 0304 0403 0302 0401 0404 0403 0404 0401 0104 0402 0101 0103 0101 0204 0401 0101 0204 0204 0402 0201 0304 0403 0303 0401 0404 0401 0404
13 , 0401 0103 0403 0101 0101 0401 0204 0402 0101 0204 0204 0402 0201 0304 0403 0302 0401 0404 0403 0404 0401 0404 0403 0101 0103 0101 0204 0401 0101 0404 0204 0402 0201 0304 0403 0302 0401 0404 0103 0303
14 , 0401 0104 0403 0101 0103 0101 0204 0401 0101 0204 0304 0402 0203 0304 0403 0302 0404 0404 0403 0404 0401 0104 0103 0101 0103 0101 0204 0401 0101 0204 0402 0402 0202 0304 0403 0302 0401 0404 0403 0404
15 , 0401 0104 0403 0101 0103 0101 0204 0401 0101 0204 0204 0402 0203 0304 0303 0304 0401 0404 0403 0404 0401 0101 0403 0101 0103 0101 0204 0401 0101 0404 0204 0402 0301 0304 0403 0302 0401 0404 0403 0401
16 , 0401 0104 0403 0101 0103 0101 0204 0401 0101 0404 0204 0402 0201 0304 0403 0302 0401 0404 0403 0404 0401 0104 0403 0101 0103 0101 0204 0401 0101 0304 0204 0402 0201 0303 0403 0304 0401 0404 0403 0404
17 , 0401 0103 0403 0201 0103 0101 0204 0401 0201 0204 0204 0302 0201 0304 0403 0301 0401 0401 0403 0404 0401 0104 0403 0101 0103 0101 0204 0401 0401 0204 0204 0402 0301 0304 0403 0302 0401 0404 0403 0404
18 , 0401 0104 0103 0101 0103 0101 0204 0401 0101 0404 0402 0402 0201 0303 0403 0302 0401 0404 0403 0404 0401 0104 0403 0101 0103 0101 0204 0401 0101 0201 0204 0402 0201 0304 0103 0302 0401 0404 0303 0404
19 , 0403 0404 0403 0204 0103 0101 0204 0402 0101 0204 0204 0402 0203 0304 0401 0302 0401 0404 0403 0404 0401 0104 0403 0101 0103 0101 0204 0401 0101 0204 0204 0402 0201 0204 0403 0402 0402 0404 0403 0404
20 , 0401 0104 0402 0101 0103 0101 0204 0101 0104 0204 0204 0102 0201 0301 0403 0302 0401 0404 0203 0304 0401 0104 0403 0101 0103 0101 0204 0401 0101 0204 0202 0102 0201 0304 0403 0302 0401 0404 0403 0404
21 , 0401 0104 0403 0101 0103 0101 0204 0401 0101 0204 0204 0402 0201 0304 0403 0302 0401 0404 0403 0204 0401 0104 0403 0104 0103 0101 0204 0404 0101 0304 0201 0402 0203 0304 0401 0302 0401 0404 0404 0404
22 , 0401 0104 0403 0101 0103 0101 0204 0201 0101 0204 0201 0403 0201 0304 0403 0302 0401 0404 0403 0104 0401 0104 0403 0401 0103 0101 0204 0401 0101 0204 0204 0402 0201 0304 0403 0302 0401 0402 0403 0404
23 , 0401 0104 0403 0101 0103 0301 0204 0401 0101 0204 0104 0403 0201 0304 0403 0302 0401 0404 0403 0404 0401 0104 0403 0101 0103 0101 0204 0401 0101 0204 0204 0402 0301 0304 0404 0402 0401 0404 0403 0404
24 , 0401 0102 0203 0101 0103 0101 0404 0401 0102 0204 0204 0402 0201 0301 0403 0302 0401 0404 0402 0404 0401 0104 0403 0401 0103 0101 0204 0401 0101 0204 0204 0402 0203 0304 0403 0301 0401 0403 0403 0404
25 , 0401 0104 0403 0101 0103 0101 0204 0402 0101 0204 0204 0402 0201 0304 0403 0302 0401 0404 0403 0404 0401 0104 0403 0101 0103 0101 0204 0401 0101 0204 0204 0404 0301 0301 0403 0302 0401 0404 0403 0404
26 , 0401 0103 0403 0101 0103 0101 0204 0404 0101 0204 0204 0404 0201 0304 0403 0302 0401 0404 0403 0404 0401 0104 0403 0101 0103 0101 0204 0401 0101 0204 0304 0402 0201 0304 0403 0302 0401 0302 0103 0404
27 , 0401 0104 0403 0101 0103 0101 0204 0401 0101 0204 0201 0402 0201 0304 0403 0302 0401 0404 0103 0404 0401 0104 0403 0101 0103 0401 0204 0404 0101 0204 0204 0202 0204 0304 0403 0302 0401 0404 0403 0404
28 , 0201 0104 0403 0101 0103 0101 0204 0401 0101 0204 0204 0402 0201 0304 0403 0302 0401 0404 0403 0404 0401 0104 0403 0101 0103 0101 0201 0401 0401 0204 0204 0402 0401 0304 0203 0302 0401 0404 0103 0404
29 , 0401 0104 0403 0201 0103 0101 0204 0401 0101 0203 0204 0403 0201 0304 0402 0301 0401 0401 0403 0404 0401 0104 0403 0101 0103 0101 0304 0401 0101 0204 0204 0302 0201 0304 0403 0402 0201 0401 0403 0404
30 , 0403 0204 0404 0101 0103 0101 0204 0401 0101 0204 0201 0402 0101 0404 0403 0302 0401 0404 0104 0404 0401 0204 0401 0101 0103 0101 0202 0401 0301 0204 0204 0402 0201 0304 0403 0303 0401 0404 0403 0404
31 , 0401 0104 0403 0101 0303 0101 0204 0401 0101 0404 0204 0402 0101 0304 0404 0302 0401 0404 0403 0404 0404 0104 0403 0101 0303 0104 0204 0401 0101 0204 0204 0402 0201 0304 0403 0302 0401 0404 0403 0404
32 , 0401 0103 0403 0101 0102 0101 0204 0401 0101 0204 0204 0402 0201 0304 0403 0302 0401 0404 0403 0404 0404 0104 0403 0101 0103 0101 0204 0401 0401 0204 0204 0402 0201 0304 0403 0302 0401 0404 0403 0404
33 , 0401 0104 0403 0301 0103 0101 0204 0403 0101 0204 0204 0402 0201 0304 0403 0302 0401 0404 0402 0404 0401 0104 0403 0101 0303 0101 0204 0403 0101 0204 0204 0402 0401 0304 0404 0302 0401 0404 0403 0404
34 , 0401 0204 0403 0101 0103 0101 0204 0401 0101 0204 0204 0401 0201 0304 0103 0302 0401 0404 0403 0404 0401 0104 0403 0101 0103 0101 0204 0401 0301 0404 0204 0202 0201 0304 0403 0302 0401 0404 0403 0404
35 , 0201 0303 0303 0102 0103 0101 0204 0402 0101 0204 0204 0402 0201 0304 0401 0302 0401 0404 0403 0404 0401 0104 0403 0101 0103 0101 0204 0401 0101 0204 0204 0402 0201 0303 0403 0302 0401 0404 0403 0404
36 , 0401 0104 0403 0101 0103 0401 0204 0401 0101 0204 0204 0402 0201 0301 0403 0202 0301 0404 0403 0404 0401 0104 0403 0101 0102 0101 0204 0401 0101 0204 0204 0402 0201 0304 0403 0302 0401 0404 0403 0304
37 , 0401 0104 0403 0201 0102 0101 0204 0401 0101 0204 0204 0402 0201 0304 0403 0302 0401 0404 0403 0404 0401 0102 0403 0101 0103 0101 0204 0401 0101 0204 0204 0402 0201 0304 0403 0302 0401 0404 0403 0404
38 , 0401 0104 0403 0101 0103 0101 0204 0401 0401 0204 0204 0402 0401 0304 0404 0302 0401 0404 0402 0404 0401 0104 0403 0101 0303 0104 0304 0401 0101 0204 0204 0402 0101 0304 0403 0302 0404 0402 0403 0404
39 , 0401 0104 0403 0101 0103 0101 0204 0401 0401 0204 0204 0402 0201 0304 0403 0302 0401 0404 0103 0403 0401 0104 0403 0101 0103 0101 0204 0401 0101 0204 0104 0403 0201 0304 0403 0302 0401 0404 0403 0404
40 , 0401 0104 0403 0104 0103 0101 0204 0401 0101 0204 0204 0402 0204 0304 0403 0302 0201 0304 0403 0404 0401 0104 0403 0102 0103 0101 0204 0401 0101 0204 0204 0402 0201 0304 0104 0302 0401 0404 0403 0304
41 , 0401 0104 0403 0401 0103 0101 0204 0401 0101 0204 0201 0402 0201 0304 0403 0302 0401 0404 0403 0404 0401 0104 0403 0101 0103 0101 0204 0401 0101 0204 0204 0401 0201 0304 0403 0302 0401 0403 0303 0404
42 , 0401 0104 0403 0101 0103 0101 0204 0401 0101 0204 0104 0403 0201 0303 0103 0302 0402 0404 0403 0204 0201 0104 0403 0102 0103 0101 0204 0401 0101 0204 0204 0302 0201 0304 0403 0102 0401 0404 0403 0404
43 , 0401 0104 0403 0101 0103 0101 0204 0401 0101 0204 0104 0403 0201 0304 0403 0301 0401 0404 0403 0404 0401 0104 0403 0101 0103 0101 0203 0401 0101 0204 0204 0402 0201 0304 0401 0302 0402 0304 0403 0402
44 , 0403 0202 0404 0101 0103 0101 0204 0201 0101 0204 0201 0402 0201 0104 0403 0302 0401 0404 0403 0404 0401 0204 0303 0101 0103 0101 0204 0401 0101 0204 0204 0402 0301 0304 0403 0302 0401 0404 0403 0404
45 , 0401 0104 0403 0101 0303 0102 0204 0301 0101 0204 0201 0402 0201 0304 0203 0302 0401 0404 0403 0404 0301 0104 0403 0101 0103 0101 0204 0401 0301 0404 0404 0402 0201 0304 0403 0302 0401 0404 0403 0404
46 , 0403 0104 0403 0101 0103 0102 0204 0401 0101 0204 0201 0402 0202 0304 0203 0301 0401 0404 0403 0404 0403 0104 0404 0101 0303 0101 0204 0402 0101 0204 0204 0403 0201 0304 0403 0302 0401 0404 0403 0404
47 , 0401 0104 0103 0101 0103 0101 0204 0401 0101 0204 0402 0403 0201 0304 0403 0302 0401 0404 0403 0404 0401 0104 0403 0101 0103 0101 0204 0401 0101 0204 0204 0402 0301 0304 0404 0302 0401 0404 0403 0404
48 , 0401 0104 0403 0101 0103 0101 0204 0401 0101 0204 0204 0402 0201 0302 0403 0302 0404 0404 0403 0402 0401 0104 0401 0101 0103 0301 0202 0401 0101 0203 0204 0402 0201 0304 0403 0303 0401 0404 0403 0404
49 , 0401 0104 0402 0101 0103 0301 0204 0401 0101 0204 0204 0402 0201 0304 0403 0303 0401 0404 0403 0404 0401 0104 0403 0101 0102 0101 0204 0401 0101 0204 0204 0402 0201 0304 0403 0402 0202 0404 0403 0404
50 , 0401 0104 0403 0101 0103 0101 0204 0401 0101 0404 0204 0402 0201 0304 0404 0302 0401 0404 0403 0404 0401 0104 0403 0101 0103 0101 0204 0401 0401 0204 0204 0401 0201 0304 0403 0302 0401 0403 0303 0404
51 , 0401 0104 0403 0101 0103 0101 0204 0401 0101 0204 0204 0402 0201 0304 0403 0302 0401 0404 0403 0404 0401 0104 0403 0101 0103 0102 0204 0401 0101 0204 0204 0402 0201 0304 0403 0302 0401 0304 0403 0404
52 , 0401 0104 0401 0101 0103 0101 0204 0401 0101 0204 0204 0402 0201 0304 0403 0302 0301 0304 0403 0404 0401 0104 0402 0101 0103 0103 0204 0401 0101 0204 0204 0402 0201 0304 0403 0303 0401 0404 0403 0404
53 , 0401 0104 0403 0101 0103 0101 0204 0401 0101 0204 0204 0402 0201 0304 0403 0302 0401 0404 0403 0204 0201 0404 0401 0101 0103 0101 0204 0401 0101 0204 0204 0102 0201 0302 0403 0302 0401 0404 0203 0404
54 , 0401 0104 0403 0401 0104 0101 0204 0401 0401 0204 0204 0402 0201 0303 0403 0302 0401 0404 0403 0402 0401 0104 0403 0101 0403 0101 0204 0401 0101 0204 0204 0302 0201 0304 0403 0202 0401 0404 0403 0404
55 , 0401 0104 0403 0101 0103 0101 0304 0403 0104 0404 0304 0402 0201 0304 0404 0302 0401 0404 0403 0404 0401 0102 0403 0101 0102 0101 0204 0401 0101 0204 0202 0402 0201 0304 0403 0302 0401 0404 0403 0404
56 , 0401 0104 0403 0101 0103 0101 0204 0401 0101 0404 0204 0402 0201 0304 0403 0302 0401 0404 0403 0404 0401 0104 0403 0101 0103 0101 0204 0401 0101 0204 0204 0402 0201 0304 0403 0302 0401 0304 0403 0404
57 , 0401 0101 0403 0101 0103 0101 0404 0402 0101 0204 0204 0402 0201 0304 0403 0302 0301 0404 0403 0204 0401 0104 0401 0101 0103 0103 0202 0401 0101 0204 0204 0402 0201 0304 0403 0303 0401 0404 0403 0404
58 , 0401 0104 0203 0101 0103 0101 0204 0401 0101 0204 0204 0402 0301 0304 0403 0302 0401 0404 0103 0404 0401 0104 0403 0101 0103 0101 0201 0301 0101 0404 0204 0402 0201 0304 0403 0301 0401 0404 0404 0404
59 , 0403 0104 0403 0101 0103 0101 0204 0401 0101 0204 0204 0402 0201 0304 0403 0302 0401 0304 0403 0304 0403 0104 0401 0101 0103 0101 0201 0402 0101 0204 0204 0402 0201 0304 0403 0303 0401 0404 0403 0404
60 , 0401 0404 0403 0101 0103 0101 0204 0401 0101 0204 0401 0402 0201 0301 0403 0302 0403 0404 0403 0404 0401 0104 0403 0401 0103 0101 0204 0401 0101 0204 0204 0402 0204 0204 0403 0301 0401 0401 0403 0404
61 , 0402 0104 0403 0301 0103 0101 0204 0401 0101 0404 0204 0402 0201 0304 0403 0302 0401 0404 0403 0404 0401 0104 0203 0101 0103 0102 0204 0102 0101 0204 0202 0402 0201 0304 0403 0402 0401 0404 0403 0404
62 , 0401 0104 0403 0101 0103 0101 0204 0402 0101 0204 0204 0402 0201 0304 0403 0301 0304 0404 0403 0404 0301 0104 0403 0101 0303 0104 0204 0401 0101 0204 0204 0402 0101 0304 0403 0302 0401 0404 0403 0404
63 , 0401 0104 0203 0101 0103 0101 0204 0102 0101 0204 0202 0402 0201 0301 0103 0402 0401 0404 0403 0404 0401 0104 0403 0101 0103 0101 0204 0402 0301 0202 0204 0402 0201 0304 0403 0301 0401 0404 0403 0404
64 , 0403 0104 0403 0101 0103 0101 0204 0401 0101 0204 0104 0402 0201 0104 0403 0302 0401 0404 0403 0404 0404 0104 0403 0101 0103 0101 0204 0401 0401 0204 0204 0402 0201 0304 0403 0302 0401 0404 0403 0404
65 , 0401 0104 0203 0101 0102 0101 0204 0201 0101 0204 0204 0102 0401 0304 0403 0302 0401 0404 0403 0402 0401 0104 0403 0101 0103 0101 0204 0401 0101 0204 0201 0402 0201 0304 0403 0302 0401 0404 0403 0404
66 , 0401 0204 0403 0101 0103 0101 0204 0401 0101 0204 0204 0401 0201 0304 0103 0302 0401 0404 0403 0401 0201 0104 0403 0102 0103 0101 0204 0401 0101 0202 0204 0402 0301 0304 0403 0302 0401 0404 0403 0404
67 , 0401 0104 0403 0101 0103 0101 0204 0401 0101 0204 0204 0402 0201 0304 0403 0302 0401 0404 0403 0404 0401 0104 0403 0101 0103 0101 0204 0403 0101 0204 0204 0402 0201 0304 0402 0302 0401 0404 0403 0404
68 , 0401 0104 0403 0101 0103 0104 0204 0401 0101 0404 0204 0402 0301 0304 0403 0302 0401 0404 0403 0403 0401 0104 0403 0101 0103 0101 0201 0401 0401 0204 0204 0402 0201 0304 0403 0302 0401 0404 0103 0404
69 , 0401 0104 0103 0101 0103 0101 0204 0401 0101 0204 0402 0402 0201 0303 0403 0302 0401 0404 0403 0404 0401 0104 0403 0102 0103 0101 0204 0401 0101 0204 0204 0402 0201 0304 0403 0302 0401 0404 0403 0404
70 , 0401 0104 0403 0101 0101 0101 0204 0401 0101 0204 0204 0402 0204 0304 0203 0302 0401 0404 0403 0404 0401 0104 0403 0101 0103 0101 0204 0301 0101 0404 0204 0402 0401 0304 0403 0302 0401 0404 0403 0404
71 , 0401 0104 0403 0101 0103 0101 0204 0401 0101 0204 0204 0102 0201 0304 0403 0302 0401 0404 0403 0304 0401 0104 0403 0101 0103 0101 0204 0401 0101 0204 0204 0102 0201 0204 0403 0302 0401 0404 0403 0404
72 , 0401 0104 0403 0101 0103 0101 0204 0401 0101 0204 0104 0403 0201 0304 0403 0302 0401 0404 0403 0404 0401 0104 0402 0101 0103 0101 0204 0401 0101 0304 0204 0402 0101 0304 0403 0102 0404 0404 0404 0304
73 , 0401 0104 0403 0101 0103 0101 0204 0401 0101 0204 0204 0402 0201 0304 0403 0302 0401 0404 0403 0404 0401 0104 0403 0101 0103 0101 0204 0404 0101 0204 0204 0402 0201 0304 0103 0302 0401 0404 0402 0404
74 , 0401 0104 0403 0101 0103 0101 0204 0401 0101 0204 0204 0102 0202 0304 0403 0302 0401 0404 0403 0404 0401 0104 0203 0101 0103 0201 0204 0402 0101 0204 0202 0402 0201 0304 0403 0402 0401 0404 0403 0404
75 , 0403 0104 0303 0101 0104 0301 0204 0401 0101 0204 0204 0302 0204 0304 0103 0302 0401 0404 0403 0404 0201 0104 0403 0101 0103 0101 0204 0301 0101 0204 0204 0402 0201 0304 0403 0302 0403 0404 0401 0404
76 , 0401 0104 0401 0101 0103 0101 0204 0401 0101 0204 0204 0402 0201 0304 0404 0302 0301 0402 0403 0404 0401 0103 0403 0101 0103 0101 0204 0401 0101 0204 0104 0403 0201 0104 0403 0302 0401 0401 0303 0404
77 , 0401 0104 0403 0101 0103 0101 0204 0401 0101 0204 0204 0402 0201 0304 0403 0302 0401 0404 0403 0404 0401 0104 0403 0101 0103 0101 0204 0401 0101 0204 0204 0402 0201 0304 0403 0302 0401 0404 0403 0402
78 , 0401 0203 0403 0101 0103 0101 0204 0401 0101 0204 0204 0401 0201 0304 0103 0302 0101 0404 0403 0404 0401 0204 0403 0101 0103 0101 0204 0401 0101 0204 0204 0402 0201 0304 0403 0302 0101 0404 0403 0404
79 , 0401 0104 0403 0101 0103 0101 0204 0401 0101 0204 0204 0302 0201 0304 0403 0402 0401 0404 0403 0404 0401 0103 0403 0101 0103 0101 0204 0401 0101 0204 0204 0402 0201 0304 0403 0302 0401 0404 0403 0404
80 , 0401 0202 0403 0101 0103 0101 0204 0401 0101 0202 0202 0402 0201 0304 0403 0202 0401 0404 0403 0404 0401 0104 0401 0101 0103 0101 0202 0401 0101 0204 0204 0402 0201 0304 0403 0303 0401 0404 0403 0404
81 , 0401 0104 0403 0101 0103 0101 0204 0401 0101 0204 0204 0402 0201 0304 0403 0302 0403 0404 0403 0304 0401 0103 0403 0101 0102 0101 0204 0401 0401 0204 0204 0402 0201 0303 0403 0302 0401 0404 0403 0404
82 , 0401 0104 0403 0101 0103 0101 0204 0401 0101 0204 0204 0302 0204 0304 0403 0402 0401 0404 0403 0404 0201 0104 0403 0101 0103 0101 0204 0401 0104 0204 0204 0302 0301 0304 0403 0302 0401 0404 0403 0402
83 , 0401 0104 0403 0101 0103 0101 0204 0401 0101 0204 0204 0302 0201 0304 0403 0302 0401 0404 0403 0403 0401 0104 0403 0101 0103 0101 0204 0401 0101 0201 0204 0104 0204 0301 0404 0302 0401 0404 0203 0404
84 , 0401 0104 0403 0101 0103 0101 0204 0401 0101 0204 0204 0404 0201 0204 0403 0301 0402 0304 0402 0402 0401 0104 0403 0101 0103 0104 0204 0403 0101 0204 0204 0402 0201 0304 0403 0302 0403 0204 0403 0404
85 , 0401 0104 0403 0101 0103 0101 0203 0401 0101 0204 0203 0402 0301 0304 0403 0302 0401 0404 0403 0404 0401 0104 0403 0104 0103 0101 0204 0403 0101 0204 0204 0402 0201 0404 0401 0302 0401 0404 0403 0404
86 , 0401 0104 0403 0101 0103 0101 0204 0401 0101 0204 0204 0402 0201 0304 0403 0302 0401 0304 0403 0404 0401 0101 0403 0101 0103 0101 0204 0401 0101 0204 0104 0402 0201 0304 0403 0402 0401 0404 0403 0404
87 , 0101 0104 0403 0103 0103 0101 0204 0401 0101 0204 0204 0402 0201 0304 0403 0302 0201 0304 0403 0404 0401 0104 0403 0401 0103 0101 0204 0401 0101 0203 0204 0402 0201 0304 0403 0301 0401 0401 0403 0404
88 , 0401 0104 0403 0201 0103 0101 0204 0401 0201 0404 0304 0401 0201 0304 0403 0302 0401 0404 0401 0404 0401 0104 0403 0101 0103 0101 0204 0401 0101 0204 0104 0403 0201 0304 0403 0102 0401 0404 0401 0401
89 , 0401 0104 0401 0101 0103 0101 0201 0401 0101 0204 0204 0402 0201 0304 0402 0303 0401 0404 0403 0404 0401 0104 0403 0101 0103 0101 0204 0401 0101 0204 0204 0402 0201 0304 0403 0302 0401 0404 0403 0404
90 , 0401 0104 0403 0301 0103 0101 0204 0401 0102 0204 0204 0302 0201 0304 0403 0302 0401 0404 0403 0404 0401 0104 0403 0101 0103 0101 0204 0401 0101 0204 0204 0402 0201 0304 0403 0302 0401 0403 0403 0401
91 , 0401 0104 0403 0101 0103 0101 0204 0401 0104 0204 0204 0302 0201 0304 0403 0302 0401 0404 0403 0404 0401 0104 0403 0101 0103 0101 0204 0401 0101 0204 0204 0402 0201 0304 0403 0302 0401 0402 0401 0404
92 , 0401 0103 0403 0101 0102 0101 0204 0401 0101 0204 0204 0402 0201 0304 0403 0302 0201 0404 0403 0404 0401 0103 0403 0101 0103 0101 0204 0401 0101 0201 0202 0402 0201 0304 0104 0302 0401 0404 0403 0404
93 , 0401 0104 0403 0102 0103 0101 0204 0401 0101 0204 0204 0402 0201 0304 0403 0302 0401 0404 0404 0304 0404 0104 0403 0101 0103 0101 0204 0401 0101 0204 0204 0402 0201 0304 0403 0302 0401 0404 0403 0404
94 , 0401 0104 0403 0101 0102 0101 0204 0401 0401 0204 0204 0402 0301 0304 0403 0302 0401 0404 0403 0404 0201 0104 0403 0101 0103 0101 0204 0401 0101 0204 0204 0402 0201 0303 0403 0302 0401 0404 0403 0404
95 , 0401 0104 0403 0101 0103 0101 0204 0401 0101 0204 0204 0402 0201 0304 0403 0302 0401 0103 0403 0404 0401 0104 0403 0101 0403 0101 0204 0401 0103 0201 0204 0402 0201 0304 0103 0302 0401 0404 0303 0404
96 , 0401 0104 0103 0101 0103 0101 0204 0401 0101 0204 0204 0402 0201 0304 0401 0303 0401 0104 0403 0404 0401 0104 0403 0101 0103 0101 0204 0401 0101 0204 0204 0402 0201 0304 0403 0302 0404 0404 0403 0404
97 , 0401 0104 0402 0101 0103 0101 0204 0401 0104 0204 0204 0102 0201 0301 0403 0302 0401 0204 0203 0404 0401 0104 0403 0101 0103 0101 0204 0401 0101 0204 0204 0402 0201 0304 0201 0302 0401 0404 0403 0404
98 , 0401 0104 0403 0101 0103 0101 0204 0401 0101 0204 0203 0402 0201 0304 0403 0302 0401 0404 0403 0404 0401 0104 0403 0101 0103 0101 0204 0402 0101 0204 0204 0402 0201 0304 0403 0302 0401 0404 0403 0404
99 , 0401 0404 0403 0101 0103 0101 0204 0401 0101 0404 0201 0402 0201 0304 0403 0302 0401 0404 0403 0404 0401 0104 0203 0101 0103 0101 0204 0401 0101 0202 0204 0401 0201 0304 0403 0302 0401 0403 0203 0404
100 , 0401 0104 0403 0101 0103 0101 0204 0401 0101 0204 0104 0403 0201 0304 0403 0302 0404 0404 0403 0404 0401 0104 0103 0101 0103 0101 0204 0301 0101 0204 0204 0402 0201 0204 0403 0302 0401 0404 0403 0404