Generated genotype output
1
2
3
4
5
6
7
8
9
10
11
12
13
14
15
16
17
18
19
20
21
22
23
24
25
26
27
28
29
30
31
32
33
34
35
36
37
38
39
40
41
42
43
44
45
46
47
48
49
50
51
52
53
54
55
56
57
58
59
60
61
62
63
64
65
66
67
68
69
70
71
72
73
74
75
76
77
78
79
80
81
82
83
84
85
86
87
88
89
90
91
92
93
94
95
96
97
98
99
100
101
102
103
104
105
106
107
108
109
110
111
112
113
114
115
116
117
118
119
120
121
122
123
124
125
126
127
128
129
130
131
132
133
134
135
136
137
138
139
140
141
142
143
144
145
146
147
148
149
150
151
152
153
154
155
156
157
158
159
160
Pop
1 , 0302 0104 0302 0204 0203 0301 0101 0103 0203 0401 0201 0203 0201 0301 0302 0303 0203 0102 0303 0404 0104 0201 0101 0202 0202 0101 0201 0402 0202 0301 0203 0102 0301 0202 0202 0404 0301 0203 0301 0103 0104 0401 0204 0202 0103 0103 0402 0302 0403 0102 0402 0103 0304 0404 0101 0302 0303 0302 0301 0201 0104 0404 0303 0301 0402 0301 0202 0203 0204 0402 0302 0204 0102 0203 0201 0103 0202 0102 0402 0203 0302 0104 0302 0204 0203 0301 0101 0403 0403 0401 0201 0203 0404 0301 0302 0303 0202 0102 0303 0404 0104 0201 0401 0202 0202 0101 0201 0402 0202 0301 0403 0102 0301 0204 0202 0404 0204 0303 0303 0102 0104 0401 0301 0102 0103 0103 0402 0202 0303 0101 0403 0103 0304 0404 0201 0302 0303 0102 0301 0201 0204 0404 0303 0301 0402 0301 0202 0203 0203 0402 0302 0204 0301 0203 0201 0103 0202 0102 0401 0203
2 , 0302 0104 0102 0204 0303 0301 0301 0403 0403 0401 0201 0203 0402 0201 0302 0303 0203 0302 0403 0404 0101 0204 0101 0102 0202 0101 0201 0402 0202 0301 0403 0102 0301 0203 0202 0404 0104 0203 0303 0104 0104 0401 0301 0102 0103 0103 0402 0304 0303 0102 0402 0103 0304 0304 0101 0302 0303 0102 0303 0201 0104 0404 0303 0301 0402 0301 0202 0203 0204 0402 0302 0204 0101 0203 0101 0103 0202 0102 0402 0203 0302 0104 0302 0204 0203 0301 0401 0403 0403 0404 0201 0103 0404 0301 0302 0303 0203 0102 0303 0404 0104 0201 0101 0202 0202 0201 0201 0402 0202 0301 0403 0102 0301 0202 0202 0404 0104 0203 0303 0102 0104 0401 0301 0102 0103 0103 0402 0302 0302 0102 0402 0103 0304 0204 0101 0402 0303 0102 0301 0201 0204 0404 0303 0301 0402 0301 0102 0203 0204 0402 0302 0203 0102 0203 0201 0103 0302 0102 0402 0203
3 , 0302 0104 0302 0204 0203 0301 0101 0103 0403 0401 0201 0203 0404 0301 0302 0303 0203 0102 0303 0404 0104 0201 0101 0202 0202 0101 0301 0302 0203 0301 0403 0102 0301 0202 0202 0404 0104 0203 0303 0302 0104 0401 0301 0102 0103 0104 0402 0301 0303 0102 0404 0103 0304 0404 0101 0302 0303 0102 0301 0201 0204 0404 0303 0301 0402 0301 0202 0203 0204 0402 0302 0204 0102 0203 0201 0103 0202 0102 0202 0203 0303 0104 0302 0204 0203 0301 0101 0403 0401 0402 0201 0203 0404 0301 0302 0303 0202 0102 0403 0404 0104 0204 0101 0202 0202 0101 0201 0402 0202 0301 0403 0104 0304 0202 0202 0404 0104 0203 0303 0102 0104 0402 0301 0102 0203 0103 0402 0302 0303 0102 0402 0103 0104 0404 0101 0302 0303 0102 0304 0201 0204 0404 0303 0301 0402 0301 0102 0203 0204 0202 0302 0204 0102 0203 0201 0103 0202 0102 0404 0203
4 , 0202 0104 0302 0204 0203 0301 0101 0403 0403 0403 0201 0203 0404 0301 0302 0303 0203 0102 0302 0404 0104 0201 0101 0202 0202 0101 0401 0302 0302 0301 0403 0102 0101 0202 0204 0404 0104 0201 0203 0102 0104 0401 0301 0103 0103 0103 0402 0302 0303 0102 0402 0104 0304 0104 0101 0302 0303 0102 0301 0201 0201 0404 0303 0303 0401 0401 0202 0203 0204 0402 0202 0204 0102 0203 0201 0103 0202 0102 0402 0203 0303 0104 0302 0204 0203 0301 0101 0303 0403 0402 0201 0203 0404 0301 0302 0303 0203 0102 0403 0404 0104 0201 0101 0202 0202 0104 0201 0402 0202 0301 0403 0302 0301 0202 0202 0404 0104 0203 0303 0102 0104 0402 0301 0102 0103 0104 0402 0302 0303 0102 0403 0103 0304 0404 0101 0302 0303 0102 0304 0201 0204 0404 0303 0301 0402 0301 0202 0203 0204 0202 0302 0204 0302 0203 0201 0103 0402 0102 0402 0203
5 , 0302 0104 0302 0204 0203 0301 0101 0403 0203 0401 0201 0203 0404 0301 0302 0303 0203 0102 0303 0404 0104 0201 0101 0203 0202 0101 0201 0402 0202 0301 0203 0102 0301 0202 0202 0404 0204 0203 0203 0101 0104 0401 0403 0102 0103 0103 0401 0302 0301 0102 0402 0103 0304 0404 0101 0302 0303 0302 0301 0201 0204 0204 0303 0301 0402 0301 0204 0203 0204 0402 0302 0204 0102 0203 0201 0103 0202 0102 0402 0203 0103 0104 0302 0204 0203 0301 0102 0403 0203 0401 0201 0203 0404 0301 0303 0303 0203 0102 0303 0404 0104 0201 0101 0202 0202 0101 0201 0402 0202 0301 0401 0102 0201 0102 0202 0404 0102 0203 0303 0102 0104 0401 0301 0102 0103 0103 0402 0302 0303 0302 0402 0103 0304 0404 0101 0302 0203 0102 0301 0201 0203 0404 0203 0301 0402 0303 0202 0203 0204 0402 0202 0204 0102 0203 0203 0103 0202 0102 0402 0103
6 , 0302 0103 0302 0203 0203 0301 0101 0403 0403 0401 0301 0203 0404 0301 0302 0303 0203 0102 0303 0404 0104 0201 0101 0202 0202 0103 0201 0402 0202 0301 0403 0102 0301 0202 0202 0404 0104 0203 0303 0202 0104 0401 0301 0102 0103 0103 0402 0302 0301 0102 0402 0103 0304 0404 0101 0302 0303 0102 0301 0204 0202 0404 0303 0301 0402 0301 0202 0203 0204 0401 0302 0204 0102 0203 0201 0103 0202 0103 0402 0203 0302 0104 0102 0204 0303 0301 0101 0403 0404 0401 0201 0203 0404 0201 0304 0303 0203 0302 0303 0404 0101 0204 0101 0202 0202 0401 0201 0402 0202 0301 0403 0102 0301 0203 0202 0404 0104 0203 0303 0104 0104 0401 0301 0402 0103 0103 0402 0304 0303 0102 0402 0103 0304 0304 0101 0302 0303 0102 0303 0201 0204 0404 0303 0301 0404 0301 0202 0203 0204 0402 0302 0103 0101 0203 0201 0103 0202 0102 0402 0203
7 , 0302 0104 0302 0204 0203 0301 0101 0103 0403 0401 0201 0203 0403 0301 0302 0303 0203 0102 0303 0404 0104 0202 0101 0202 0202 0101 0201 0402 0202 0301 0403 0102 0301 0202 0202 0404 0204 0203 0103 0102 0102 0401 0301 0102 0103 0103 0402 0302 0301 0102 0402 0103 0304 0404 0101 0402 0303 0102 0301 0201 0104 0404 0303 0301 0402 0301 0202 0203 0204 0402 0302 0201 0102 0203 0201 0103 0202 0102 0402 0203 0302 0103 0302 0204 0203 0401 0101 0103 0403 0301 0201 0203 0403 0301 0302 0303 0203 0102 0303 0104 0103 0201 0101 0202 0202 0101 0201 0402 0202 0301 0403 0102 0301 0202 0202 0404 0104 0203 0303 0102 0103 0401 0301 0102 0103 0103 0402 0302 0304 0102 0402 0103 0304 0402 0101 0302 0303 0102 0303 0201 0204 0304 0303 0101 0402 0301 0202 0203 0204 0302 0302 0204 0102 0203 0201 0103 0202 0102 0402 0203
8 , 0302 0104 0302 0204 0203 0301 0101 0403 0403 0404 0201 0103 0404 0301 0302 0303 0203 0102 0303 0404 0304 0201 0101 0202 0202 0204 0201 0402 0202 0301 0403 0102 0304 0202 0202 0404 0104 0201 0303 0102 0104 0401 0301 0102 0103 0103 0402 0303 0302 0102 0402 0103 0304 0204 0103 0302 0303 0102 0301 0201 0201 0404 0303 0301 0403 0301 0102 0203 0204 0402 0302 0203 0102 0203 0201 0103 0302 0102 0402 0203 0302 0104 0302 0204 0201 0301 0101 0403 0403 0401 0201 0203 0404 0301 0102 0303 0203 0102 0303 0404 0104 0201 0101 0202 0202 0102 0203 0402 0202 0301 0403 0102 0301 0202 0202 0404 0104 0303 0303 0102 0104 0401 0304 0102 0101 0103 0402 0302 0303 0102 0402 0103 0401 0403 0101 0302 0303 0102 0201 0201 0204 0404 0303 0301 0402 0301 0202 0203 0204 0402 0102 0204 0102 0203 0201 0103 0201 0102 0402 0204
9 , 0302 0104 0302 0204 0203 0301 0101 0402 0403 0403 0201 0203 0404 0301 0302 0303 0202 0102 0303 0404 0104 0201 0401 0202 0402 0101 0201 0402 0202 0301 0403 0102 0301 0204 0202 0304 0104 0203 0303 0103 0104 0401 0301 0102 0103 0103 0402 0202 0303 0101 0403 0103 0304 0404 0104 0302 0303 0102 0301 0201 0204 0404 0303 0301 0402 0301 0202 0203 0204 0402 0302 0204 0301 0203 0201 0103 0202 0102 0402 0203 0302 0104 0303 0204 0203 0401 0201 0403 0403 0402 0201 0203 0404 0301 0302 0303 0203 0102 0103 0404 0104 0201 0101 0202 0202 0401 0201 0102 0202 0301 0403 0102 0201 0202 0202 0404 0104 0203 0303 0102 0104 0401 0301 0102 0103 0103 0402 0303 0303 0102 0402 0103 0304 0404 0101 0304 0303 0101 0301 0201 0204 0104 0203 0301 0403 0301 0202 0203 0204 0402 0302 0204 0102 0203 0201 0103 0202 0102 0402 0203
10 , 0302 0104 0302 0204 0203 0301 0101 0403 0403 0201 0201 0203 0404 0301 0302 0303 0203 0102 0303 0404 0104 0202 0101 0202 0202 0101 0201 0402 0202 0301 0403 0102 0301 0202 0202 0403 0204 0203 0303 0102 0104 0401 0301 0102 0103 0103 0402 0302 0301 0102 0402 0103 0304 0404 0101 0302 0303 0102 0303 0201 0204 0404 0303 0301 0402 0301 0202 0103 0204 0402 0302 0204 0102 0203 0103 0103 0202 0102 0403 0202 0302 0104 0302 0204 0203 0301 0101 0403 0403 0401 0201 0203 0404 0301 0301 0303 0203 0102 0303 0404 0104 0201 0101 0204 0204 0101 0201 0402 0202 0301 0403 0102 0301 0202 0202 0304 0104 0203 0303 0102 0403 0401 0303 0102 0103 0103 0402 0302 0303 0102 0402 0101 0304 0404 0101 0302 0303 0102 0301 0201 0204 0404 0303 0303 0401 0301 0203 0203 0203 0302 0302 0201 0102 0103 0201 0103 0202 0102 0402 0203
11 , 0302 0104 0302 0204 0203 0301 0101 0403 0401 0401 0201 0203 0404 0401 0302 0303 0203 0302 0303 0304 0104 0201 0102 0201 0202 0101 0201 0402 0102 0301 0401 0102 0301 0202 0202 0404 0104 0203 0303 0102 0101 0401 0301 0102 0103 0103 0402 0302 0303 0102 0402 0103 0304 0404 0101 0304 0303 0102 0301 0101 0204 0404 0303 0301 0402 0301 0402 0203 0204 0402 0302 0204 0102 0203 0201 0103 0202 0102 0402 0201 0302 0104 0301 0204 0203 0301 0101 0403 0403 0401 0201 0203 0404 0301 0301 0303 0203 0103 0303 0404 0104 0201 0101 0204 0204 0101 0201 0404 0202 0301 0403 0102 0301 0202 0202 0304 0104 0203 0303 0102 0104 0401 0304 0104 0103 0103 0402 0302 0203 0102 0402 0103 0304 0404 0101 0302 0303 0102 0301 0201 0204 0404 0303 0301 0402 0303 0203 0203 0203 0402 0302 0204 0102 0203 0201 0103 0202 0101 0402 0203
12 , 0302 0204 0302 0204 0203 0301 0101 0403 0403 0301 0201 0403 0404 0301 0302 0304 0203 0102 0303 0404 0104 0201 0101 0202 0202 0101 0201 0302 0202 0301 0404 0102 0301 0202 0202 0404 0104 0203 0303 0102 0104 0401 0303 0102 0103 0103 0402 0302 0304 0102 0402 0103 0304 0404 0101 0302 0303 0302 0301 0201 0204 0104 0303 0301 0402 0101 0202 0203 0204 0402 0302 0204 0102 0203 0202 0103 0302 0102 0402 0203 0303 0104 0302 0204 0203 0301 0401 0203 0403 0301 0201 0203 0404 0302 0302 0303 0202 0102 0203 0404 0104 0201 0101 0202 0302 0101 0101 0402 0202 0101 0203 0102 0201 0202 0202 0404 0104 0203 0303 0301 0104 0401 0301 0102 0103 0103 0402 0302 0303 0102 0402 0103 0304 0404 0101 0304 0303 0102 0301 0201 0204 0404 0303 0101 0202 0101 0202 0203 0104 0102 0402 0204 0102 0203 0302 0103 0202 0102 0402 0203
13 , 0102 0104 0302 0204 0203 0301 0101 0403 0403 0401 0201 0203 0402 0303 0304 0303 0203 0102 0303 0404 0404 0201 0401 0202 0202 0101 0201 0402 0202 0301 0403 0102 0301 0202 0202 0404 0101 0203 0303 0102 0104 0401 0301 0103 0103 0103 0402 0302 0303 0102 0402 0103 0302 0404 0101 0302 0303 0202 0301 0201 0204 0404 0303 0301 0402 0301 0202 0203 0204 0402 0302 0204 0101 0203 0201 0103 0202 0202 0402 0203 0302 0104 0303 0204 0303 0301 0101 0403 0403 0401 0201 0203 0404 0401 0302 0303 0203 0104 0303 0402 0104 0202 0101 0202 0202 0101 0201 0402 0202 0301 0403 0102 0401 0202 0202 0404 0104 0203 0303 0102 0104 0401 0301 0402 0104 0103 0402 0302 0303 0102 0402 0103 0304 0404 0101 0302 0301 0102 0301 0201 0204 0404 0303 0301 0402 0301 0202 0203 0204 0402 0302 0204 0102 0203 0204 0103 0202 0102 0402 0203
14 , 0302 0104 0302 0204 0203 0301 0101 0403 0403 0201 0201 0203 0401 0301 0302 0303 0203 0102 0303 0404 0104 0201 0101 0202 0202 0101 0201 0401 0202 0301 0403 0102 0301 0202 0202 0404 0104 0203 0303 0102 0104 0402 0301 0102 0103 0103 0102 0302 0303 0102 0402 0103 0304 0304 0101 0302 0303 0102 0301 0202 0204 0404 0303 0304 0402 0301 0402 0202 0204 0402 0302 0204 0102 0103 0201 0203 0201 0102 0402 0203 0302 0104 0302 0204 0203 0301 0101 0403 0403 0401 0201 0203 0404 0301 0302 0303 0203 0102 0303 0404 0104 0201 0101 0402 0202 0101 0201 0402 0202 0301 0403 0102 0301 0202 0201 0404 0104 0203 0403 0102 0101 0401 0301 0102 0103 0103 0402 0302 0301 0102 0302 0103 0304 0404 0101 0302 0303 0102 0301 0201 0204 0404 0303 0301 0402 0301 0402 0203 0204 0404 0302 0204 0102 0203 0201 0103 0202 0102 0404 0203
15 , 0302 0104 0302 0204 0203 0301 0101 0303 0403 0401 0201 0203 0404 0101 0302 0304 0203 0102 0303 0404 0104 0201 0101 0202 0202 0101 0201 0402 0202 0301 0303 0104 0301 0202 0202 0404 0104 0203 0403 0102 0104 0403 0304 0102 0103 0103 0202 0302 0303 0302 0402 0103 0404 0403 0101 0302 0303 0402 0301 0201 0204 0404 0303 0301 0402 0302 0202 0203 0204 0402 0302 0204 0102 0203 0301 0103 0202 0102 0102 0203 0302 0104 0302 0204 0103 0301 0401 0403 0403 0301 0201 0203 0404 0302 0302 0303 0202 0102 0303 0404 0104 0201 0101 0202 0302 0101 0301 0402 0202 0301 0203 0102 0201 0202 0202 0404 0104 0203 0303 0102 0102 0401 0301 0102 0103 0103 0402 0302 0303 0102 0402 0103 0304 0404 0101 0301 0303 0102 0301 0201 0204 0404 0303 0101 0202 0101 0202 0203 0201 0102 0402 0204 0102 0203 0301 0103 0202 0102 0402 0203
16 , 0302 0104 0302 0204 0201 0301 0101 0203 0403 0402 0201 0203 0404 0301 0302 0303 0203 0102 0403 0404 0104 0201 0101 0202 0202 0101 0201 0402 0202 0301 0403 0102 0301 0202 0202 0404 0104 0203 0303 0103 0104 0402 0301 0103 0103 0103 0402 0302 0303 0102 0402 0103 0304 0404 0101 0302 0303 0102 0304 0201 0104 0404 0303 0401 0402 0301 0202 0203 0204 0202 0302 0204 0102 0203 0201 0103 0202 0102 0402 0203 0303 0104 0102 0204 0203 0301 0101 0403 0403 0401 0301 0203 0403 0301 0302 0303 0203 0102 0303 0404 0103 0201 0104 0202 0202 0101 0202 0402 0202 0301 0403 0102 0301 0202 0202 0404 0104 0203 0303 0102 0101 0401 0301 0103 0103 0103 0402 0302 0303 0302 0404 0103 0304 0404 0101 0302 0303 0102 0301 0101 0204 0404 0303 0301 0402 0101 0104 0203 0204 0403 0102 0204 0102 0203 0201 0103 0202 0202 0202 0203
17 , 0302 0304 0302 0204 0203 0301 0101 0403 0403 0401 0201 0203 0404 0101 0302 0303 0203 0102 0303 0404 0104 0201 0104 0202 0202 0101 0201 0402 0202 0301 0403 0102 0301 0202 0202 0403 0104 0203 0303 0102 0304 0401 0301 0301 0103 0103 0401 0302 0303 0102 0102 0203 0304 0404 0101 0302 0303 0102 0303 0201 0203 0404 0303 0301 0202 0301 0202 0201 0204 0402 0402 0204 0102 0303 0201 0103 0302 0102 0402 0203 0302 0104 0302 0204 0203 0301 0101 0403 0403 0403 0101 0103 0404 0301 0402 0303 0203 0102 0303 0404 0104 0201 0101 0202 0202 0201 0201 0402 0202 0301 0403 0102 0301 0202 0202 0404 0104 0203 0303 0102 0104 0401 0301 0102 0103 0104 0402 0302 0302 0102 0404 0103 0304 0204 0201 0302 0303 0102 0401 0201 0204 0404 0303 0301 0104 0301 0102 0203 0204 0102 0302 0203 0102 0203 0201 0201 0302 0202 0402 0203
18 , 0302 0302 0302 0204 0203 0301 0101 0402 0203 0403 0201 0103 0404 0301 0402 0303 0203 0102 0303 0404 0104 0201 0101 0202 0202 0202 0201 0402 0202 0301 0403 0102 0301 0202 0202 0404 0104 0203 0303 0102 0104 0401 0301 0102 0103 0103 0402 0302 0302 0102 0402 0103 0304 0204 0104 0302 0303 0102 0401 0201 0204 0404 0303 0301 0402 0101 0102 0204 0204 0402 0302 0203 0102 0203 0201 0203 0302 0202 0402 0203 0302 0104 0302 0204 0203 0301 0101 0403 0403 0401 0201 0203 0404 0301 0302 0303 0203 0102 0302 0404 0104 0201 0101 0202 0202 0101 0201 0402 0202 0301 0403 0102 0301 0202 0202 0404 0104 0203 0403 0102 0101 0401 0301 0102 0103 0103 0402 0302 0303 0102 0302 0103 0304 0404 0101 0302 0303 0102 0301 0201 0204 0404 0303 0301 0402 0301 0402 0203 0204 0404 0302 0204 0102 0203 0201 0103 0202 0104 0404 0203
19 , 0302 0104 0302 0204 0203 0301 0101 0403 0401 0401 0201 0203 0404 0301 0302 0103 0203 0102 0303 0304 0104 0201 0302 0202 0202 0101 0201 0402 0102 0301 0403 0102 0301 0202 0202 0404 0404 0403 0303 0102 0101 0401 0301 0102 0103 0103 0402 0302 0303 0101 0402 0103 0304 0404 0101 0302 0303 0102 0301 0101 0204 0404 0303 0301 0402 0301 0402 0203 0204 0402 0302 0104 0102 0203 0201 0103 0202 0102 0402 0203 0302 0104 0302 0204 0203 0301 0101 0403 0403 0401 0201 0203 0404 0301 0102 0303 0103 0102 0404 0404 0104 0201 0101 0202 0201 0101 0201 0402 0202 0301 0403 0102 0301 0202 0202 0404 0104 0201 0303 0102 0104 0401 0302 0102 0103 0103 0402 0302 0303 0102 0402 0303 0304 0404 0101 0302 0303 0102 0401 0201 0204 0404 0403 0301 0402 0301 0202 0203 0204 0403 0304 0202 0102 0203 0201 0103 0202 0102 0402 0203
20 , 0302 0104 0301 0204 0203 0301 0101 0403 0403 0401 0201 0203 0404 0301 0302 0303 0203 0102 0303 0404 0404 0201 0101 0202 0202 0101 0201 0402 0202 0304 0403 0104 0301 0202 0202 0404 0104 0103 0303 0102 0102 0401 0301 0102 0103 0103 0402 0302 0303 0202 0402 0103 0304 0404 0401 0302 0301 0202 0301 0204 0204 0404 0303 0301 0402 0301 0202 0203 0204 0402 0302 0202 0102 0203 0201 0103 0202 0102 0402 0203 0102 0404 0302 0103 0203 0301 0101 0403 0403 0301 0201 0203 0404 0301 0304 0303 0203 0102 0303 0402 0104 0201 0101 0202 0202 0101 0201 0402 0402 0301 0403 0102 0301 0202 0202 0404 0101 0203 0303 0102 0104 0401 0301 0102 0103 0103 0402 0302 0303 0102 0402 0103 0304 0404 0101 0302 0403 0102 0301 0201 0202 0404 0303 0301 0402 0301 0202 0203 0304 0402 0302 0204 0101 0203 0201 0103 0202 0202 0402 0203
21 , 0302 0101 0302 0201 0203 0301 0101 0403 0403 0404 0201 0103 0404 0301 0302 0303 0302 0102 0303 0404 0304 0303 0101 0202 0204 0201 0201 0402 0202 0301 0403 0102 0301 0202 0202 0404 0104 0203 0103 0104 0104 0401 0301 0102 0103 0103 0402 0302 0302 0102 0402 0103 0304 0204 0101 0302 0303 0102 0301 0201 0202 0404 0303 0301 0402 0101 0103 0203 0204 0402 0102 0203 0102 0203 0201 0103 0302 0402 0402 0203 0302 0104 0304 0204 0203 0301 0101 0403 0403 0401 0201 0203 0404 0101 0302 0303 0203 0404 0303 0404 0104 0201 0301 0202 0201 0101 0201 0402 0202 0301 0403 0102 0301 0202 0202 0304 0104 0203 0303 0102 0104 0201 0301 0102 0103 0103 0402 0302 0303 0102 0402 0103 0304 0404 0101 0302 0303 0102 0301 0201 0204 0404 0203 0301 0402 0301 0203 0203 0204 0402 0302 0204 0102 0203 0201 0103 0202 0102 0402 0203
22 , 0302 0104 0302 0204 0204 0301 0101 0403 0403 0402 0201 0203 0404 0301 0302 0303 0203 0102 0403 0404 0102 0201 0101 0202 0201 0101 0201 0402 0202 0301 0403 0102 0301 0202 0202 0404 0104 0203 0303 0102 0104 0301 0301 0102 0103 0102 0402 0302 0303 0102 0402 0103 0304 0104 0101 0302 0303 0102 0301 0201 0204 0404 0303 0301 0402 0301 0202 0203 0204 0402 0303 0204 0104 0203 0201 0103 0202 0102 0402 0303 0302 0104 0302 0204 0203 0301 0101 0403 0403 0401 0204 0403 0203 0301 0302 0203 0203 0102 0302 0404 0404 0201 0101 0202 0202 0101 0201 0402 0202 0301 0403 0102 0301 0202 0202 0404 0104 0203 0303 0102 0104 0401 0301 0102 0103 0103 0402 0302 0303 0102 0402 0103 0303 0404 0101 0302 0303 0102 0403 0201 0204 0404 0303 0301 0402 0301 0202 0203 0204 0402 0302 0204 0102 0203 0201 0403 0202 0402 0302 0203
23 , 0202 0104 0302 0404 0203 0301 0101 0403 0403 0403 0201 0203 0404 0301 0302 0303 0203 0102 0403 0404 0104 0201 0401 0202 0202 0101 0301 0402 0202 0301 0403 0102 0101 0202 0204 0404 0104 0201 0303 0103 0104 0401 0301 0103 0102 0301 0403 0302 0303 0102 0402 0103 0304 0104 0101 0302 0303 0102 0301 0204 0201 0204 0303 0303 0401 0401 0202 0203 0204 0402 0204 0204 0102 0203 0201 0103 0102 0102 0402 0204 0302 0304 0302 0204 0203 0301 0101 0303 0103 0401 0201 0203 0404 0301 0202 0303 0203 0101 0303 0404 0304 0201 0101 0202 0202 0103 0201 0402 0202 0301 0403 0104 0301 0202 0202 0404 0104 0203 0103 0102 0104 0401 0301 0102 0103 0103 0304 0302 0303 0102 0402 0103 0304 0404 0103 0402 0303 0102 0301 0201 0204 0404 0303 0301 0402 0301 0202 0203 0204 0402 0302 0204 0102 0203 0201 0103 0202 0104 0402 0203
24 , 0302 0104 0302 0204 0203 0201 0101 0403 0103 0401 0201 0203 0404 0301 0302 0303 0203 0102 0303 0404 0104 0201 0101 0202 0202 0101 0201 0302 0202 0301 0403 0102 0301 0202 0202 0404 0104 0203 0303 0102 0104 0401 0301 0103 0103 0103 0402 0302 0303 0102 0401 0103 0304 0404 0101 0102 0303 0102 0301 0201 0204 0404 0303 0301 0402 0301 0202 0203 0204 0402 0302 0204 0102 0203 0202 0103 0202 0302 0402 0203 0302 0104 0302 0204 0103 0301 0401 0403 0403 0301 0201 0203 0404 0302 0302 0303 0202 0102 0403 0404 0104 0201 0101 0202 0302 0101 0201 0402 0202 0301 0203 0102 0201 0202 0202 0404 0104 0203 0303 0102 0103 0401 0301 0102 0103 0103 0402 0302 0303 0102 0402 0103 0304 0404 0101 0304 0303 0102 0301 0201 0204 0404 0303 0101 0202 0101 0202 0203 0204 0102 0402 0204 0102 0203 0301 0103 0202 0102 0402 0203
25 , 0302 0104 0302 0204 0203 0301 0101 0103 0403 0401 0201 0203 0404 0301 0302 0303 0203 0402 0303 0404 0104 0201 0101 0202 0202 0101 0201 0402 0202 0301 0401 0102 0301 0302 0202 0404 0104 0103 0303 0102 0104 0401 0301 0102 0103 0103 0402 0302 0303 0102 0402 0103 0304 0404 0301 0302 0303 0102 0301 0201 0204 0404 0301 0301 0402 0301 0202 0203 0204 0402 0302 0204 0102 0203 0204 0103 0202 0102 0402 0203 0302 0104 0301 0204 0203 0301 0302 0403 0203 0401 0101 0203 0404 0301 0302 0403 0203 0102 0403 0404 0104 0203 0101 0202 0202 0102 0201 0402 0204 0301 0403 0102 0301 0202 0202 0404 0104 0203 0303 0102 0104 0403 0301 0102 0103 0103 0102 0302 0303 0102 0402 0103 0304 0404 0101 0302 0303 0103 0301 0201 0204 0403 0303 0301 0402 0303 0202 0203 0204 0402 0302 0202 0102 0203 0201 0103 0202 0102 0402 0103
26 , 0302 0104 0302 0204 0203 0301 0101 0403 0403 0401 0201 0203 0404 0301 0302 0303 0203 0102 0303 0404 0104 0202 0401 0202 0202 0101 0201 0402 0202 0301 0403 0102 0301 0202 0202 0404 0204 0203 0303 0102 0104 0401 0301 0102 0103 0103 0402 0302 0301 0102 0402 0103 0304 0404 0101 0302 0303 0102 0301 0201 0104 0404 0303 0301 0202 0301 0202 0203 0204 0402 0302 0201 0102 0203 0201 0103 0202 0102 0402 0203 0302 0104 0302 0204 0203 0301 0101 0103 0303 0401 0201 0103 0201 0301 0302 0303 0303 0102 0103 0404 0104 0201 0101 0102 0202 0101 0201 0302 0202 0301 0403 0102 0301 0201 0202 0404 0304 0203 0303 0102 0404 0401 0201 0402 0103 0103 0402 0303 0303 0402 0402 0103 0304 0404 0101 0302 0303 0102 0301 0201 0204 0404 0303 0301 0402 0301 0402 0203 0204 0402 0302 0204 0103 0203 0201 0103 0201 0102 0402 0203
27 , 0302 0104 0301 0204 0203 0301 0101 0403 0401 0401 0201 0203 0404 0401 0302 0303 0103 0102 0303 0404 0104 0201 0101 0202 0202 0101 0201 0402 0202 0301 0403 0102 0301 0202 0202 0404 0104 0201 0303 0102 0104 0401 0301 0102 0103 0103 0401 0302 0303 0102 0402 0103 0304 0204 0101 0302 0303 0102 0304 0201 0204 0404 0303 0301 0202 0301 0202 0202 0204 0102 0302 0204 0102 0203 0201 0103 0202 0102 0402 0203 0302 0104 0303 0204 0303 0301 0101 0403 0403 0401 0201 0202 0404 0301 0302 0303 0203 0102 0303 0404 0104 0101 0101 0202 0202 0101 0201 0402 0202 0301 0403 0102 0301 0202 0202 0404 0104 0203 0303 0102 0104 0401 0301 0402 0103 0103 0402 0302 0303 0102 0402 0103 0304 0404 0101 0303 0304 0102 0301 0201 0204 0404 0303 0301 0402 0301 0202 0203 0204 0402 0302 0204 0102 0203 0204 0103 0202 0102 0402 0201
28 , 0302 0104 0304 0204 0203 0301 0101 0403 0403 0401 0201 0203 0404 0301 0302 0303 0103 0102 0303 0404 0104 0201 0101 0202 0204 0104 0201 0402 0202 0301 0403 0102 0301 0202 0202 0104 0104 0203 0303 0102 0404 0401 0301 0102 0103 0103 0402 0302 0303 0102 0402 0103 0304 0404 0101 0302 0303 0103 0304 0203 0202 0404 0303 0301 0402 0301 0202 0203 0201 0202 0302 0204 0101 0203 0201 0103 0202 0102 0402 0203 0302 0104 0302 0204 0203 0301 0101 0403 0403 0401 0201 0202 0404 0301 0302 0303 0203 0102 0304 0404 0104 0201 0101 0202 0202 0101 0401 0402 0202 0301 0403 0104 0301 0202 0202 0303 0104 0203 0303 0102 0104 0401 0301 0102 0103 0103 0402 0204 0303 0102 0402 0103 0304 0402 0101 0302 0303 0102 0301 0201 0204 0404 0303 0301 0402 0301 0202 0203 0204 0402 0303 0204 0102 0203 0201 0104 0202 0102 0402 0203
29 , 0302 0104 0302 0204 0203 0301 0101 0103 0403 0401 0201 0204 0404 0301 0302 0303 0203 0102 0303 0104 0304 0201 0301 0202 0202 0101 0201 0402 0203 0301 0403 0102 0302 0202 0202 0404 0104 0203 0303 0102 0104 0401 0301 0102 0303 0103 0402 0302 0303 0102 0402 0103 0304 0404 0101 0302 0303 0102 0301 0201 0204 0404 0303 0301 0402 0301 0202 0103 0204 0202 0302 0204 0104 0203 0201 0103 0202 0102 0402 0203 0302 0104 0302 0204 0204 0301 0101 0403 0403 0402 0201 0203 0404 0301 0302 0303 0203 0102 0403 0404 0104 0201 0101 0202 0202 0101 0201 0402 0202 0301 0403 0102 0301 0202 0202 0404 0104 0203 0303 0102 0104 0301 0301 0102 0103 0102 0402 0303 0303 0102 0402 0103 0304 0404 0101 0302 0303 0102 0301 0201 0204 0404 0103 0301 0402 0301 0202 0203 0204 0402 0303 0203 0104 0203 0201 0303 0202 0104 0402 0303
30 , 0302 0104 0302 0204 0203 0302 0101 0404 0403 0401 0201 0203 0404 0301 0302 0303 0203 0102 0303 0404 0104 0201 0101 0202 0203 0101 0201 0402 0202 0303 0403 0102 0201 0402 0201 0404 0104 0203 0303 0102 0104 0201 0301 0102 0103 0103 0202 0402 0303 0102 0402 0103 0404 0204 0101 0302 0303 0102 0301 0201 0204 0404 0303 0301 0402 0301 0202 0203 0204 0402 0302 0204 0102 0203 0201 0103 0202 0102 0402 0203 0302 0104 0302 0204 0204 0301 0101 0103 0403 0401 0201 0303 0404 0301 0302 0303 0203 0102 0303 0403 0104 0202 0101 0202 0202 0101 0201 0402 0201 0301 0403 0102 0301 0202 0204 0404 0104 0203 0303 0102 0104 0401 0301 0102 0103 0103 0402 0202 0303 0102 0404 0103 0304 0404 0101 0201 0303 0102 0301 0201 0204 0404 0303 0304 0402 0303 0202 0203 0204 0402 0302 0204 0102 0303 0201 0103 0202 0102 0402 0203
31 , 0302 0104 0302 0204 0203 0301 0302 0403 0203 0401 0403 0103 0404 0301 0302 0404 0203 0102 0403 0404 0104 0203 0101 0202 0202 0102 0201 0402 0202 0301 0403 0102 0304 0202 0202 0404 0104 0203 0303 0102 0104 0401 0301 0102 0103 0103 0102 0302 0303 0102 0402 0103 0304 0404 0101 0303 0303 0103 0301 0201 0204 0404 0303 0301 0402 0301 0202 0203 0204 0402 0302 0202 0102 0203 0201 0103 0202 0104 0402 0103 0103 0104 0302 0204 0203 0303 0101 0403 0403 0401 0201 0203 0404 0301 0303 0303 0203 0102 0304 0404 0104 0201 0101 0202 0202 0101 0101 0402 0202 0301 0401 0102 0201 0102 0202 0404 0102 0203 0303 0102 0104 0401 0301 0102 0103 0103 0402 0302 0303 0102 0402 0102 0304 0404 0101 0302 0303 0102 0301 0203 0204 0404 0203 0301 0402 0301 0202 0204 0204 0402 0202 0204 0102 0203 0203 0103 0202 0102 0402 0103
32 , 0302 0104 0302 0204 0203 0301 0101 0103 0403 0401 0201 0203 0404 0301 0302 0303 0203 0102 0303 0104 0304 0201 0101 0202 0202 0101 0201 0402 0203 0201 0403 0102 0302 0202 0202 0404 0104 0203 0303 0102 0104 0401 0303 0102 0303 0103 0402 0302 0303 0102 0401 0103 0304 0404 0101 0302 0303 0102 0401 0201 0202 0404 0303 0301 0402 0301 0202 0103 0204 0202 0302 0204 0102 0203 0201 0103 0202 0102 0402 0203 0302 0104 0302 0204 0203 0301 0101 0403 0403 0401 0201 0203 0404 0301 0302 0303 0203 0102 0303 0404 0104 0201 0101 0202 0202 0101 0201 0402 0202 0301 0403 0104 0301 0204 0202 0404 0104 0203 0303 0102 0104 0401 0301 0102 0103 0403 0402 0302 0303 0402 0402 0303 0304 0404 0401 0301 0303 0102 0301 0201 0204 0404 0304 0301 0202 0301 0202 0203 0204 0402 0302 0204 0202 0203 0201 0103 0202 0102 0102 0203
33 , 0302 0104 0301 0204 0203 0201 0101 0403 0403 0401 0201 0203 0404 0401 0302 0303 0202 0102 0303 0404 0104 0201 0401 0202 0202 0101 0201 0402 0202 0301 0203 0202 0302 0204 0202 0404 0104 0203 0403 0102 0104 0401 0301 0102 0103 0101 0402 0202 0303 0101 0403 0103 0304 0404 0101 0302 0303 0102 0301 0204 0204 0404 0103 0301 0402 0301 0402 0203 0204 0402 0302 0204 0301 0203 0201 0103 0202 0102 0403 0203 0302 0104 0302 0204 0201 0301 0101 0102 0403 0401 0201 0103 0201 0301 0302 0303 0303 0102 0303 0404 0104 0201 0101 0202 0202 0101 0203 0402 0202 0301 0403 0102 0301 0202 0202 0402 0301 0203 0303 0102 0404 0401 0201 0402 0103 0103 0402 0302 0303 0102 0402 0103 0104 0404 0101 0302 0303 0103 0401 0201 0204 0404 0303 0301 0402 0301 0202 0203 0204 0402 0302 0204 0102 0203 0201 0103 0202 0102 0402 0203
34 , 0103 0104 0302 0204 0203 0303 0101 0403 0403 0401 0201 0203 0404 0301 0303 0303 0203 0102 0303 0401 0104 0101 0101 0202 0202 0101 0201 0402 0202 0201 0401 0302 0201 0102 0202 0404 0102 0203 0303 0102 0104 0401 0301 0102 0103 0103 0402 0302 0303 0102 0402 0103 0304 0404 0101 0302 0303 0102 0301 0201 0204 0404 0203 0301 0402 0301 0202 0203 0204 0402 0202 0204 0102 0203 0203 0103 0202 0104 0402 0103 0302 0104 0102 0204 0203 0301 0402 0403 0203 0401 0401 0203 0404 0301 0302 0403 0203 0102 0403 0404 0104 0201 0101 0202 0202 0102 0201 0402 0202 0301 0403 0102 0301 0202 0202 0204 0104 0203 0303 0102 0104 0401 0301 0102 0103 0103 0102 0302 0303 0102 0402 0103 0304 0404 0101 0302 0303 0103 0301 0201 0204 0404 0303 0301 0402 0301 0202 0203 0204 0402 0302 0202 0102 0203 0201 0103 0202 0102 0402 0103
35 , 0303 0104 0302 0204 0203 0301 0101 0403 0403 0402 0201 0203 0404 0303 0302 0303 0202 0102 0403 0404 0104 0204 0401 0202 0202 0101 0201 0402 0202 0301 0403 0102 0301 0202 0202 0404 0104 0203 0303 0102 0104 0402 0301 0102 0202 0102 0402 0302 0303 0102 0402 0103 0104 0304 0101 0302 0303 0102 0304 0201 0204 0401 0303 0301 0402 0301 0102 0203 0204 0202 0302 0204 0102 0203 0401 0103 0202 0102 0402 0203 0302 0404 0302 0204 0203 0302 0102 0403 0203 0401 0201 0201 0404 0301 0302 0303 0102 0102 0303 0404 0104 0201 0101 0202 0202 0102 0201 0401 0201 0301 0403 0102 0301 0202 0202 0404 0104 0203 0304 0102 0104 0401 0302 0102 0103 0101 0402 0302 0303 0102 0402 0103 0304 0404 0101 0402 0303 0104 0301 0202 0204 0404 0203 0301 0402 0301 0202 0203 0204 0402 0303 0204 0102 0203 0201 0303 0202 0102 0102 0203
36 , 0301 0104 0102 0204 0303 0301 0101 0403 0403 0401 0201 0203 0404 0201 0302 0303 0203 0302 0303 0404 0101 0204 0101 0202 0202 0101 0201 0402 0202 0301 0403 0102 0301 0203 0202 0404 0104 0203 0303 0104 0104 0401 0301 0102 0103 0103 0402 0304 0303 0102 0402 0103 0304 0304 0101 0302 0303 0102 0303 0201 0204 0404 0303 0301 0402 0101 0202 0203 0202 0402 0302 0204 0101 0203 0201 0103 0202 0102 0402 0203 0302 0104 0302 0203 0404 0301 0101 0403 0403 0204 0201 0303 0404 0301 0302 0203 0203 0102 0303 0404 0104 0201 0101 0202 0202 0401 0201 0402 0202 0301 0403 0102 0301 0201 0202 0404 0104 0201 0303 0102 0104 0401 0301 0102 0403 0103 0402 0402 0303 0102 0401 0101 0304 0401 0101 0402 0303 0102 0101 0201 0204 0404 0303 0301 0402 0301 0202 0203 0204 0402 0302 0204 0202 0203 0201 0103 0202 0102 0102 0202
37 , 0302 0104 0302 0304 0203 0401 0101 0403 0401 0301 0201 0203 0404 0301 0302 0303 0203 0102 0303 0404 0101 0201 0101 0202 0204 0101 0401 0402 0202 0301 0403 0102 0301 0202 0202 0404 0104 0203 0301 0102 0104 0401 0301 0102 0403 0203 0402 0302 0303 0103 0401 0303 0304 0404 0101 0302 0303 0102 0201 0201 0204 0404 0303 0301 0202 0301 0202 0203 0204 0202 0302 0204 0102 0203 0201 0103 0402 0402 0402 0203 0302 0104 0302 0204 0203 0301 0101 0103 0403 0401 0201 0203 0201 0301 0301 0303 0303 0102 0303 0404 0104 0201 0101 0202 0202 0101 0201 0402 0202 0301 0403 0102 0301 0202 0202 0404 0304 0203 0303 0102 0404 0401 0201 0402 0103 0103 0402 0302 0303 0102 0402 0103 0304 0404 0101 0302 0303 0102 0401 0201 0204 0404 0303 0301 0402 0301 0202 0203 0204 0402 0302 0204 0102 0203 0201 0103 0202 0102 0402 0203
38 , 0302 0101 0302 0204 0203 0301 0101 0403 0403 0401 0201 0203 0404 0301 0302 0303 0203 0102 0303 0304 0104 0202 0101 0202 0202 0101 0201 0402 0202 0301 0303 0104 0301 0202 0202 0404 0104 0203 0303 0102 0104 0401 0302 0102 0103 0103 0402 0302 0303 0102 0402 0103 0304 0404 0401 0302 0301 0102 0301 0201 0204 0404 0303 0301 0402 0301 0202 0203 0204 0402 0302 0204 0102 0203 0201 0103 0202 0102 0402 0203 0302 0104 0302 0204 0203 0101 0101 0103 0403 0401 0201 0203 0404 0301 0301 0303 0203 0102 0303 0404 0104 0204 0101 0202 0202 0101 0201 0402 0302 0301 0403 0102 0201 0204 0204 0404 0104 0203 0303 0102 0104 0401 0301 0102 0103 0103 0402 0302 0303 0102 0402 0103 0304 0304 0101 0302 0303 0103 0301 0201 0204 0402 0303 0301 0402 0302 0201 0403 0204 0402 0302 0204 0102 0303 0201 0103 0204 0102 0402 0203
39 , 0302 0204 0303 0203 0203 0401 0201 0403 0403 0402 0201 0203 0404 0301 0302 0303 0203 0102 0103 0404 0103 0201 0101 0202 0202 0401 0201 0102 0202 0301 0403 0102 0201 0202 0202 0404 0104 0203 0303 0102 0104 0401 0301 0102 0103 0103 0402 0303 0303 0102 0402 0103 0304 0404 0101 0304 0303 0101 0301 0201 0204 0404 0203 0301 0402 0301 0202 0203 0204 0402 0301 0204 0102 0203 0201 0104 0202 0102 0402 0203 0301 0104 0302 0204 0202 0101 0102 0403 0404 0303 0201 0203 0404 0301 0302 0303 0203 0102 0303 0404 0104 0204 0101 0202 0203 0101 0201 0402 0202 0301 0103 0102 0301 0203 0202 0404 0304 0403 0303 0302 0104 0401 0301 0102 0102 0103 0401 0302 0303 0102 0402 0104 0304 0404 0101 0302 0303 0102 0301 0201 0204 0404 0203 0304 0402 0301 0202 0203 0204 0402 0302 0204 0103 0203 0201 0103 0202 0102 0402 0203
40 , 0302 0304 0302 0204 0203 0301 0101 0403 0203 0401 0201 0203 0404 0101 0302 0303 0203 0102 0303 0404 0104 0201 0101 0202 0202 0101 0201 0202 0202 0302 0403 0102 0301 0202 0402 0403 0104 0203 0303 0102 0304 0401 0301 0301 0103 0103 0401 0302 0303 0102 0402 0203 0304 0404 0101 0302 0303 0102 0301 0201 0103 0404 0203 0301 0402 0301 0202 0201 0201 0402 0302 0204 0102 0303 0101 0103 0302 0102 0402 0203 0102 0104 0302 0204 0403 0301 0101 0403 0403 0401 0201 0203 0404 0301 0302 0303 0203 0102 0303 0404 0104 0202 0101 0202 0202 0101 0201 0401 0202 0301 0403 0104 0301 0202 0202 0403 0104 0203 0303 0102 0104 0401 0303 0102 0103 0103 0402 0302 0301 0102 0402 0103 0304 0404 0101 0302 0303 0102 0301 0401 0204 0404 0303 0301 0202 0301 0202 0203 0204 0402 0302 0204 0102 0201 0201 0103 0202 0102 0402 0202
41 , 0302 0104 0102 0204 0303 0301 0101 0403 0403 0401 0201 0203 0404 0301 0302 0303 0203 0302 0303 0404 0101 0204 0101 0202 0204 0101 0201 0402 0202 0301 0403 0102 0301 0203 0202 0404 0104 0203 0303 0104 0104 0401 0302 0102 0103 0103 0402 0304 0303 0102 0402 0103 0304 0304 0101 0303 0303 0102 0303 0201 0204 0404 0303 0301 0402 0302 0202 0203 0204 0402 0302 0204 0102 0203 0201 0103 0202 0104 0401 0203 0302 0104 0303 0203 0203 0301 0101 0403 0403 0401 0201 0203 0404 0301 0302 0303 0203 0302 0303 0404 0102 0201 0101 0202 0202 0101 0201 0402 0202 0301 0402 0102 0301 0202 0202 0404 0104 0203 0303 0402 0104 0401 0201 0102 0103 0103 0402 0301 0303 0102 0202 0103 0304 0404 0101 0302 0303 0102 0301 0201 0204 0404 0303 0301 0302 0301 0402 0203 0204 0402 0402 0203 0102 0203 0204 0103 0203 0102 0402 0201
42 , 0302 0104 0302 0204 0203 0301 0101 0403 0403 0401 0201 0203 0404 0302 0302 0303 0403 0101 0303 0404 0104 0201 0101 0202 0202 0101 0201 0402 0202 0301 0403 0102 0201 0102 0202 0404 0104 0203 0303 0102 0204 0301 0301 0202 0103 0103 0402 0302 0303 0102 0302 0103 0304 0404 0101 0302 0303 0102 0303 0201 0204 0204 0303 0301 0402 0301 0202 0404 0204 0402 0302 0204 0102 0203 0201 0103 0204 0102 0402 0203 0302 0104 0302 0204 0203 0301 0102 0403 0403 0401 0401 0203 0404 0301 0302 0303 0203 0102 0303 0404 0103 0301 0101 0202 0202 0101 0201 0402 0202 0304 0403 0102 0304 0202 0202 0404 0104 0203 0303 0103 0104 0401 0301 0102 0303 0103 0402 0302 0303 0102 0402 0103 0204 0404 0101 0302 0303 0103 0301 0201 0204 0404 0303 0301 0403 0301 0202 0203 0203 0402 0402 0104 0102 0203 0204 0103 0402 0102 0402 0203
43 , 0302 0104 0402 0204 0203 0301 0101 0403 0403 0401 0201 0203 0304 0301 0301 0303 0203 0102 0303 0404 0104 0201 0101 0204 0204 0101 0301 0402 0202 0301 0403 0102 0301 0202 0202 0404 0104 0203 0303 0102 0104 0401 0303 0102 0103 0103 0202 0302 0303 0102 0402 0103 0304 0401 0101 0302 0303 0102 0301 0201 0204 0404 0303 0301 0402 0301 0203 0203 0203 0402 0302 0201 0102 0203 0201 0103 0202 0102 0402 0203 0302 0404 0402 0204 0203 0301 0102 0403 0403 0401 0201 0203 0404 0304 0303 0303 0102 0102 0303 0404 0103 0401 0101 0302 0202 0101 0201 0302 0204 0301 0303 0102 0301 0201 0202 0404 0104 0203 0303 0102 0104 0401 0301 0102 0103 0103 0404 0102 0303 0104 0402 0104 0304 0404 0101 0302 0303 0102 0301 0201 0204 0402 0303 0201 0402 0201 0202 0203 0204 0402 0302 0303 0402 0203 0201 0103 0202 0102 0402 0203
44 , 0402 0104 0302 0204 0203 0301 0101 0403 0403 0401 0201 0203 0404 0301 0304 0303 0203 0102 0304 0404 0104 0201 0101 0202 0302 0201 0201 0402 0202 0301 0403 0102 0301 0203 0202 0404 0404 0204 0303 0102 0104 0401 0301 0302 0103 0103 0402 0402 0303 0103 0403 0103 0304 0404 0104 0302 0303 0402 0301 0201 0204 0404 0303 0301 0402 0302 0402 0203 0204 0402 0302 0202 0103 0203 0201 0103 0202 0102 0102 0203 0104 0104 0302 0204 0203 0301 0101 0403 0103 0401 0201 0203 0401 0301 0102 0303 0103 0102 0404 0404 0104 0201 0101 0202 0201 0101 0201 0402 0202 0301 0403 0102 0301 0202 0202 0404 0104 0201 0303 0102 0104 0401 0302 0103 0103 0103 0402 0302 0303 0102 0402 0103 0304 0104 0101 0102 0303 0102 0301 0201 0204 0404 0303 0301 0402 0301 0202 0203 0204 0403 0302 0204 0102 0203 0201 0103 0202 0102 0402 0203
45 , 0302 0104 0302 0204 0203 0301 0101 0103 0403 0401 0201 0203 0404 0301 0302 0303 0203 0102 0303 0404 0104 0201 0101 0202 0202 0101 0201 0302 0203 0301 0403 0102 0101 0202 0202 0404 0101 0203 0303 0102 0104 0401 0301 0102 0103 0104 0404 0301 0303 0102 0402 0103 0304 0404 0101 0304 0303 0102 0301 0201 0204 0404 0303 0301 0402 0301 0202 0203 0204 0402 0302 0204 0102 0203 0201 0103 0202 0102 0402 0203 0202 0104 0302 0204 0203 0304 0101 0403 0403 0201 0201 0303 0401 0301 0302 0302 0203 0102 0303 0404 0104 0201 0101 0202 0202 0101 0201 0401 0202 0301 0403 0102 0301 0202 0202 0404 0104 0203 0303 0102 0104 0401 0301 0102 0103 0103 0102 0302 0303 0102 0402 0103 0304 0304 0101 0302 0303 0102 0301 0201 0204 0401 0303 0304 0202 0101 0402 0203 0204 0402 0302 0204 0102 0103 0201 0203 0202 0102 0403 0203
46 , 0303 0104 0302 0204 0203 0301 0103 0403 0403 0402 0201 0203 0404 0301 0302 0303 0202 0102 0403 0404 0104 0204 0101 0202 0202 0102 0201 0402 0202 0301 0403 0102 0301 0202 0202 0404 0104 0203 0303 0102 0204 0402 0201 0102 0203 0103 0402 0301 0303 0102 0402 0103 0104 0404 0101 0302 0304 0102 0304 0201 0204 0304 0303 0301 0402 0301 0102 0203 0204 0202 0302 0204 0102 0203 0204 0103 0202 0102 0402 0203 0302 0204 0302 0204 0203 0301 0101 0203 0403 0401 0201 0203 0404 0301 0302 0304 0203 0102 0303 0104 0104 0201 0101 0202 0202 0101 0201 0402 0202 0301 0403 0102 0301 0202 0202 0404 0104 0203 0303 0102 0104 0401 0403 0102 0303 0103 0402 0302 0304 0102 0402 0103 0304 0404 0101 0302 0303 0302 0301 0201 0204 0104 0303 0301 0402 0301 0202 0203 0204 0402 0302 0201 0302 0203 0201 0103 0302 0102 0402 0203
47 , 0402 0104 0302 0204 0203 0301 0101 0403 0403 0301 0201 0403 0404 0301 0302 0303 0203 0102 0303 0404 0104 0201 0101 0202 0302 0101 0203 0402 0202 0301 0403 0102 0301 0203 0202 0404 0104 0204 0303 0102 0104 0401 0303 0102 0103 0103 0402 0302 0303 0101 0302 0103 0304 0404 0101 0302 0303 0102 0301 0201 0204 0404 0303 0303 0402 0302 0202 0203 0204 0402 0302 0204 0103 0203 0201 0303 0202 0102 0102 0203 0202 0104 0302 0204 0203 0301 0101 0403 0403 0403 0201 0203 0404 0303 0302 0303 0203 0102 0303 0404 0104 0201 0101 0202 0202 0301 0401 0402 0202 0301 0401 0102 0101 0202 0204 0404 0104 0203 0303 0102 0104 0401 0301 0103 0103 0302 0403 0302 0303 0102 0402 0103 0304 0104 0101 0303 0303 0102 0301 0201 0201 0404 0303 0303 0401 0401 0202 0203 0104 0402 0202 0204 0102 0203 0202 0103 0202 0102 0402 0203
48 , 0202 0104 0302 0204 0203 0301 0101 0403 0403 0403 0201 0303 0404 0301 0302 0303 0203 0102 0303 0404 0104 0201 0101 0202 0202 0101 0401 0402 0202 0301 0403 0102 0101 0202 0204 0404 0104 0203 0303 0102 0104 0101 0301 0103 0102 0303 0403 0302 0303 0102 0402 0103 0304 0104 0101 0301 0303 0102 0301 0301 0201 0404 0303 0303 0401 0401 0202 0203 0204 0402 0302 0204 0102 0203 0201 0103 0202 0102 0402 0203 0302 0101 0302 0404 0203 0301 0101 0403 0403 0401 0201 0203 0403 0101 0302 0303 0203 0102 0303 0404 0104 0201 0101 0202 0202 0101 0401 0402 0202 0301 0403 0102 0301 0202 0201 0104 0104 0201 0303 0102 0104 0401 0301 0102 0403 0103 0402 0401 0303 0202 0402 0103 0402 0404 0101 0302 0303 0103 0301 0203 0204 0404 0304 0301 0402 0301 0202 0203 0204 0401 0302 0204 0102 0203 0201 0103 0202 0102 0402 0203
49 , 0302 0104 0302 0204 0203 0301 0101 0403 0403 0401 0201 0203 0404 0301 0302 0303 0203 0102 0303 0404 0104 0201 0101 0203 0202 0101 0201 0402 0202 0301 0403 0104 0301 0202 0202 0404 0402 0203 0303 0102 0104 0404 0301 0101 0103 0403 0402 0302 0303 0102 0402 0103 0304 0404 0401 0304 0303 0102 0301 0201 0204 0404 0303 0304 0402 0301 0202 0103 0204 0402 0302 0204 0101 0203 0201 0103 0202 0102 0402 0203 0302 0104 0302 0204 0203 0301 0101 0403 0403 0401 0201 0203 0404 0301 0302 0303 0103 0102 0304 0404 0401 0201 0101 0202 0202 0101 0201 0402 0202 0301 0403 0102 0301 0202 0202 0304 0104 0203 0401 0102 0104 0401 0301 0102 0403 0403 0402 0302 0303 0102 0401 0103 0304 0404 0101 0302 0301 0102 0301 0201 0204 0404 0303 0301 0202 0301 0202 0203 0204 0402 0302 0203 0102 0203 0201 0103 0402 0402 0402 0203
50 , 0302 0101 0302 0204 0203 0301 0101 0403 0403 0401 0201 0103 0404 0302 0302 0303 0203 0102 0303 0404 0102 0304 0101 0202 0202 0101 0201 0402 0204 0301 0403 0102 0301 0202 0102 0404 0104 0203 0304 0102 0104 0401 0101 0202 0103 0103 0402 0302 0303 0102 0404 0104 0304 0404 0101 0302 0303 0102 0301 0201 0204 0402 0303 0204 0402 0301 0201 0203 0204 0402 0302 0203 0402 0203 0201 0103 0202 0102 0404 0203 0301 0104 0302 0404 0203 0101 0101 0403 0403 0401 0201 0203 0404 0301 0302 0303 0203 0103 0303 0404 0104 0204 0101 0202 0203 0101 0201 0402 0202 0301 0403 0102 0301 0202 0202 0404 0304 0203 0303 0102 0104 0401 0401 0102 0103 0103 0401 0302 0303 0102 0402 0103 0304 0404 0101 0302 0303 0102 0301 0201 0204 0404 0303 0304 0402 0301 0202 0203 0204 0202 0302 0304 0102 0203 0201 0103 0202 0404 0402 0303