Generated genotype output
1
2
3
4
5
6
7
8
9
10
11
12
13
14
15
16
17
18
19
20
21
22
23
24
25
26
27
28
29
30
31
32
33
34
35
36
37
38
39
40
Pop
1 , 0103 0304 0104 0104 0104 0403 0402 0404 0202 0204 0403 0201 0402 0102 0101 0302 0203 0101 0103 0203 0103 0304 0104 0104 0104 0403 0402 0404 0202 0204 0401 0301 0202 0102 0201 0302 0203 0101 0103 0203
2 , 0103 0304 0104 0104 0104 0203 0402 0404 0202 0204 0403 0101 0402 0102 0101 0301 0203 0101 0103 0203 0101 0303 0304 0104 0104 0403 0403 0304 0202 0204 0403 0303 0402 0102 0101 0302 0203 0101 0103 0203
3 , 0103 0304 0104 0104 0104 0403 0402 0403 0202 0204 0403 0301 0402 0102 0104 0302 0204 0201 0103 0203 0303 0304 0104 0101 0104 0203 0402 0404 0202 0202 0401 0301 0402 0102 0101 0302 0203 0101 0103 0203
4 , 0103 0304 0104 0104 0104 0403 0401 0401 0202 0204 0403 0301 0402 0102 0104 0302 0203 0103 0103 0203 0103 0402 0104 0104 0104 0203 0402 0404 0202 0204 0403 0301 0401 0102 0101 0302 0203 0101 0103 0203
5 , 0103 0304 0104 0102 0104 0403 0402 0403 0202 0204 0403 0301 0402 0102 0101 0302 0203 0101 0103 0203 0303 0304 0104 0104 0104 0403 0402 0404 0402 0204 0203 0301 0402 0102 0101 0302 0203 0101 0103 0203
6 , 0103 0304 0104 0104 0104 0403 0402 0404 0202 0304 0401 0301 0402 0102 0101 0302 0203 0101 0101 0203 0103 0304 0104 0104 0104 0203 0402 0404 0202 0204 0403 0101 0402 0102 0101 0302 0203 0101 0103 0203
7 , 0103 0304 0104 0102 0104 0403 0402 0404 0202 0204 0103 0301 0402 0101 0101 0302 0201 0101 0103 0203 0103 0304 0104 0104 0104 0403 0402 0404 0202 0304 0303 0301 0404 0101 0101 0302 0203 0101 0103 0203
8 , 0103 0304 0304 0101 0104 0402 0403 0404 0202 0203 0203 0302 0402 0102 0401 0304 0203 0101 0103 0203 0103 0304 0104 0104 0104 0403 0402 0404 0202 0204 0404 0301 0402 0102 0101 0302 0203 0101 0103 0202
9 , 0103 0304 0104 0104 0104 0403 0402 0404 0202 0204 0401 0301 0402 0102 0101 0302 0203 0101 0103 0203 0103 0304 0104 0104 0104 0403 0402 0404 0204 0204 0403 0301 0402 0102 0101 0102 0203 0101 0103 0203
10 , 0103 0304 0104 0104 0104 0403 0402 0404 0202 0204 0403 0301 0402 0102 0101 0302 0303 0101 0103 0303 0403 0304 0104 0103 0104 0403 0402 0404 0202 0204 0403 0201 0402 0102 0101 0302 0303 0103 0103 0201
11 , 0103 0104 0104 0104 0104 0303 0402 0404 0202 0204 0403 0301 0402 0102 0101 0302 0203 0101 0103 0203 0103 0304 0104 0104 0104 0403 0402 0404 0202 0204 0403 0201 0401 0102 0101 0302 0203 0103 0103 0201
12 , 0103 0304 0104 0104 0304 0403 0402 0401 0203 0204 0403 0301 0402 0102 0101 0402 0203 0101 0101 0202 0103 0304 0104 0104 0104 0401 0302 0204 0202 0204 0403 0301 0402 0102 0101 0302 0203 0101 0101 0303
13 , 0103 0304 0104 0104 0304 0403 0402 0404 0202 0204 0403 0301 0402 0102 0101 0302 0203 0101 0103 0203 0103 0304 0104 0104 0104 0403 0402 0404 0402 0204 0403 0201 0402 0102 0101 0302 0203 0401 0103 0203
14 , 0103 0304 0104 0104 0104 0403 0402 0404 0201 0204 0403 0301 0402 0102 0101 0302 0203 0101 0103 0203 0103 0304 0104 0104 0104 0403 0402 0404 0202 0204 0403 0301 0402 0302 0101 0302 0203 0101 0103 0103
15 , 0103 0304 0104 0104 0104 0403 0402 0404 0102 0204 0403 0201 0402 0102 0101 0302 0203 0101 0303 0203 0103 0304 0104 0204 0104 0403 0402 0402 0202 0204 0403 0301 0402 0102 0101 0302 0203 0101 0103 0203
16 , 0103 0402 0104 0104 0104 0203 0402 0404 0202 0204 0403 0301 0402 0102 0101 0302 0203 0101 0103 0203 0103 0304 0104 0104 0104 0403 0402 0404 0202 0204 0403 0301 0402 0102 0101 0302 0203 0101 0103 0203
17 , 0103 0304 0104 0104 0102 0403 0302 0404 0202 0204 0303 0302 0402 0102 0101 0302 0303 0102 0103 0203 0103 0304 0304 0104 0104 0403 0403 0404 0202 0204 0403 0301 0402 0101 0101 0302 0203 0101 0103 0203
18 , 0103 0304 0304 0103 0104 0403 0403 0404 0202 0204 0403 0301 0403 0102 0101 0302 0103 0201 0103 0203 0103 0304 0104 0104 0104 0403 0402 0404 0202 0204 0403 0301 0402 0302 0101 0302 0203 0101 0103 0103
19 , 0103 0304 0104 0104 0104 0403 0402 0404 0202 0204 0403 0301 0402 0103 0101 0302 0203 0101 0103 0203 0103 0303 0104 0104 0104 0403 0402 0404 0202 0204 0403 0304 0402 0102 0101 0402 0203 0102 0403 0203
20 , 0103 0304 0104 0404 0102 0203 0403 0404 0202 0204 0403 0301 0402 0102 0101 0302 0203 0101 0103 0204 0103 0304 0102 0104 0104 0403 0402 0404 0202 0204 0403 0101 0402 0103 0101 0302 0203 0101 0103 0203
21 , 0101 0304 0304 0104 0104 0403 0403 0204 0202 0204 0403 0301 0401 0102 0101 0302 0203 0101 0103 0203 0103 0304 0104 0104 0104 0403 0402 0404 0202 0204 0403 0201 0402 0102 0201 0302 0203 0101 0103 0201
22 , 0102 0304 0104 0104 0104 0403 0402 0404 0202 0204 0403 0301 0402 0102 0101 0302 0203 0101 0102 0203 0103 0304 0104 0104 0104 0403 0402 0404 0202 0204 0403 0301 0402 0101 0101 0302 0204 0201 0103 0203
23 , 0103 0304 0102 0104 0104 0403 0402 0401 0202 0204 0403 0301 0402 0102 0101 0302 0403 0401 0101 0203 0103 0404 0104 0104 0104 0403 0402 0404 0202 0204 0404 0301 0402 0102 0102 0302 0203 0101 0104 0302
24 , 0104 0104 0104 0204 0104 0403 0402 0404 0202 0204 0403 0304 0401 0102 0101 0302 0203 0101 0101 0203 0103 0304 0104 0104 0104 0403 0402 0404 0202 0204 0403 0301 0402 0102 0101 0302 0203 0101 0103 0203
25 , 0101 0302 0204 0204 0104 0403 0404 0403 0202 0204 0403 0201 0402 0102 0101 0302 0203 0101 0103 0203 0103 0303 0104 0104 0304 0403 0402 0104 0202 0204 0403 0301 0402 0202 0101 0302 0203 0301 0103 0203
26 , 0103 0304 0104 0102 0304 0403 0402 0404 0202 0204 0403 0301 0402 0102 0101 0302 0203 0101 0103 0203 0103 0302 0103 0104 0104 0403 0402 0404 0202 0204 0103 0301 0202 0102 0101 0302 0203 0101 0103 0202
27 , 0103 0303 0104 0104 0104 0403 0402 0404 0202 0204 0403 0101 0302 0102 0101 0302 0203 0101 0103 0203 0103 0304 0104 0104 0104 0403 0402 0404 0402 0104 0403 0201 0402 0102 0101 0302 0203 0101 0103 0203
28 , 0103 0304 0304 0104 0104 0403 0402 0404 0202 0204 0403 0301 0402 0102 0101 0302 0203 0101 0103 0203 0103 0304 0104 0104 0104 0403 0402 0404 0202 0203 0403 0301 0402 0103 0101 0302 0203 0101 0103 0103
29 , 0102 0304 0104 0104 0104 0403 0402 0403 0202 0304 0403 0301 0402 0102 0104 0302 0203 0101 0103 0203 0202 0304 0104 0104 0104 0403 0402 0404 0202 0204 0403 0301 0402 0102 0101 0302 0203 0101 0102 0202
30 , 0103 0304 0104 0104 0104 0403 0402 0404 0202 0204 0403 0301 0402 0102 0101 0302 0203 0101 0103 0403 0103 0304 0104 0103 0102 0103 0402 0404 0402 0204 0403 0301 0402 0103 0101 0302 0203 0101 0103 0203
31 , 0103 0304 0104 0104 0304 0103 0402 0403 0202 0204 0403 0201 0402 0102 0101 0302 0203 0301 0103 0203 0103 0304 0104 0104 0104 0403 0402 0404 0202 0204 0403 0301 0402 0102 0101 0302 0203 0101 0103 0303
32 , 0102 0302 0204 0104 0104 0403 0102 0403 0203 0304 0403 0301 0402 0104 0104 0302 0203 0101 0103 0203 0103 0304 0104 0104 0104 0203 0403 0404 0202 0204 0403 0301 0402 0102 0301 0303 0303 0101 0103 0203
33 , 0104 0304 0104 0104 0104 0403 0403 0404 0202 0204 0403 0301 0403 0102 0101 0302 0203 0101 0103 0203 0103 0304 0104 0404 0104 0403 0402 0404 0202 0204 0403 0302 0402 0102 0101 0302 0203 0101 0103 0203
34 , 0103 0304 0104 0104 0104 0403 0402 0404 0202 0204 0402 0302 0402 0102 0101 0302 0203 0101 0103 0403 0102 0304 0404 0104 0303 0103 0402 0404 0202 0204 0403 0301 0402 0102 0401 0302 0203 0301 0103 0203
35 , 0103 0302 0104 0104 0104 0203 0402 0304 0202 0204 0401 0101 0402 0302 0101 0302 0203 0101 0103 0203 0103 0304 0104 0104 0104 0403 0402 0404 0202 0204 0403 0301 0401 0102 0102 0302 0303 0102 0103 0203
36 , 0103 0304 0104 0104 0104 0203 0402 0404 0202 0204 0403 0101 0402 0102 0101 0302 0203 0101 0103 0202 0103 0304 0104 0104 0102 0403 0402 0404 0102 0204 0403 0301 0402 0104 0101 0302 0203 0101 0103 0203
37 , 0104 0304 0104 0104 0104 0403 0402 0404 0202 0203 0403 0301 0402 0102 0101 0302 0203 0101 0103 0403 0103 0304 0104 0104 0104 0403 0402 0404 0202 0204 0403 0301 0402 0102 0103 0302 0203 0101 0103 0203
38 , 0103 0302 0104 0104 0102 0203 0403 0404 0202 0204 0403 0301 0402 0102 0101 0302 0203 0101 0103 0203 0103 0304 0104 0104 0104 0403 0102 0404 0202 0204 0303 0101 0402 0102 0101 0302 0203 0101 0103 0204
39 , 0103 0304 0104 0104 0103 0403 0402 0404 0204 0204 0403 0301 0402 0102 0101 0302 0203 0101 0103 0203 0103 0104 0104 0104 0104 0303 0202 0404 0202 0204 0403 0301 0402 0102 0101 0302 0203 0101 0103 0203
40 , 0103 0304 0104 0104 0102 0403 0402 0404 0202 0204 0303 0302 0402 0102 0101 0302 0203 0101 0103 0203 0103 0304 0104 0104 0104 0403 0402 0404 0202 0204 0403 0301 0402 0102 0101 0301 0203 0101 0103 0303
41 , 0102 0304 0104 0104 0104 0201 0402 0404 0202 0204 0403 0101 0402 0102 0101 0302 0203 0101 0103 0203 0103 0304 0104 0104 0104 0403 0202 0403 0202 0204 0403 0301 0402 0102 0101 0302 0203 0101 0103 0203
42 , 0103 0304 0104 0104 0104 0404 0402 0404 0202 0202 0402 0301 0402 0102 0101 0302 0203 0101 0103 0203 0103 0303 0104 0204 0104 0403 0402 0403 0202 0303 0403 0301 0402 0102 0101 0302 0203 0101 0103 0203
43 , 0103 0304 0104 0104 0104 0403 0402 0404 0202 0204 0403 0201 0102 0302 0101 0302 0203 0103 0301 0201 0104 0304 0104 0104 0104 0403 0402 0404 0202 0204 0403 0301 0402 0102 0101 0302 0203 0101 0103 0203
44 , 0103 0301 0104 0104 0104 0403 0403 0404 0202 0204 0403 0101 0402 0102 0103 0302 0203 0101 0103 0302 0103 0304 0104 0104 0104 0403 0402 0404 0202 0204 0403 0301 0402 0102 0101 0402 0203 0101 0103 0203
45 , 0203 0304 0104 0104 0104 0403 0402 0403 0202 0204 0303 0301 0402 0102 0104 0302 0204 0401 0103 0203 0103 0304 0104 0104 0104 0401 0402 0404 0201 0204 0403 0301 0402 0102 0101 0302 0203 0101 0103 0203
46 , 0103 0304 0104 0104 0103 0203 0402 0404 0202 0204 0401 0301 0402 0102 0101 0302 0203 0101 0103 0203 0101 0304 0104 0104 0104 0403 0402 0401 0202 0204 0403 0301 0402 0102 0101 0402 0203 0101 0101 0202
47 , 0103 0304 0104 0104 0104 0403 0102 0404 0202 0204 0403 0301 0402 0102 0101 0302 0203 0401 0103 0203 0103 0304 0104 0104 0104 0403 0402 0401 0202 0204 0403 0301 0402 0102 0101 0302 0203 0401 0101 0203
48 , 0103 0304 0104 0104 0104 0403 0402 0401 0202 0204 0403 0301 0402 0102 0101 0302 0203 0401 0101 0203 0103 0304 0104 0104 0102 0203 0402 0404 0202 0204 0403 0103 0402 0102 0101 0302 0203 0301 0103 0203
49 , 0103 0304 0104 0104 0104 0203 0403 0404 0202 0204 0203 0301 0402 0102 0301 0302 0203 0101 0103 0203 0103 0304 0104 0104 0104 0403 0402 0404 0202 0203 0403 0301 0402 0102 0101 0302 0203 0101 0103 0203
50 , 0103 0304 0104 0104 0104 0103 0404 0404 0202 0204 0403 0301 0402 0102 0101 0302 0201 0101 0103 0203 0103 0104 0104 0104 0104 0403 0102 0404 0202 0204 0203 0301 0402 0102 0101 0302 0203 0101 0103 0203