Generated genotype output
1
2
3
4
5
6
7
8
9
10
11
12
13
14
15
16
17
18
19
20
21
22
23
24
25
26
27
28
29
30
31
32
33
34
35
36
37
38
39
40
41
42
43
44
45
46
47
48
49
50
51
52
53
54
55
56
57
58
59
60
61
62
63
64
65
66
67
68
69
70
71
72
73
74
75
76
77
78
79
80
Pop
1 , 0303 0102 0302 0401 0303 0302 0202 0403 0303 0404 0201 0104 0401 0403 0303 0303 0201 0303 0102 0304 0304 0104 0103 0404 0401 0101 0304 0202 0404 0401 0102 0303 0204 0204 0201 0203 0101 0403 0402 0401 0303 0102 0302 0401 0301 0302 0202 0403 0303 0404 0201 0104 0401 0403 0303 0203 0201 0203 0102 0304 0304 0104 0103 0404 0401 0102 0304 0202 0404 0401 0102 0303 0204 0304 0201 0203 0101 0203 0404 0404
2 , 0303 0102 0302 0401 0301 0302 0202 0403 0303 0404 0201 0104 0401 0403 0303 0303 0201 0303 0102 0304 0304 0104 0101 0404 0401 0101 0304 0202 0404 0401 0102 0103 0204 0304 0201 0203 0101 0104 0404 0404 0303 0102 0302 0401 0301 0302 0202 0403 0301 0404 0201 0104 0401 0401 0304 0303 0201 0303 0102 0304 0304 0104 0103 0404 0401 0101 0304 0202 0404 0401 0102 0303 0204 0204 0301 0202 0101 0103 0404 0404
3 , 0303 0102 0302 0401 0301 0302 0202 0403 0303 0404 0201 0104 0404 0403 0303 0203 0201 0303 0102 0304 0303 0104 0103 0404 0401 0101 0304 0202 0404 0401 0102 0302 0204 0304 0201 0203 0104 0103 0103 0104 0304 0102 0303 0402 0401 0302 0203 0402 0303 0404 0201 0104 0404 0401 0403 0203 0201 0303 0102 0304 0304 0104 0103 0404 0401 0101 0304 0302 0404 0401 0102 0303 0202 0202 0201 0203 0401 0103 0403 0404
4 , 0303 0102 0302 0401 0301 0302 0201 0303 0303 0104 0201 0104 0101 0303 0303 0203 0201 0303 0102 0304 0304 0104 0103 0404 0403 0101 0304 0202 0404 0401 0102 0303 0204 0304 0201 0203 0101 0103 0403 0404 0303 0102 0302 0401 0301 0302 0202 0403 0303 0404 0201 0404 0401 0401 0403 0203 0401 0303 0102 0304 0304 0104 0103 0404 0401 0101 0304 0202 0404 0401 0102 0303 0202 0204 0201 0203 0101 0103 0403 0404
5 , 0303 0102 0301 0402 0301 0302 0202 0403 0303 0404 0201 0104 0401 0403 0303 0203 0201 0303 0102 0304 0304 0304 0403 0404 0401 0101 0304 0202 0404 0401 0102 0303 0204 0204 0201 0203 0101 0103 0403 0402 0302 0102 0302 0401 0301 0302 0202 0403 0303 0404 0101 0104 0401 0403 0303 0203 0201 0303 0102 0204 0204 0103 0103 0402 0401 0301 0304 0202 0404 0401 0102 0303 0204 0204 0201 0203 0101 0103 0403 0204
6 , 0303 0402 0302 0401 0401 0302 0202 0403 0303 0404 0201 0104 0401 0403 0403 0204 0201 0303 0102 0304 0304 0104 0103 0404 0401 0101 0304 0202 0404 0104 0102 0303 0204 0204 0203 0203 0101 0103 0403 0404 0303 0102 0302 0401 0301 0302 0202 0403 0303 0404 0201 0104 0401 0403 0303 0303 0201 0303 0102 0304 0301 0103 0104 0404 0401 0101 0304 0202 0404 0403 0102 0303 0204 0302 0201 0203 0101 0103 0103 0404
7 , 0303 0102 0302 0402 0301 0302 0202 0403 0303 0404 0201 0104 0401 0403 0303 0203 0201 0303 0102 0304 0302 0104 0103 0404 0401 0101 0204 0202 0403 0401 0102 0303 0204 0204 0201 0203 0101 0103 0403 0404 0303 0102 0302 0301 0303 0302 0202 0403 0303 0404 0201 0104 0404 0403 0303 0203 0201 0303 0102 0304 0304 0104 0103 0404 0404 0403 0304 0202 0104 0201 0102 0303 0204 0203 0201 0103 0201 0103 0403 0404
8 , 0303 0102 0302 0401 0101 0302 0202 0403 0301 0404 0201 0104 0402 0403 0304 0203 0201 0403 0102 0304 0204 0104 0103 0404 0401 0101 0304 0202 0404 0401 0402 0303 0204 0104 0301 0203 0401 0103 0404 0404 0303 0102 0302 0401 0301 0302 0202 0203 0303 0404 0201 0104 0401 0403 0303 0203 0201 0303 0102 0304 0304 0104 0103 0404 0401 0101 0204 0202 0404 0401 0102 0301 0204 0204 0201 0203 0101 0103 0403 0404
9 , 0303 0102 0302 0401 0301 0303 0202 0403 0303 0404 0201 0103 0401 0403 0302 0203 0201 0303 0102 0304 0304 0104 0103 0404 0401 0102 0304 0202 0404 0401 0102 0303 0204 0304 0201 0203 0101 0203 0404 0404 0303 0103 0302 0402 0301 0302 0202 0403 0403 0402 0404 0104 0401 0403 0303 0203 0201 0303 0102 0304 0304 0104 0103 0404 0401 0101 0304 0202 0404 0401 0302 0303 0204 0204 0201 0303 0101 0104 0403 0404
10 , 0303 0102 0302 0401 0301 0302 0202 0403 0303 0304 0201 0104 0401 0403 0303 0203 0201 0303 0102 0304 0303 0104 0104 0104 0401 0101 0304 0202 0404 0401 0102 0303 0204 0204 0204 0103 0101 0103 0403 0404 0303 0202 0302 0401 0301 0304 0202 0403 0302 0204 0204 0104 0401 0403 0303 0203 0201 0303 0102 0304 0304 0104 0103 0404 0401 0101 0303 0202 0404 0401 0102 0303 0204 0204 0201 0203 0101 0103 0403 0101
11 , 0303 0102 0302 0401 0301 0302 0202 0403 0303 0404 0201 0104 0401 0403 0302 0204 0201 0303 0102 0304 0304 0104 0103 0404 0401 0101 0304 0202 0404 0401 0102 0303 0204 0202 0201 0203 0101 0103 0403 0404 0303 0202 0302 0401 0301 0302 0104 0403 0302 0204 0201 0104 0401 0403 0303 0203 0201 0303 0102 0304 0304 0104 0103 0404 0401 0101 0303 0202 0404 0401 0102 0303 0204 0204 0201 0203 0101 0103 0403 0304
12 , 0303 0302 0302 0401 0301 0301 0202 0103 0301 0404 0201 0104 0401 0403 0303 0203 0203 0303 0202 0302 0304 0104 0103 0404 0401 0101 0304 0202 0404 0404 0102 0303 0204 0204 0201 0203 0101 0103 0403 0404 0303 0102 0302 0401 0301 0302 0202 0403 0303 0404 0204 0104 0401 0403 0303 0203 0201 0303 0102 0304 0304 0104 0103 0404 0402 0301 0304 0402 0404 0401 0102 0303 0404 0204 0202 0203 0101 0103 0403 0404
13 , 0303 0102 0302 0401 0201 0302 0402 0403 0303 0104 0201 0104 0401 0403 0203 0203 0201 0303 0102 0304 0304 0104 0103 0404 0301 0101 0304 0202 0404 0401 0102 0303 0204 0204 0401 0203 0101 0103 0403 0104 0301 0102 0302 0401 0302 0302 0202 0402 0303 0402 0201 0102 0401 0403 0303 0203 0201 0303 0102 0304 0404 0104 0103 0404 0201 0101 0304 0202 0204 0401 0102 0303 0204 0204 0201 0203 0101 0103 0403 0404
14 , 0303 0102 0301 0401 0301 0302 0402 0403 0303 0404 0201 0104 0401 0403 0303 0203 0204 0303 0102 0304 0304 0104 0103 0104 0101 0101 0304 0202 0404 0101 0102 0303 0404 0204 0201 0203 0101 0104 0404 0404 0302 0102 0302 0401 0301 0202 0202 0403 0303 0404 0201 0104 0401 0403 0303 0203 0401 0303 0102 0304 0304 0104 0403 0404 0401 0101 0304 0202 0304 0401 0102 0303 0204 0204 0101 0103 0101 0103 0401 0404
15 , 0303 0102 0302 0401 0301 0302 0202 0303 0301 0404 0201 0104 0401 0403 0303 0203 0201 0303 0402 0304 0303 0304 0303 0404 0401 0101 0304 0202 0404 0401 0102 0303 0204 0204 0101 0203 0101 0103 0403 0304 0303 0102 0302 0401 0301 0202 0202 0403 0303 0404 0204 0104 0401 0403 0303 0203 0201 0303 0102 0303 0301 0104 0103 0404 0401 0101 0304 0202 0404 0401 0102 0303 0204 0204 0201 0203 0101 0103 0403 0404
16 , 0304 0102 0302 0401 0301 0302 0202 0303 0303 0404 0201 0104 0401 0401 0403 0203 0401 0303 0102 0301 0304 0104 0103 0404 0401 0101 0304 0202 0404 0401 0102 0303 0202 0204 0201 0203 0101 0103 0403 0402 0103 0102 0302 0404 0301 0302 0102 0403 0303 0404 0201 0104 0401 0403 0303 0403 0201 0303 0102 0104 0404 0104 0103 0404 0401 0101 0304 0204 0404 0401 0102 0303 0204 0204 0201 0203 0101 0103 0403 0304
17 , 0303 0102 0302 0401 0304 0302 0202 0403 0103 0404 0201 0104 0401 0402 0303 0203 0201 0303 0102 0304 0304 0104 0103 0404 0101 0101 0304 0202 0404 0204 0102 0304 0204 0204 0201 0202 0101 0103 0403 0404 0303 0102 0302 0401 0301 0302 0202 0403 0301 0404 0201 0104 0401 0403 0304 0204 0201 0303 0102 0304 0304 0104 0403 0404 0401 0101 0304 0202 0404 0401 0102 0303 0201 0204 0301 0203 0101 0103 0404 0404
18 , 0303 0102 0302 0401 0301 0302 0202 0403 0301 0404 0201 0104 0401 0403 0304 0204 0201 0303 0102 0304 0304 0104 0103 0404 0401 0101 0304 0202 0404 0401 0102 0303 0204 0204 0301 0203 0101 0103 0401 0401 0303 0102 0302 0401 0301 0202 0202 0203 0303 0404 0201 0104 0101 0403 0303 0203 0401 0303 0102 0304 0304 0104 0403 0404 0401 0101 0304 0202 0404 0401 0102 0303 0204 0204 0101 0103 0101 0103 0403 0404
19 , 0303 0102 0302 0401 0301 0302 0202 0403 0403 0404 0201 0104 0401 0403 0203 0203 0201 0303 0102 0304 0304 0104 0103 0404 0401 0101 0303 0202 0404 0401 0102 0303 0204 0204 0201 0203 0101 0103 0403 0404 0303 0102 0302 0301 0301 0302 0202 0403 0303 0304 0201 0103 0401 0403 0303 0203 0201 0302 0202 0304 0301 0104 0103 0404 0401 0101 0304 0202 0404 0401 0102 0203 0204 0204 0201 0203 0101 0103 0403 0404
20 , 0303 0101 0302 0401 0301 0302 0202 0403 0303 0404 0201 0104 0401 0403 0303 0203 0301 0303 0102 0304 0301 0104 0103 0404 0401 0101 0304 0202 0404 0401 0102 0303 0204 0204 0201 0203 0101 0103 0403 0404 0301 0102 0302 0401 0201 0302 0402 0403 0303 0104 0201 0104 0401 0403 0203 0203 0201 0303 0102 0304 0204 0104 0103 0404 0301 0101 0304 0202 0404 0401 0102 0303 0204 0204 0201 0203 0101 0103 0403 0104
21 , 0303 0402 0302 0401 0301 0302 0202 0403 0301 0404 0201 0104 0401 0403 0304 0203 0201 0303 0104 0304 0304 0102 0103 0404 0401 0101 0304 0202 0404 0401 0102 0303 0204 0204 0301 0203 0101 0103 0404 0404 0303 0202 0302 0201 0301 0302 0202 0403 0302 0202 0201 0104 0401 0403 0303 0203 0401 0203 0102 0104 0304 0404 0103 0404 0401 0101 0303 0402 0404 0401 0102 0303 0204 0204 0201 0203 0101 0103 0403 0404
22 , 0303 0102 0302 0401 0301 0302 0202 0403 0303 0404 0201 0104 0401 0401 0303 0203 0201 0303 0102 0304 0304 0101 0103 0404 0401 0101 0304 0202 0404 0401 0102 0403 0202 0204 0201 0203 0101 0103 0403 0404 0304 0102 0302 0401 0301 0302 0402 0403 0303 0404 0201 0104 0401 0403 0303 0203 0401 0303 0302 0304 0404 0104 0101 0204 0101 0101 0304 0202 0404 0401 0102 0303 0204 0204 0203 0203 0101 0304 0403 0404
23 , 0302 0102 0302 0401 0302 0302 0201 0303 0301 0104 0401 0104 0101 0301 0303 0203 0201 0303 0102 0304 0304 0104 0103 0404 0401 0101 0304 0202 0404 0401 0102 0303 0204 0304 0201 0203 0101 0103 0403 0404 0303 0102 0302 0401 0301 0303 0202 0403 0303 0104 0201 0104 0401 0403 0303 0203 0201 0303 0102 0304 0304 0104 0103 0404 0401 0104 0304 0201 0403 0401 0102 0302 0204 0204 0201 0203 0101 0103 0403 0404
24 , 0303 0102 0402 0401 0301 0302 0202 0403 0303 0304 0201 0104 0401 0403 0303 0203 0201 0303 0102 0304 0304 0104 0103 0404 0401 0101 0304 0202 0402 0401 0302 0303 0204 0204 0201 0203 0103 0103 0403 0304 0303 0302 0302 0401 0301 0202 0202 0403 0303 0404 0204 0104 0401 0403 0303 0203 0201 0303 0102 0304 0304 0104 0103 0404 0401 0101 0304 0202 0404 0401 0102 0303 0204 0204 0201 0203 0101 0103 0403 0404
25 , 0304 0102 0302 0401 0301 0302 0202 0303 0303 0404 0201 0104 0401 0402 0203 0201 0201 0203 0102 0304 0302 0104 0103 0401 0401 0101 0304 0202 0404 0401 0102 0103 0204 0204 0201 0203 0401 0103 0403 0404 0303 0102 0302 0401 0301 0302 0202 0403 0303 0404 0203 0104 0401 0403 0303 0203 0201 0304 0102 0304 0304 0404 0103 0404 0401 0101 0304 0402 0404 0401 0102 0303 0404 0204 0201 0204 0101 0103 0403 0104
26 , 0301 0102 0302 0402 0304 0302 0202 0403 0303 0402 0201 0104 0401 0403 0103 0203 0202 0303 0102 0304 0302 0104 0103 0404 0301 0101 0304 0202 0404 0401 0202 0303 0204 0204 0201 0203 0101 0103 0403 0404 0303 0102 0302 0401 0303 0302 0202 0403 0303 0404 0201 0104 0401 0403 0303 0303 0201 0303 0102 0304 0304 0104 0103 0404 0401 0101 0304 0201 0204 0401 0102 0303 0204 0104 0203 0203 0101 0103 0402 0404
27 , 0303 0102 0302 0401 0301 0303 0202 0403 0103 0404 0201 0104 0401 0403 0303 0203 0201 0303 0102 0304 0304 0104 0102 0404 0401 0101 0304 0202 0101 0402 0202 0203 0204 0204 0201 0203 0101 0103 0403 0403 0303 0102 0302 0401 0302 0302 0202 0403 0303 0402 0201 0101 0401 0403 0303 0203 0201 0303 0102 0304 0404 0104 0103 0404 0201 0101 0404 0202 0404 0401 0102 0303 0204 0204 0201 0203 0104 0403 0403 0404
28 , 0303 0102 0302 0401 0303 0302 0202 0403 0303 0404 0201 0104 0401 0403 0203 0203 0201 0303 0102 0104 0304 0104 0203 0104 0401 0104 0304 0202 0404 0201 0102 0303 0204 0204 0201 0203 0101 0103 0403 0404 0303 0102 0301 0401 0301 0302 0202 0403 0303 0204 0201 0104 0401 0203 0103 0201 0201 0204 0102 0304 0304 0304 0103 0104 0403 0101 0304 0202 0404 0401 0102 0303 0204 0204 0201 0204 0101 0103 0403 0404
29 , 0303 0102 0301 0401 0301 0302 0202 0403 0303 0404 0201 0104 0101 0203 0303 0203 0201 0303 0302 0304 0304 0104 0103 0304 0401 0401 0304 0202 0404 0101 0102 0303 0204 0304 0201 0203 0101 0103 0403 0404 0303 0102 0302 0401 0301 0302 0202 0403 0303 0404 0201 0104 0401 0401 0303 0203 0201 0303 0101 0304 0304 0101 0103 0404 0401 0101 0304 0202 0404 0401 0102 0303 0202 0204 0201 0203 0101 0103 0403 0104
30 , 0303 0104 0302 0401 0301 0302 0202 0303 0303 0204 0201 0104 0401 0403 0303 0203 0201 0303 0102 0304 0304 0104 0103 0404 0401 0101 0304 0202 0402 0401 0302 0102 0204 0404 0201 0203 0101 0103 0403 0404 0303 0102 0302 0401 0101 0302 0202 0403 0303 0404 0204 0104 0401 0403 0303 0203 0203 0303 0102 0304 0304 0104 0103 0404 0401 0101 0304 0202 0404 0401 0101 0303 0204 0204 0201 0203 0101 0103 0403 0404
31 , 0303 0102 0302 0101 0301 0302 0202 0403 0303 0402 0203 0104 0401 0403 0304 0203 0201 0303 0102 0304 0304 0204 0103 0404 0401 0101 0304 0202 0404 0401 0102 0303 0404 0204 0201 0204 0101 0103 0403 0104 0302 0102 0302 0401 0101 0302 0202 0403 0303 0404 0201 0104 0403 0403 0303 0203 0201 0303 0102 0304 0404 0104 0103 0404 0401 0101 0304 0202 0404 0401 0102 0302 0204 0204 0201 0204 0101 0103 0403 0404
32 , 0303 0102 0302 0401 0301 0302 0202 0403 0303 0404 0201 0104 0401 0403 0303 0103 0201 0303 0302 0304 0304 0104 0103 0304 0401 0401 0304 0202 0402 0401 0102 0303 0204 0302 0201 0203 0101 0103 0401 0404 0303 0103 0302 0401 0301 0302 0202 0403 0303 0404 0401 0104 0201 0403 0303 0203 0301 0303 0102 0304 0301 0204 0103 0404 0401 0101 0304 0202 0404 0401 0102 0303 0204 0204 0201 0203 0101 0103 0403 0404
33 , 0303 0102 0302 0401 0301 0302 0202 0403 0303 0404 0201 0104 0401 0403 0303 0203 0201 0303 0102 0304 0204 0104 0103 0404 0401 0101 0304 0202 0404 0401 0102 0303 0204 0304 0202 0203 0104 0203 0404 0404 0303 0102 0302 0401 0303 0302 0102 0403 0303 0404 0201 0104 0401 0403 0303 0303 0201 0403 0102 0304 0304 0104 0103 0403 0401 0101 0304 0202 0404 0301 0102 0303 0204 0204 0201 0203 0101 0103 0403 0404
34 , 0202 0102 0302 0401 0301 0302 0202 0403 0303 0404 0201 0104 0401 0403 0303 0203 0201 0303 0102 0304 0404 0104 0103 0404 0401 0101 0304 0202 0404 0401 0102 0302 0202 0204 0301 0203 0101 0103 0403 0404 0303 0102 0302 0401 0301 0302 0102 0403 0303 0404 0203 0104 0401 0403 0303 0201 0201 0303 0102 0304 0104 0204 0103 0404 0401 0101 0304 0202 0404 0401 0102 0304 0401 0204 0201 0204 0101 0103 0403 0104
35 , 0303 0101 0302 0401 0301 0302 0203 0403 0303 0404 0201 0104 0401 0404 0403 0203 0201 0303 0102 0304 0304 0104 0103 0404 0401 0101 0304 0204 0404 0401 0102 0303 0202 0204 0201 0203 0401 0403 0403 0404 0303 0102 0302 0401 0301 0302 0201 0403 0303 0404 0401 0304 0401 0403 0303 0203 0201 0303 0102 0304 0304 0104 0201 0404 0401 0101 0303 0202 0404 0401 0101 0303 0201 0204 0201 0203 0101 0303 0403 0404
36 , 0303 0102 0304 0401 0301 0303 0202 0403 0303 0404 0201 0104 0401 0403 0303 0303 0201 0303 0102 0304 0304 0103 0101 0404 0401 0101 0304 0202 0404 0401 0102 0303 0404 0304 0201 0203 0101 0103 0403 0404 0303 0102 0302 0401 0101 0302 0202 0403 0303 0404 0201 0104 0401 0403 0303 0203 0201 0303 0102 0304 0304 0104 0103 0404 0401 0101 0304 0202 0404 0401 0101 0303 0201 0204 0201 0203 0101 0103 0403 0404
37 , 0303 0402 0302 0401 0303 0302 0202 0403 0303 0404 0201 0104 0401 0403 0303 0201 0201 0103 0102 0301 0304 0104 0103 0404 0401 0101 0304 0202 0404 0401 0102 0304 0204 0204 0201 0203 0101 0103 0403 0404 0303 0102 0202 0401 0303 0302 0202 0403 0303 0404 0201 0104 0401 0403 0303 0303 0201 0403 0102 0304 0304 0104 0103 0404 0401 0101 0304 0202 0404 0401 0102 0303 0204 0204 0201 0203 0101 0103 0403 0404
38 , 0303 0102 0302 0402 0301 0302 0201 0403 0303 0404 0201 0104 0401 0403 0303 0203 0301 0403 0104 0302 0301 0104 0103 0404 0401 0101 0304 0202 0404 0401 0102 0303 0204 0204 0201 0203 0101 0103 0403 0404 0303 0403 0302 0401 0301 0302 0302 0403 0303 0404 0201 0104 0401 0403 0303 0403 0201 0303 0102 0304 0304 0104 0103 0402 0401 0101 0304 0202 0404 0401 0102 0303 0104 0204 0204 0203 0101 0303 0403 0204
39 , 0303 0103 0302 0401 0301 0302 0202 0403 0103 0402 0404 0104 0401 0403 0303 0203 0201 0303 0102 0304 0304 0102 0103 0404 0401 0101 0304 0401 0404 0101 0302 0303 0204 0204 0201 0303 0101 0103 0403 0404 0302 0102 0202 0404 0301 0302 0202 0203 0303 0404 0201 0404 0401 0403 0303 0203 0201 0303 0102 0304 0304 0104 0103 0404 0401 0104 0304 0202 0402 0401 0102 0303 0404 0204 0201 0203 0101 0103 0403 0404
40 , 0303 0102 0302 0401 0304 0302 0202 0403 0103 0404 0201 0104 0401 0403 0301 0203 0201 0303 0102 0304 0304 0104 0103 0204 0101 0101 0303 0202 0404 0404 0102 0404 0204 0204 0201 0203 0101 0302 0403 0404 0303 0102 0302 0401 0301 0302 0202 0403 0303 0403 0301 0104 0401 0203 0303 0303 0101 0103 0102 0204 0304 0104 0103 0404 0401 0101 0304 0202 0204 0401 0102 0303 0204 0204 0201 0203 0101 0103 0403 0404
41 , 0303 0102 0302 0401 0301 0302 0202 0403 0303 0404 0201 0104 0401 0403 0203 0303 0201 0303 0102 0304 0304 0104 0101 0404 0401 0101 0304 0203 0204 0402 0102 0303 0204 0304 0201 0203 0101 0103 0403 0404 0303 0101 0301 0401 0301 0302 0202 0303 0403 0404 0201 0104 0401 0403 0303 0203 0301 0303 0402 0304 0304 0404 0103 0104 0404 0101 0304 0204 0404 0401 0102 0303 0204 0204 0201 0203 0101 0103 0403 0404
42 , 0303 0102 0302 0401 0301 0302 0202 0403 0303 0404 0201 0104 0401 0403 0303 0203 0201 0303 0101 0304 0304 0104 0103 0401 0401 0101 0304 0202 0404 0401 0102 0303 0204 0204 0201 0203 0101 0103 0403 0404 0303 0102 0302 0401 0301 0302 0202 0303 0304 0404 0201 0104 0401 0403 0303 0203 0201 0303 0102 0304 0303 0104 0103 0404 0301 0101 0304 0202 0404 0401 0102 0303 0202 0204 0201 0203 0101 0103 0402 0404
43 , 0303 0102 0302 0401 0301 0302 0202 0403 0302 0204 0201 0104 0401 0403 0303 0203 0201 0303 0102 0304 0304 0104 0103 0404 0401 0101 0303 0202 0404 0401 0102 0303 0204 0204 0201 0203 0101 0103 0403 0304 0303 0102 0302 0401 0301 0302 0202 0402 0303 0404 0201 0204 0401 0403 0303 0203 0201 0303 0103 0304 0304 0104 0103 0404 0402 0101 0304 0202 0404 0401 0102 0303 0204 0204 0201 0203 0101 0103 0403 0404
44 , 0303 0102 0302 0301 0301 0302 0202 0403 0303 0404 0201 0104 0401 0403 0303 0203 0201 0303 0102 0402 0304 0104 0103 0404 0401 0101 0304 0102 0404 0401 0102 0303 0104 0204 0201 0203 0101 0103 0303 0403 0303 0102 0302 0401 0301 0302 0202 0203 0303 0404 0201 0104 0401 0403 0303 0203 0201 0302 0202 0304 0301 0104 0103 0404 0401 0401 0304 0202 0404 0401 0102 0203 0104 0204 0204 0201 0101 0103 0403 0404
45 , 0303 0102 0302 0301 0301 0302 0202 0303 0303 0404 0301 0104 0401 0403 0303 0203 0201 0203 0102 0304 0304 0104 0103 0404 0401 0101 0304 0202 0404 0401 0102 0303 0204 0304 0201 0203 0104 0103 0103 0404 0303 0102 0302 0404 0301 0302 0402 0403 0303 0404 0201 0104 0401 0403 0303 0203 0204 0303 0102 0304 0304 0104 0103 0104 0101 0101 0304 0202 0404 0101 0102 0303 0204 0204 0201 0203 0101 0103 0403 0404
46 , 0303 0102 0302 0401 0301 0402 0203 0403 0303 0404 0201 0104 0401 0401 0403 0203 0202 0303 0102 0304 0304 0104 0102 0204 0401 0101 0304 0202 0404 0201 0102 0303 0202 0204 0201 0203 0401 0103 0403 0404 0303 0102 0302 0401 0301 0301 0202 0103 0301 0403 0201 0104 0401 0403 0303 0203 0203 0303 0202 0302 0404 0104 0103 0404 0401 0101 0304 0202 0404 0404 0102 0303 0204 0204 0201 0203 0301 0103 0403 0404
47 , 0303 0102 0302 0401 0301 0302 0202 0403 0302 0404 0201 0104 0401 0403 0303 0203 0201 0303 0102 0304 0304 0104 0403 0404 0401 0101 0304 0202 0404 0401 0102 0303 0104 0204 0201 0203 0101 0104 0403 0403 0302 0102 0302 0401 0301 0302 0201 0303 0304 0104 0401 0104 0101 0303 0303 0203 0201 0303 0102 0304 0304 0104 0403 0404 0401 0101 0304 0202 0404 0401 0102 0303 0204 0304 0201 0203 0101 0103 0403 0404
48 , 0302 0102 0302 0401 0301 0302 0201 0303 0303 0104 0401 0104 0101 0303 0303 0203 0201 0303 0102 0304 0304 0104 0103 0404 0401 0101 0304 0202 0404 0401 0102 0303 0204 0304 0201 0203 0101 0103 0304 0404 0303 0102 0302 0402 0301 0304 0202 0403 0403 0404 0201 0104 0401 0403 0302 0203 0201 0303 0302 0304 0304 0104 0103 0404 0401 0101 0304 0402 0404 0401 0102 0303 0204 0204 0201 0203 0101 0103 0403 0404
49 , 0303 0102 0302 0401 0301 0302 0202 0404 0303 0404 0201 0104 0401 0403 0303 0203 0101 0303 0302 0304 0301 0104 0103 0404 0401 0101 0304 0202 0404 0401 0102 0303 0204 0202 0201 0203 0101 0103 0401 0404 0303 0102 0302 0401 0301 0302 0202 0403 0303 0404 0201 0104 0101 0403 0303 0201 0201 0103 0102 0304 0302 0104 0103 0404 0401 0101 0302 0202 0404 0401 0102 0304 0204 0204 0201 0203 0101 0103 0403 0404
50 , 0303 0402 0302 0401 0301 0302 0202 0403 0303 0404 0301 0104 0401 0403 0403 0203 0201 0303 0301 0304 0304 0104 0103 0404 0401 0101 0304 0202 0404 0401 0102 0303 0204 0204 0201 0203 0101 0103 0403 0404 0303 0102 0202 0304 0301 0302 0202 0404 0303 0404 0201 0104 0201 0103 0303 0203 0201 0303 0102 0304 0304 0104 0202 0404 0401 0101 0304 0202 0404 0401 0102 0303 0404 0204 0201 0203 0101 0103 0203 0204