Generated genotype output
1
2
3
4
5
6
7
8
9
10
11
12
13
14
15
16
17
18
19
20
21
22
23
24
25
26
27
28
29
30
31
32
33
34
35
36
37
38
39
40
41
42
43
44
45
46
47
48
49
50
51
52
53
54
55
56
57
58
59
60
61
62
63
64
65
66
67
68
69
70
71
72
73
74
75
76
77
78
79
80
Pop
1 , 0204 0404 0104 0401 0204 0303 0303 0103 0404 0402 0304 0201 0204 0103 0204 0301 0302 0404 0201 0302 0202 0404 0303 0303 0301 0104 0403 0101 0204 0302 0401 0304 0404 0204 0404 0104 0203 0103 0102 0401 0204 0404 0104 0401 0204 0301 0303 0103 0102 0402 0304 0201 0204 0103 0204 0301 0304 0404 0201 0302 0202 0404 0302 0303 0301 0104 0203 0101 0204 0302 0401 0304 0104 0204 0303 0304 0203 0103 0102 0401
2 , 0204 0404 0204 0401 0404 0301 0303 0103 0102 0402 0304 0201 0204 0103 0204 0301 0302 0404 0201 0301 0202 0404 0302 0303 0301 0104 0203 0101 0204 0302 0401 0304 0403 0204 0303 0304 0203 0103 0102 0401 0204 0404 0104 0101 0204 0301 0303 0102 0102 0402 0304 0201 0204 0101 0204 0301 0302 0404 0202 0302 0202 0404 0304 0203 0101 0104 0303 0101 0204 0302 0401 0304 0404 0204 0303 0304 0203 0101 0101 0401
3 , 0204 0404 0104 0401 0204 0201 0303 0103 0102 0402 0104 0201 0204 0101 0204 0301 0304 0404 0201 0302 0203 0204 0302 0303 0301 0104 0203 0101 0204 0302 0401 0304 0104 0204 0303 0304 0203 0103 0102 0401 0204 0404 0104 0401 0204 0301 0303 0103 0102 0402 0304 0201 0204 0103 0204 0301 0302 0404 0201 0302 0302 0404 0304 0103 0301 0104 0202 0101 0202 0302 0401 0304 0204 0203 0301 0304 0203 0103 0102 0401
4 , 0204 0404 0104 0401 0204 0301 0303 0103 0102 0402 0304 0202 0204 0103 0204 0301 0302 0404 0201 0302 0202 0404 0302 0203 0301 0104 0202 0101 0204 0402 0401 0304 0404 0404 0403 0304 0203 0104 0102 0401 0204 0404 0104 0401 0204 0301 0303 0103 0102 0402 0301 0201 0404 0203 0204 0301 0302 0402 0201 0302 0203 0404 0302 0303 0301 0104 0203 0401 0204 0302 0401 0304 0404 0204 0303 0304 0203 0103 0102 0401
5 , 0204 0102 0104 0401 0204 0101 0303 0103 0102 0402 0304 0201 0204 0103 0204 0301 0302 0404 0201 0302 0202 0404 0302 0303 0301 0404 0203 0101 0204 0302 0401 0204 0404 0204 0403 0304 0203 0103 0102 0401 0204 0404 0104 0401 0204 0301 0303 0103 0102 0402 0301 0201 0204 0103 0104 0301 0302 0401 0201 0302 0202 0404 0302 0303 0301 0104 0203 0301 0304 0302 0401 0302 0404 0404 0303 0304 0203 0103 0102 0404
6 , 0204 0404 0104 0401 0204 0301 0303 0103 0102 0402 0304 0201 0204 0202 0204 0301 0302 0404 0201 0302 0202 0404 0302 0303 0301 0104 0203 0101 0204 0304 0401 0304 0404 0204 0303 0304 0203 0103 0102 0401 0204 0304 0104 0401 0204 0301 0303 0103 0102 0402 0304 0201 0204 0103 0204 0301 0302 0404 0201 0302 0202 0304 0302 0304 0301 0104 0203 0101 0204 0302 0403 0304 0401 0204 0303 0304 0203 0203 0102 0401
7 , 0204 0404 0104 0401 0204 0201 0303 0103 0402 0402 0304 0201 0204 0103 0204 0301 0302 0404 0201 0302 0202 0404 0303 0303 0301 0104 0403 0101 0204 0302 0401 0304 0404 0201 0403 0101 0203 0103 0102 0401 0204 0404 0103 0401 0204 0301 0303 0103 0202 0402 0304 0301 0204 0103 0204 0301 0302 0404 0201 0302 0201 0403 0302 0301 0301 0104 0203 0101 0204 0302 0401 0304 0404 0304 0303 0304 0203 0103 0102 0402
8 , 0204 0401 0101 0401 0203 0301 0303 0103 0102 0102 0304 0201 0204 0103 0204 0401 0102 0404 0201 0302 0302 0404 0302 0303 0301 0104 0203 0101 0204 0301 0401 0404 0404 0102 0303 0304 0203 0103 0102 0402 0204 0404 0104 0401 0204 0301 0403 0102 0102 0402 0304 0201 0204 0103 0204 0301 0304 0404 0201 0302 0202 0404 0302 0303 0301 0104 0203 0101 0204 0202 0401 0304 0104 0204 0303 0304 0203 0103 0102 0401
9 , 0204 0204 0104 0401 0204 0301 0303 0103 0102 0402 0304 0201 0204 0103 0204 0201 0302 0404 0201 0102 0201 0204 0302 0303 0301 0104 0203 0101 0203 0302 0401 0304 0204 0204 0303 0304 0203 0103 0102 0401 0304 0404 0104 0401 0204 0301 0303 0103 0102 0402 0304 0201 0204 0102 0104 0201 0302 0404 0201 0302 0203 0404 0302 0303 0301 0104 0203 0101 0204 0302 0401 0304 0404 0204 0303 0304 0203 0103 0202 0401
10 , 0204 0403 0104 0401 0204 0301 0303 0103 0102 0402 0304 0202 0204 0103 0204 0301 0302 0404 0201 0302 0202 0404 0302 0303 0301 0104 0203 0101 0204 0402 0401 0304 0404 0204 0403 0304 0203 0103 0102 0403 0204 0404 0104 0401 0204 0301 0303 0103 0102 0402 0304 0201 0204 0103 0204 0302 0302 0404 0201 0302 0202 0404 0302 0301 0401 0104 0203 0101 0104 0402 0401 0304 0404 0204 0303 0304 0203 0303 0102 0401
11 , 0204 0404 0104 0401 0204 0201 0403 0103 0101 0402 0304 0201 0404 0103 0204 0304 0302 0404 0201 0302 0303 0404 0302 0303 0301 0104 0203 0101 0204 0302 0401 0401 0403 0204 0303 0304 0203 0103 0102 0301 0204 0404 0104 0401 0204 0304 0303 0103 0102 0402 0304 0201 0204 0103 0204 0301 0302 0404 0201 0302 0202 0404 0302 0303 0301 0104 0203 0101 0304 0302 0401 0104 0404 0404 0303 0304 0203 0103 0102 0401
12 , 0304 0404 0104 0401 0204 0301 0303 0103 0102 0402 0304 0201 0204 0103 0204 0301 0102 0404 0201 0304 0202 0304 0302 0304 0301 0104 0203 0101 0204 0302 0401 0304 0404 0204 0303 0304 0203 0103 0102 0401 0201 0404 0104 0401 0104 0301 0303 0103 0102 0401 0304 0201 0204 0102 0204 0301 0302 0404 0201 0402 0102 0404 0302 0303 0301 0404 0203 0101 0204 0402 0201 0304 0304 0204 0303 0304 0203 0103 0101 0401
13 , 0204 0404 0104 0401 0404 0301 0303 0403 0202 0402 0304 0201 0204 0103 0204 0301 0302 0402 0101 0302 0202 0404 0301 0303 0301 0104 0203 0101 0204 0302 0401 0303 0404 0202 0103 0304 0203 0103 0302 0401 0204 0403 0404 0401 0204 0301 0303 0103 0102 0402 0301 0201 0204 0103 0203 0301 0302 0404 0201 0302 0202 0404 0301 0303 0301 0104 0203 0101 0204 0302 0403 0304 0404 0204 0303 0304 0203 0103 0102 0401
14 , 0204 0404 0104 0401 0204 0303 0303 0103 0102 0402 0304 0301 0204 0103 0204 0301 0302 0404 0201 0302 0202 0404 0302 0303 0301 0104 0203 0101 0204 0302 0401 0302 0404 0204 0303 0404 0203 0101 0102 0401 0204 0404 0104 0401 0204 0301 0303 0103 0102 0102 0304 0201 0203 0103 0204 0301 0402 0404 0201 0302 0202 0304 0302 0303 0301 0104 0203 0101 0204 0301 0401 0404 0404 0204 0303 0304 0203 0103 0102 0402
15 , 0204 0404 0104 0401 0203 0301 0303 0103 0102 0402 0304 0201 0201 0103 0204 0301 0302 0404 0201 0302 0202 0404 0302 0303 0201 0104 0203 0101 0204 0302 0401 0304 0404 0204 0303 0302 0303 0103 0302 0401 0204 0404 0104 0401 0203 0301 0303 0103 0102 0403 0304 0201 0204 0103 0204 0301 0302 0404 0201 0302 0202 0404 0302 0203 0301 0104 0203 0201 0204 0302 0401 0304 0404 0202 0303 0304 0203 0103 0102 0401
16 , 0204 0404 0104 0401 0204 0301 0303 0103 0102 0402 0304 0201 0204 0103 0204 0301 0402 0404 0201 0302 0202 0404 0103 0303 0301 0104 0203 0101 0204 0302 0401 0304 0404 0204 0303 0304 0203 0203 0102 0401 0204 0404 0204 0401 0204 0301 0303 0103 0102 0402 0304 0201 0204 0403 0204 0301 0302 0404 0201 0302 0202 0404 0302 0303 0301 0104 0403 0101 0204 0302 0401 0304 0404 0204 0303 0304 0203 0101 0102 0401
17 , 0204 0404 0104 0401 0204 0301 0303 0103 0102 0402 0304 0301 0204 0103 0204 0303 0302 0404 0201 0302 0202 0404 0302 0303 0301 0104 0203 0201 0203 0302 0401 0404 0404 0204 0303 0304 0203 0103 0102 0401 0204 0404 0204 0401 0104 0301 0303 0103 0102 0402 0304 0301 0204 0103 0202 0301 0302 0404 0201 0302 0201 0404 0302 0303 0301 0204 0203 0102 0204 0302 0401 0304 0404 0204 0303 0304 0203 0103 0102 0401
18 , 0204 0404 0104 0401 0104 0301 0303 0103 0102 0402 0304 0201 0204 0103 0204 0304 0302 0404 0201 0301 0202 0404 0302 0303 0301 0104 0203 0101 0204 0302 0401 0304 0404 0204 0303 0304 0202 0103 0104 0201 0204 0404 0104 0401 0404 0304 0303 0103 0102 0402 0301 0201 0204 0103 0204 0304 0302 0404 0201 0301 0202 0404 0302 0303 0301 0104 0203 0201 0204 0202 0401 0304 0404 0204 0303 0304 0203 0103 0102 0401
19 , 0204 0404 0104 0403 0204 0301 0303 0103 0102 0402 0304 0201 0204 0103 0204 0301 0102 0404 0201 0302 0202 0404 0302 0303 0301 0104 0204 0101 0204 0302 0401 0304 0404 0204 0303 0304 0203 0303 0102 0401 0204 0403 0104 0401 0202 0301 0303 0103 0101 0402 0304 0201 0404 0103 0204 0301 0302 0402 0201 0302 0203 0404 0302 0303 0301 0204 0203 0401 0204 0302 0401 0304 0404 0204 0303 0304 0203 0103 0102 0401
20 , 0204 0404 0101 0401 0204 0301 0303 0103 0302 0402 0304 0201 0204 0103 0204 0302 0103 0404 0201 0302 0202 0403 0302 0303 0301 0104 0203 0303 0204 0202 0401 0304 0404 0204 0303 0304 0203 0104 0102 0401 0202 0304 0104 0401 0204 0301 0303 0103 0102 0402 0404 0201 0304 0103 0204 0301 0302 0404 0201 0302 0202 0404 0302 0303 0301 0104 0203 0101 0204 0302 0401 0304 0404 0204 0303 0304 0203 0103 0101 0401
21 , 0204 0404 0304 0401 0104 0301 0303 0103 0102 0402 0304 0201 0204 0103 0204 0301 0302 0404 0201 0301 0202 0304 0302 0303 0301 0104 0203 0101 0203 0302 0401 0304 0404 0204 0303 0304 0203 0303 0102 0401 0204 0404 0104 0401 0204 0301 0303 0103 0102 0402 0304 0201 0204 0103 0204 0302 0302 0404 0201 0103 0202 0204 0302 0303 0301 0104 0203 0101 0203 0302 0401 0304 0204 0204 0304 0304 0203 0103 0102 0401
22 , 0204 0404 0104 0102 0204 0301 0303 0101 0102 0402 0304 0201 0202 0101 0204 0301 0302 0404 0203 0302 0202 0404 0302 0203 0302 0104 0203 0101 0204 0302 0401 0304 0404 0404 0303 0304 0203 0101 0102 0401 0204 0404 0104 0201 0204 0201 0303 0103 0101 0403 0304 0301 0404 0103 0204 0301 0302 0404 0201 0304 0203 0404 0302 0303 0301 0104 0203 0101 0204 0302 0401 0304 0404 0204 0303 0304 0203 0403 0102 0301
23 , 0203 0404 0104 0401 0204 0301 0303 0403 0102 0401 0304 0202 0204 0103 0204 0301 0302 0404 0201 0302 0202 0404 0302 0303 0301 0104 0203 0101 0204 0302 0401 0301 0404 0204 0304 0304 0203 0103 0102 0401 0204 0404 0103 0401 0204 0301 0303 0103 0102 0402 0304 0201 0204 0103 0204 0301 0302 0401 0201 0302 0402 0404 0302 0103 0301 0104 0203 0101 0204 0303 0401 0304 0404 0204 0303 0302 0203 0103 0102 0401
24 , 0204 0404 0101 0401 0204 0301 0303 0303 0102 0402 0304 0201 0204 0103 0204 0301 0102 0204 0202 0302 0402 0404 0302 0303 0301 0104 0203 0101 0304 0302 0401 0304 0404 0204 0303 0304 0203 0104 0102 0401 0204 0404 0104 0401 0104 0301 0303 0103 0102 0402 0304 0201 0204 0103 0204 0304 0302 0404 0201 0301 0202 0404 0302 0303 0301 0104 0203 0101 0204 0302 0401 0304 0404 0204 0103 0304 0203 0203 0102 0404
25 , 0204 0404 0104 0301 0204 0301 0303 0101 0102 0402 0304 0201 0204 0103 0204 0301 0302 0404 0201 0302 0202 0204 0302 0303 0301 0104 0203 0102 0203 0302 0401 0304 0204 0204 0304 0304 0203 0103 0102 0401 0204 0404 0104 0401 0204 0301 0302 0103 0102 0402 0304 0301 0204 0103 0304 0303 0302 0404 0201 0302 0202 0404 0302 0303 0301 0101 0203 0201 0203 0302 0401 0302 0404 0204 0303 0304 0203 0103 0102 0401
26 , 0204 0404 0104 0401 0203 0301 0303 0103 0102 0403 0304 0201 0204 0103 0204 0301 0302 0404 0201 0302 0202 0404 0302 0303 0301 0104 0203 0201 0204 0302 0401 0304 0404 0202 0303 0304 0203 0103 0102 0401 0204 0104 0104 0401 0204 0301 0301 0103 0302 0402 0304 0204 0204 0103 0204 0301 0302 0404 0201 0302 0202 0402 0302 0303 0201 0104 0203 0101 0204 0302 0401 0304 0404 0103 0303 0304 0203 0101 0102 0401
27 , 0204 0304 0104 0401 0204 0301 0303 0103 0102 0402 0304 0201 0204 0103 0204 0301 0302 0404 0201 0302 0202 0404 0302 0303 0301 0104 0203 0101 0204 0302 0403 0304 0404 0204 0303 0304 0203 0203 0102 0401 0204 0404 0104 0401 0104 0401 0303 0103 0102 0402 0304 0201 0204 0103 0204 0301 0302 0404 0201 0301 0202 0404 0302 0303 0301 0104 0203 0101 0204 0302 0401 0304 0404 0204 0303 0304 0203 0303 0102 0401
28 , 0204 0404 0104 0401 0104 0301 0303 0103 0102 0402 0304 0301 0204 0103 0204 0301 0302 0404 0201 0402 0202 0404 0302 0303 0303 0304 0203 0101 0204 0302 0401 0304 0404 0204 0302 0304 0202 0104 0102 0401 0204 0404 0104 0401 0204 0301 0303 0103 0102 0402 0304 0201 0204 0103 0204 0301 0302 0404 0201 0302 0202 0404 0302 0303 0201 0104 0203 0101 0204 0302 0401 0304 0404 0204 0303 0304 0203 0103 0102 0401
29 , 0204 0304 0104 0401 0204 0301 0303 0102 0302 0402 0304 0201 0204 0103 0204 0301 0302 0401 0201 0302 0402 0404 0302 0103 0301 0104 0203 0101 0204 0302 0401 0304 0404 0204 0303 0302 0203 0103 0102 0401 0204 0404 0104 0401 0304 0301 0303 0103 0102 0402 0301 0201 0204 0103 0204 0301 0102 0404 0201 0302 0202 0404 0302 0303 0301 0104 0203 0101 0204 0302 0401 0304 0404 0204 0302 0304 0203 0103 0102 0401
30 , 0204 0404 0204 0401 0204 0302 0303 0103 0102 0102 0304 0203 0204 0103 0202 0301 0302 0404 0201 0303 0202 0404 0302 0303 0301 0104 0203 0101 0104 0302 0401 0304 0404 0204 0303 0304 0203 0103 0102 0402 0204 0404 0104 0401 0104 0401 0303 0103 0102 0402 0304 0301 0204 0103 0204 0301 0302 0404 0201 0402 0202 0404 0302 0303 0301 0104 0203 0101 0204 0302 0401 0304 0204 0204 0303 0304 0202 0103 0102 0401
31 , 0204 0404 0104 0401 0204 0301 0303 0103 0102 0403 0304 0201 0204 0103 0204 0302 0302 0404 0201 0302 0201 0202 0302 0303 0301 0104 0203 0101 0203 0102 0401 0304 0204 0204 0301 0304 0203 0103 0102 0401 0201 0404 0104 0401 0104 0301 0303 0103 0302 0402 0304 0201 0204 0103 0204 0301 0302 0404 0201 0404 0201 0404 0302 0303 0301 0404 0203 0101 0204 0402 0201 0304 0304 0204 0203 0304 0204 0103 0101 0402
32 , 0204 0302 0404 0401 0204 0301 0303 0103 0102 0402 0404 0201 0304 0103 0204 0301 0302 0404 0201 0302 0202 0404 0302 0302 0301 0103 0201 0103 0204 0302 0401 0304 0404 0204 0303 0304 0203 0303 0101 0404 0204 0404 0102 0301 0204 0301 0303 0103 0302 0402 0304 0204 0204 0103 0204 0301 0302 0404 0201 0302 0202 0403 0302 0303 0201 0104 0203 0101 0301 0302 0401 0304 0404 0104 0103 0304 0203 0103 0102 0401
33 , 0204 0404 0102 0401 0404 0301 0301 0103 0102 0402 0304 0201 0204 0103 0204 0301 0302 0404 0201 0303 0203 0404 0302 0303 0301 0104 0203 0101 0204 0302 0401 0304 0404 0204 0303 0304 0203 0103 0102 0401 0204 0404 0204 0401 0204 0301 0302 0103 0102 0402 0304 0301 0204 0103 0202 0301 0302 0404 0201 0302 0201 0404 0302 0303 0301 0104 0203 0101 0204 0302 0402 0304 0404 0204 0303 0304 0203 0103 0102 0401
34 , 0204 0401 0103 0401 0204 0301 0303 0103 0202 0402 0404 0201 0204 0103 0204 0301 0302 0404 0201 0302 0201 0404 0302 0301 0301 0104 0203 0101 0204 0302 0401 0304 0404 0304 0303 0304 0203 0103 0102 0402 0202 0404 0104 0403 0204 0301 0303 0103 0102 0402 0304 0201 0204 0103 0204 0301 0302 0404 0201 0302 0202 0403 0302 0303 0301 0204 0202 0101 0204 0302 0401 0304 0404 0204 0303 0304 0203 0103 0102 0401
35 , 0204 0404 0104 0401 0204 0201 0303 0103 0301 0402 0304 0201 0404 0104 0204 0301 0302 0404 0201 0302 0203 0204 0302 0103 0301 0104 0203 0101 0204 0302 0401 0304 0404 0204 0303 0304 0203 0103 0102 0301 0204 0403 0104 0402 0302 0301 0403 0103 0102 0402 0304 0201 0204 0103 0204 0301 0302 0104 0201 0302 0202 0404 0303 0203 0301 0104 0203 0101 0204 0302 0401 0304 0404 0201 0303 0204 0203 0303 0102 0401
36 , 0204 0404 0104 0204 0204 0201 0303 0103 0101 0402 0304 0301 0404 0103 0204 0301 0302 0404 0201 0302 0203 0404 0302 0103 0301 0104 0102 0101 0204 0302 0401 0304 0404 0204 0303 0304 0203 0403 0102 0301 0204 0401 0104 0401 0204 0303 0203 0103 0402 0402 0304 0201 0204 0103 0204 0301 0302 0104 0201 0302 0202 0404 0303 0303 0301 0104 0403 0101 0204 0302 0401 0304 0404 0204 0401 0104 0203 0103 0102 0401
37 , 0204 0404 0104 0401 0204 0301 0301 0103 0302 0402 0304 0204 0204 0103 0204 0301 0302 0401 0201 0302 0202 0102 0302 0303 0201 0104 0203 0301 0204 0302 0401 0304 0404 0103 0303 0304 0203 0101 0102 0401 0204 0404 0104 0401 0204 0301 0303 0103 0102 0402 0304 0301 0204 0101 0104 0201 0302 0404 0203 0302 0202 0401 0302 0303 0301 0404 0203 0301 0204 0302 0401 0304 0404 0404 0303 0304 0203 0103 0102 0404
38 , 0204 0404 0104 0401 0204 0301 0303 0103 0102 0402 0401 0201 0204 0302 0204 0201 0102 0404 0201 0302 0202 0404 0102 0302 0302 0104 0203 0101 0204 0302 0401 0304 0404 0204 0303 0304 0203 0103 0102 0401 0204 0404 0104 0401 0104 0301 0303 0103 0102 0402 0304 0201 0204 0103 0204 0104 0302 0404 0201 0301 0202 0404 0302 0303 0301 0104 0203 0101 0204 0302 0401 0304 0404 0204 0103 0304 0203 0103 0102 0401
39 , 0204 0404 0104 0401 0204 0301 0303 0103 0102 0402 0304 0201 0204 0103 0204 0301 0302 0404 0201 0302 0302 0404 0302 0303 0301 0104 0203 0101 0204 0302 0401 0404 0404 0204 0303 0304 0203 0103 0102 0402 0201 0404 0204 0401 0202 0301 0303 0103 0102 0401 0304 0201 0204 0103 0204 0201 0302 0404 0201 0302 0202 0404 0302 0303 0301 0104 0203 0101 0204 0202 0402 0404 0404 0204 0303 0304 0203 0103 0102 0401
40 , 0204 0404 0104 0401 0204 0301 0303 0103 0104 0402 0304 0201 0204 0103 0204 0301 0302 0404 0201 0302 0304 0404 0302 0303 0301 0404 0203 0101 0204 0302 0401 0404 0304 0204 0303 0304 0203 0103 0102 0402 0204 0404 0104 0201 0204 0301 0303 0103 0102 0402 0304 0201 0404 0103 0204 0301 0302 0404 0201 0301 0202 0404 0302 0303 0301 0104 0203 0101 0204 0302 0201 0304 0404 0304 0303 0304 0203 0103 0102 0401
41 , 0204 0404 0103 0401 0204 0101 0403 0103 0202 0402 0304 0201 0204 0103 0204 0301 0302 0404 0201 0302 0201 0404 0302 0301 0401 0104 0303 0101 0204 0302 0104 0304 0404 0304 0303 0304 0203 0103 0302 0402 0201 0104 0104 0401 0204 0201 0303 0103 0102 0402 0304 0201 0204 0101 0201 0302 0302 0204 0201 0302 0202 0404 0302 0303 0301 0101 0203 0401 0204 0301 0301 0301 0404 0204 0303 0304 0203 0103 0102 0401
42 , 0204 0204 0104 0401 0204 0301 0303 0101 0104 0402 0304 0201 0204 0103 0304 0301 0302 0404 0201 0304 0202 0402 0302 0303 0301 0104 0203 0101 0204 0302 0401 0304 0404 0204 0303 0304 0203 0103 0102 0401 0204 0404 0104 0401 0104 0301 0303 0103 0102 0402 0304 0104 0204 0203 0204 0304 0302 0402 0201 0301 0202 0404 0302 0303 0301 0101 0203 0101 0204 0302 0401 0304 0404 0204 0303 0304 0203 0103 0102 0401
43 , 0204 0404 0104 0401 0204 0301 0303 0103 0102 0403 0304 0201 0204 0103 0204 0101 0302 0404 0201 0302 0202 0204 0302 0303 0301 0104 0203 0201 0204 0303 0401 0304 0404 0404 0303 0104 0203 0103 0102 0402 0404 0404 0104 0401 0104 0301 0301 0103 0302 0102 0304 0204 0204 0103 0202 0301 0302 0404 0201 0302 0202 0402 0402 0403 0201 0104 0203 0101 0204 0302 0401 0304 0404 0104 0303 0304 0203 0403 0103 0401
44 , 0204 0404 0103 0101 0204 0301 0303 0103 0102 0402 0304 0201 0204 0103 0204 0302 0302 0404 0201 0302 0202 0404 0302 0303 0301 0104 0203 0101 0204 0302 0401 0304 0404 0204 0303 0104 0403 0104 0102 0401 0204 0404 0103 0401 0204 0301 0303 0103 0202 0402 0304 0201 0204 0103 0204 0301 0302 0404 0201 0302 0201 0404 0302 0301 0301 0104 0203 0101 0204 0302 0401 0304 0404 0304 0303 0304 0203 0103 0403 0402
45 , 0204 0404 0104 0401 0104 0301 0303 0103 0102 0402 0304 0201 0204 0103 0204 0304 0302 0404 0201 0301 0202 0404 0302 0303 0301 0104 0203 0101 0204 0302 0401 0304 0404 0204 0303 0304 0203 0103 0102 0401 0204 0104 0104 0401 0204 0301 0303 0103 0102 0402 0404 0203 0304 0103 0204 0301 0302 0404 0201 0302 0202 0404 0302 0303 0301 0104 0203 0102 0204 0302 0401 0304 0404 0204 0303 0304 0202 0303 0101 0401
46 , 0204 0404 0404 0401 0102 0301 0303 0103 0102 0402 0304 0101 0204 0103 0204 0304 0302 0404 0201 0301 0202 0404 0302 0303 0301 0101 0203 0101 0204 0402 0401 0304 0404 0204 0303 0304 0203 0403 0104 0404 0304 0404 0104 0404 0204 0301 0303 0103 0102 0402 0304 0201 0204 0102 0204 0201 0302 0404 0201 0302 0203 0404 0302 0303 0301 0104 0203 0101 0204 0302 0401 0304 0404 0204 0303 0304 0203 0103 0102 0401
47 , 0204 0404 0104 0401 0204 0301 0303 0103 0102 0102 0304 0201 0203 0103 0204 0301 0402 0404 0401 0302 0202 0404 0302 0303 0301 0104 0203 0101 0204 0301 0401 0404 0404 0204 0303 0304 0203 0103 0102 0402 0204 0404 0104 0401 0204 0301 0303 0103 0102 0402 0304 0401 0404 0103 0204 0301 0302 0404 0101 0302 0202 0404 0302 0303 0301 0104 0202 0101 0204 0302 0401 0302 0404 0204 0303 0304 0203 0101 0102 0401
48 , 0204 0404 0104 0401 0304 0301 0304 0103 0102 0402 0301 0201 0204 0103 0204 0301 0102 0404 0201 0302 0202 0404 0302 0303 0301 0104 0203 0101 0204 0302 0401 0304 0404 0204 0303 0304 0203 0103 0102 0401 0201 0404 0104 0404 0204 0302 0303 0103 0102 0402 0403 0201 0204 0103 0204 0301 0302 0204 0201 0302 0202 0401 0304 0303 0301 0304 0202 0101 0204 0302 0401 0304 0404 0204 0303 0304 0203 0103 0102 0401
49 , 0204 0404 0104 0401 0204 0201 0303 0103 0102 0402 0304 0201 0204 0101 0204 0301 0302 0404 0201 0302 0203 0404 0302 0303 0301 0104 0203 0101 0204 0302 0401 0304 0404 0204 0303 0304 0203 0103 0102 0301 0204 0404 0104 0403 0204 0301 0301 0103 0102 0402 0304 0201 0204 0103 0204 0301 0302 0402 0201 0302 0202 0403 0202 0303 0304 0104 0203 0101 0304 0302 0401 0304 0404 0304 0303 0304 0203 0103 0102 0401
50 , 0104 0404 0104 0401 0204 0301 0303 0103 0102 0402 0304 0201 0201 0103 0204 0302 0302 0404 0201 0302 0202 0204 0302 0303 0301 0104 0203 0101 0204 0302 0401 0304 0404 0404 0303 0102 0203 0103 0102 0402 0204 0404 0104 0401 0204 0301 0303 0103 0102 0402 0204 0201 0204 0103 0204 0301 0302 0404 0201 0304 0204 0404 0302 0303 0301 0104 0203 0102 0204 0302 0401 0304 0404 0204 0303 0104 0203 0103 0102 0401
51 , 0204 0404 0104 0401 0204 0301 0303 0103 0102 0402 0304 0201 0204 0103 0204 0101 0302 0404 0201 0302 0202 0204 0302 0303 0301 0104 0203 0101 0203 0302 0401 0304 0204 0204 0304 0304 0203 0103 0102 0401 0204 0404 0104 0401 0204 0301 0303 0103 0102 0404 0301 0201 0204 0103 0204 0401 0302 0403 0201 0301 0202 0104 0302 0303 0301 0104 0203 0101 0204 0302 0401 0304 0404 0204 0303 0304 0203 0303 0102 0401
52 , 0204 0404 0104 0401 0204 0301 0303 0103 0102 0402 0304 0201 0204 0103 0204 0301 0303 0404 0201 0302 0203 0404 0402 0303 0301 0204 0203 0101 0204 0302 0401 0304 0404 0202 0303 0304 0403 0101 0104 0401 0204 0404 0303 0401 0203 0302 0303 0403 0102 0402 0304 0201 0202 0103 0204 0303 0302 0404 0201 0302 0202 0403 0302 0303 0301 0103 0203 0101 0202 0303 0401 0304 0304 0204 0403 0304 0203 0103 0102 0401
53 , 0204 0401 0104 0401 0204 0301 0303 0103 0402 0303 0304 0201 0204 0103 0204 0302 0302 0404 0201 0402 0102 0402 0302 0303 0302 0104 0203 0101 0204 0302 0401 0304 0204 0204 0303 0304 0303 0103 0102 0401 0204 0404 0104 0401 0204 0304 0303 0103 0302 0402 0304 0201 0204 0103 0204 0301 0302 0404 0201 0302 0202 0404 0302 0303 0301 0104 0203 0101 0204 0302 0401 0301 0404 0203 0303 0304 0203 0103 0102 0401
54 , 0204 0404 0104 0403 0204 0301 0303 0403 0102 0402 0304 0201 0204 0103 0204 0301 0302 0404 0201 0302 0202 0303 0102 0303 0301 0104 0203 0101 0204 0302 0401 0304 0404 0204 0203 0304 0203 0103 0102 0401 0204 0404 0101 0401 0204 0301 0303 0103 0102 0302 0304 0201 0204 0103 0204 0301 0302 0404 0201 0302 0202 0402 0302 0303 0301 0104 0203 0101 0204 0402 0401 0304 0404 0204 0303 0404 0203 0103 0102 0401
55 , 0404 0404 0101 0401 0204 0301 0303 0203 0102 0402 0304 0201 0404 0103 0204 0101 0102 0404 0201 0302 0202 0404 0302 0303 0201 0104 0203 0101 0204 0302 0401 0304 0402 0204 0303 0304 0203 0104 0202 0401 0204 0404 0104 0401 0204 0301 0303 0103 0402 0402 0304 0401 0204 0103 0203 0301 0302 0404 0201 0302 0202 0404 0303 0303 0301 0104 0403 0101 0204 0302 0401 0304 0404 0204 0402 0104 0203 0103 0303 0401
56 , 0204 0404 0104 0401 0404 0301 0303 0103 0202 0402 0304 0201 0204 0103 0204 0301 0302 0402 0201 0302 0202 0404 0301 0303 0301 0104 0203 0101 0204 0302 0401 0104 0404 0204 0103 0304 0203 0101 0304 0401 0204 0404 0104 0401 0204 0304 0303 0103 0102 0402 0304 0201 0204 0103 0204 0301 0302 0404 0201 0302 0202 0404 0302 0303 0301 0104 0203 0101 0204 0302 0401 0304 0404 0204 0303 0304 0203 0103 0102 0401
57 , 0204 0404 0101 0201 0204 0301 0302 0103 0102 0402 0304 0201 0404 0103 0204 0301 0402 0404 0201 0202 0202 0404 0102 0303 0201 0104 0203 0101 0204 0302 0401 0404 0402 0204 0303 0404 0203 0104 0202 0401 0204 0404 0104 0401 0204 0201 0303 0403 0102 0402 0304 0201 0204 0101 0204 0301 0302 0404 0201 0302 0203 0404 0302 0303 0301 0104 0203 0101 0204 0302 0401 0304 0404 0204 0303 0304 0203 0101 0102 0301
58 , 0204 0204 0104 0401 0204 0301 0303 0103 0104 0402 0304 0201 0104 0103 0204 0301 0402 0404 0201 0302 0202 0402 0202 0303 0301 0104 0203 0101 0204 0303 0401 0304 0404 0204 0203 0404 0203 0103 0102 0401 0204 0404 0104 0401 0304 0301 0303 0103 0102 0402 0301 0201 0204 0103 0204 0301 0102 0204 0201 0302 0202 0404 0302 0303 0301 0104 0203 0101 0204 0302 0401 0304 0404 0204 0303 0304 0203 0104 0102 0401
59 , 0204 0204 0104 0401 0204 0304 0303 0103 0102 0401 0304 0201 0204 0103 0204 0301 0302 0404 0201 0102 0202 0204 0302 0103 0301 0104 0401 0101 0204 0302 0201 0304 0404 0204 0303 0304 0202 0103 0102 0401 0204 0403 0204 0401 0204 0301 0303 0103 0102 0402 0304 0301 0204 0103 0202 0301 0302 0404 0201 0302 0201 0404 0302 0303 0304 0104 0203 0101 0204 0302 0401 0304 0404 0204 0301 0304 0203 0103 0104 0401
60 , 0204 0404 0104 0401 0203 0301 0303 0103 0102 0102 0304 0204 0104 0103 0204 0301 0202 0404 0201 0302 0202 0404 0301 0303 0301 0104 0203 0101 0203 0302 0401 0304 0404 0204 0303 0304 0201 0103 0102 0401 0204 0404 0104 0401 0104 0301 0303 0103 0102 0402 0304 0101 0204 0103 0204 0304 0302 0404 0201 0301 0202 0404 0302 0303 0301 0101 0203 0104 0204 0302 0401 0304 0404 0304 0303 0304 0203 0103 0103 0401
61 , 0204 0404 0104 0401 0204 0401 0303 0103 0102 0402 0304 0201 0204 0103 0204 0301 0402 0404 0201 0302 0202 0404 0302 0303 0401 0104 0203 0104 0104 0402 0401 0304 0404 0204 0303 0304 0203 0303 0102 0401 0204 0404 0104 0401 0404 0301 0303 0103 0102 0402 0304 0301 0204 0103 0204 0303 0302 0404 0201 0303 0202 0404 0302 0303 0301 0104 0203 0201 0203 0302 0401 0304 0404 0204 0303 0304 0103 0103 0102 0401
62 , 0204 0404 0101 0401 0204 0301 0303 0103 0102 0402 0304 0201 0203 0403 0204 0301 0302 0404 0201 0302 0202 0404 0302 0303 0301 0104 0404 0101 0204 0402 0401 0304 0404 0204 0303 0404 0203 0103 0102 0403 0204 0404 0104 0201 0204 0301 0303 0103 0102 0402 0304 0201 0204 0103 0204 0301 0303 0404 0201 0302 0202 0404 0302 0303 0301 0104 0203 0101 0203 0202 0401 0304 0404 0204 0303 0301 0403 0101 0102 0401
63 , 0204 0404 0404 0402 0104 0301 0301 0103 0302 0402 0304 0204 0204 0103 0204 0301 0302 0404 0201 0302 0202 0402 0402 0403 0201 0104 0203 0101 0204 0302 0401 0304 0104 0104 0303 0304 0203 0103 0103 0401 0104 0404 0104 0401 0204 0301 0303 0103 0102 0402 0304 0201 0204 0103 0204 0301 0302 0404 0201 0302 0202 0204 0302 0303 0301 0104 0203 0101 0203 0302 0401 0304 0204 0303 0304 0304 0203 0103 0102 0401
64 , 0204 0404 0104 0401 0204 0301 0303 0103 0102 0402 0304 0201 0204 0103 0104 0301 0302 0404 0101 0302 0202 0404 0302 0303 0301 0104 0203 0101 0304 0302 0401 0302 0404 0404 0303 0304 0203 0103 0102 0401 0304 0404 0104 0401 0204 0301 0303 0103 0102 0402 0304 0202 0204 0102 0204 0204 0302 0404 0201 0302 0203 0404 0302 0303 0301 0104 0203 0101 0204 0302 0401 0304 0404 0204 0303 0304 0203 0103 0102 0401
65 , 0204 0403 0404 0401 0204 0301 0303 0103 0102 0402 0304 0201 0204 0103 0204 0301 0402 0404 0201 0302 0202 0404 0301 0303 0301 0104 0203 0101 0204 0302 0403 0304 0404 0201 0301 0304 0203 0103 0102 0201 0204 0403 0104 0401 0104 0301 0303 0103 0102 0402 0304 0204 0204 0103 0204 0301 0302 0404 0201 0302 0202 0404 0302 0303 0301 0101 0203 0101 0404 0302 0201 0404 0404 0204 0303 0304 0203 0103 0402 0401
66 , 0204 0404 0104 0401 0204 0202 0403 0103 0101 0402 0304 0201 0404 0103 0204 0301 0302 0404 0201 0302 0203 0404 0302 0303 0301 0104 0203 0101 0204 0302 0401 0304 0404 0204 0303 0304 0203 0103 0102 0301 0204 0403 0404 0401 0204 0301 0303 0103 0102 0402 0304 0201 0304 0103 0204 0301 0302 0303 0201 0302 0302 0404 0302 0303 0301 0104 0203 0101 0204 0302 0403 0304 0404 0204 0303 0304 0203 0103 0102 0401
67 , 0204 0404 0104 0401 0204 0301 0201 0103 0102 0402 0304 0201 0204 0103 0204 0301 0302 0104 0201 0302 0202 0401 0302 0303 0301 0404 0201 0101 0204 0302 0401 0304 0404 0203 0303 0204 0203 0103 0102 0401 0204 0404 0104 0401 0104 0301 0303 0103 0101 0402 0304 0101 0204 0103 0204 0302 0302 0304 0201 0301 0202 0404 0302 0303 0301 0101 0203 0101 0204 0302 0401 0304 0404 0204 0303 0304 0203 0103 0102 0401
68 , 0204 0404 0201 0401 0204 0304 0303 0103 0102 0402 0304 0401 0204 0103 0204 0301 0302 0403 0201 0302 0202 0404 0302 0403 0301 0404 0203 0101 0204 0301 0401 0304 0304 0204 0303 0304 0203 0104 0102 0401 0204 0403 0104 0401 0204 0301 0303 0103 0402 0402 0304 0201 0202 0103 0201 0301 0302 0404 0201 0302 0202 0404 0403 0303 0301 0104 0403 0101 0204 0302 0401 0304 0404 0204 0403 0104 0203 0103 0103 0101
69 , 0204 0403 0404 0401 0204 0301 0303 0103 0102 0402 0304 0201 0204 0103 0204 0301 0302 0404 0201 0302 0202 0404 0302 0303 0301 0104 0203 0101 0204 0302 0403 0304 0404 0204 0303 0304 0203 0103 0103 0402 0204 0404 0201 0401 0204 0301 0303 0103 0102 0402 0304 0301 0204 0103 0202 0401 0302 0404 0201 0302 0201 0404 0302 0304 0301 0104 0203 0101 0204 0302 0401 0304 0402 0204 0303 0304 0203 0103 0102 0401
70 , 0204 0404 0204 0401 0204 0301 0303 0103 0102 0402 0104 0201 0204 0104 0204 0301 0302 0404 0201 0301 0202 0404 0302 0303 0301 0104 0203 0101 0204 0302 0401 0304 0404 0204 0303 0304 0203 0101 0102 0401 0204 0304 0104 0401 0204 0301 0303 0103 0102 0402 0304 0201 0203 0103 0201 0303 0302 0404 0201 0302 0202 0404 0302 0304 0301 0103 0203 0101 0202 0202 0401 0304 0403 0204 0303 0304 0203 0103 0102 0401
71 , 0204 0404 0104 0401 0204 0302 0303 0403 0102 0202 0304 0201 0204 0103 0204 0301 0302 0404 0201 0302 0202 0404 0302 0303 0301 0104 0203 0101 0204 0302 0401 0304 0404 0204 0303 0304 0203 0103 0102 0401 0204 0404 0104 0404 0204 0301 0301 0103 0102 0402 0303 0201 0204 0103 0204 0301 0302 0404 0201 0302 0202 0104 0304 0303 0301 0104 0202 0101 0204 0302 0401 0304 0404 0204 0303 0304 0203 0103 0102 0401
72 , 0204 0404 0104 0401 0204 0301 0303 0103 0102 0402 0304 0202 0204 0103 0204 0301 0302 0401 0201 0302 0402 0304 0302 0103 0301 0104 0203 0101 0201 0302 0401 0304 0404 0204 0303 0302 0203 0103 0102 0401 0204 0404 0104 0401 0203 0304 0303 0103 0102 0402 0404 0203 0204 0103 0204 0301 0302 0404 0201 0302 0202 0404 0302 0303 0301 0104 0403 0101 0204 0302 0201 0304 0404 0204 0303 0304 0203 0103 0102 0401
73 , 0204 0404 0103 0401 0404 0301 0203 0103 0102 0402 0304 0201 0204 0103 0204 0301 0302 0404 0201 0302 0202 0404 0302 0302 0301 0104 0203 0101 0204 0402 0401 0304 0404 0204 0303 0304 0203 0103 0102 0404 0204 0204 0104 0401 0204 0301 0303 0103 0104 0402 0304 0201 0104 0103 0204 0301 0304 0404 0201 0302 0202 0402 0302 0303 0301 0104 0203 0101 0204 0303 0401 0404 0404 0204 0303 0304 0203 0103 0102 0401
74 , 0204 0402 0103 0401 0404 0301 0303 0103 0102 0402 0304 0201 0204 0103 0204 0301 0302 0402 0101 0302 0202 0404 0302 0303 0301 0104 0203 0101 0204 0302 0401 0304 0404 0204 0303 0304 0203 0103 0102 0404 0404 0404 0104 0201 0204 0301 0303 0103 0102 0402 0304 0201 0204 0103 0204 0301 0302 0404 0201 0304 0202 0104 0302 0303 0301 0104 0203 0101 0204 0302 0401 0301 0404 0204 0303 0304 0203 0103 0102 0401
75 , 0204 0404 0104 0401 0204 0301 0303 0103 0102 0402 0304 0201 0204 0101 0204 0301 0302 0404 0201 0302 0202 0401 0302 0303 0301 0404 0203 0301 0204 0302 0401 0104 0404 0204 0303 0304 0203 0103 0102 0402 0204 0404 0403 0401 0404 0301 0303 0103 0102 0402 0304 0201 0204 0103 0204 0301 0302 0404 0201 0302 0202 0404 0302 0303 0301 0104 0203 0101 0204 0302 0401 0304 0404 0204 0303 0304 0203 0103 0102 0404
76 , 0204 0404 0104 0401 0204 0301 0301 0103 0102 0402 0304 0201 0204 0103 0204 0301 0302 0404 0201 0304 0202 0204 0302 0303 0301 0104 0203 0104 0203 0301 0401 0304 0204 0204 0304 0204 0203 0103 0102 0401 0204 0404 0104 0401 0204 0301 0301 0303 0102 0402 0304 0201 0204 0103 0204 0301 0302 0404 0201 0302 0202 0404 0302 0303 0303 0403 0203 0103 0204 0302 0401 0304 0403 0204 0303 0304 0203 0103 0102 0401
77 , 0204 0404 0104 0401 0104 0301 0303 0103 0104 0402 0302 0301 0204 0103 0204 0401 0302 0404 0201 0402 0202 0404 0302 0303 0301 0404 0203 0101 0204 0302 0401 0304 0404 0204 0303 0304 0202 0103 0102 0401 0204 0401 0104 0401 0204 0301 0303 0103 0102 0402 0304 0301 0204 0103 0204 0301 0303 0404 0201 0302 0202 0404 0302 0103 0301 0104 0203 0101 0204 0302 0401 0304 0404 0202 0303 0304 0203 0101 0302 0401
78 , 0204 0404 0101 0401 0204 0301 0303 0103 0102 0402 0304 0201 0204 0103 0204 0302 0103 0404 0201 0302 0202 0404 0202 0303 0301 0104 0203 0101 0204 0302 0401 0304 0403 0204 0303 0304 0203 0104 0102 0401 0204 0404 0104 0401 0204 0301 0303 0103 0102 0402 0304 0201 0204 0103 0204 0301 0302 0404 0201 0302 0202 0304 0302 0303 0201 0104 0203 0101 0203 0302 0404 0304 0204 0204 0304 0304 0203 0103 0102 0401
79 , 0204 0404 0104 0401 0204 0301 0303 0103 0102 0402 0304 0201 0204 0103 0104 0301 0302 0404 0401 0302 0202 0403 0302 0303 0301 0104 0203 0101 0304 0302 0401 0304 0404 0404 0303 0304 0103 0103 0102 0401 0204 0404 0104 0403 0204 0301 0303 0103 0102 0402 0304 0201 0204 0103 0204 0301 0302 0404 0201 0302 0202 0403 0302 0303 0301 0104 0203 0101 0204 0302 0401 0304 0404 0204 0303 0304 0203 0103 0102 0401
80 , 0204 0402 0104 0401 0203 0301 0302 0103 0102 0402 0304 0204 0202 0203 0204 0203 0302 0404 0201 0302 0202 0404 0302 0303 0401 0202 0203 0101 0202 0303 0401 0304 0404 0204 0403 0304 0203 0203 0102 0401 0204 0404 0104 0401 0203 0301 0303 0103 0103 0303 0304 0201 0204 0103 0204 0301 0302 0404 0201 0302 0202 0404 0302 0303 0301 0104 0103 0201 0404 0302 0401 0304 0404 0202 0303 0304 0203 0103 0102 0401
81 , 0201 0104 0104 0401 0204 0201 0303 0103 0102 0402 0304 0201 0204 0103 0204 0302 0302 0404 0201 0302 0203 0401 0302 0303 0301 0101 0203 0401 0204 0302 0301 0301 0404 0204 0303 0304 0203 0103 0102 0401 0204 0404 0104 0401 0204 0201 0303 0103 0101 0402 0304 0201 0404 0103 0204 0301 0402 0404 0201 0302 0203 0404 0302 0303 0301 0104 0203 0103 0204 0302 0401 0304 0404 0204 0303 0304 0203 0103 0102 0301
82 , 0204 0404 0104 0404 0204 0301 0303 0103 0102 0402 0304 0201 0204 0103 0204 0301 0302 0404 0201 0302 0202 0404 0304 0303 0301 0104 0202 0101 0204 0302 0401 0304 0404 0204 0303 0304 0203 0103 0102 0401 0204 0404 0104 0401 0204 0301 0303 0103 0102 0102 0104 0201 0204 0103 0204 0301 0304 0404 0201 0302 0202 0404 0302 0303 0301 0104 0203 0101 0204 0302 0401 0304 0104 0204 0303 0304 0203 0103 0104 0401
83 , 0204 0402 0104 0401 0203 0301 0302 0103 0102 0201 0304 0201 0202 0103 0202 0303 0302 0401 0201 0302 0202 0404 0302 0303 0301 0103 0203 0101 0202 0303 0401 0304 0404 0204 0403 0304 0203 0203 0102 0401 0104 0204 0104 0402 0204 0301 0301 0103 0102 0402 0304 0201 0204 0103 0203 0302 0302 0404 0201 0302 0402 0204 0302 0303 0301 0102 0203 0101 0204 0302 0401 0304 0404 0204 0303 0303 0203 0103 0102 0401
84 , 0204 0404 0103 0401 0204 0301 0303 0103 0202 0402 0301 0201 0204 0203 0204 0301 0302 0404 0201 0302 0201 0404 0302 0301 0301 0104 0203 0101 0204 0302 0401 0304 0404 0404 0303 0304 0203 0103 0102 0402 0404 0404 0104 0401 0204 0301 0303 0103 0102 0302 0304 0201 0204 0103 0204 0201 0302 0404 0201 0302 0202 0404 0302 0303 0301 0104 0203 0101 0204 0302 0401 0304 0404 0204 0403 0304 0203 0103 0102 0401
85 , 0201 0104 0104 0401 0204 0201 0303 0103 0102 0402 0304 0201 0204 0103 0204 0302 0302 0404 0201 0402 0202 0404 0302 0303 0301 0101 0203 0401 0204 0102 0301 0301 0404 0204 0303 0304 0203 0103 0102 0401 0204 0404 0104 0401 0204 0301 0303 0103 0102 0402 0304 0202 0204 0103 0204 0301 0302 0404 0201 0302 0202 0404 0302 0303 0301 0104 0203 0101 0204 0402 0401 0304 0304 0404 0303 0304 0203 0103 0102 0401
86 , 0204 0404 0104 0401 0104 0301 0303 0103 0102 0402 0304 0201 0204 0103 0204 0304 0302 0404 0201 0301 0202 0404 0302 0303 0301 0104 0203 0101 0204 0302 0401 0304 0404 0204 0303 0304 0202 0103 0102 0401 0204 0404 0104 0201 0204 0301 0302 0103 0102 0402 0304 0201 0104 0103 0204 0301 0102 0404 0201 0302 0202 0404 0302 0103 0301 0104 0203 0101 0204 0302 0401 0304 0404 0204 0303 0304 0203 0103 0102 0401
87 , 0204 0404 0104 0401 0204 0301 0303 0103 0102 0402 0304 0201 0204 0103 0204 0301 0302 0404 0201 0302 0202 0104 0302 0304 0301 0104 0203 0102 0204 0302 0401 0304 0404 0204 0303 0104 0203 0103 0102 0401 0204 0404 0404 0401 0204 0301 0303 0103 0102 0402 0302 0201 0204 0103 0204 0301 0303 0404 0202 0302 0202 0401 0302 0303 0301 0104 0203 0101 0204 0302 0401 0304 0404 0203 0304 0304 0203 0103 0102 0401
88 , 0204 0404 0104 0401 0204 0301 0303 0103 0102 0402 0304 0201 0204 0103 0204 0301 0302 0404 0201 0302 0202 0404 0302 0303 0201 0104 0103 0101 0204 0302 0401 0304 0404 0204 0303 0304 0203 0103 0103 0402 0204 0404 0104 0401 0204 0301 0303 0103 0102 0402 0304 0201 0204 0101 0204 0301 0302 0404 0201 0302 0202 0401 0302 0303 0301 0404 0203 0101 0204 0302 0401 0303 0404 0204 0303 0304 0203 0103 0302 0402
89 , 0204 0404 0104 0102 0204 0301 0303 0104 0102 0402 0304 0201 0204 0101 0204 0301 0302 0404 0203 0302 0202 0404 0302 0203 0301 0104 0203 0101 0204 0302 0401 0304 0104 0204 0303 0304 0203 0101 0302 0401 0204 0304 0104 0401 0204 0301 0303 0103 0102 0402 0304 0201 0204 0103 0204 0301 0304 0404 0201 0303 0202 0404 0304 0303 0302 0104 0203 0101 0204 0302 0401 0304 0104 0204 0304 0304 0203 0203 0102 0401
90 , 0204 0404 0104 0401 0203 0304 0303 0103 0102 0402 0304 0204 0204 0103 0104 0301 0302 0404 0201 0302 0202 0404 0302 0303 0301 0104 0403 0101 0404 0302 0201 0304 0104 0204 0303 0304 0203 0103 0102 0401 0204 0404 0104 0401 0204 0301 0303 0103 0102 0402 0404 0201 0204 0103 0204 0301 0302 0404 0201 0302 0202 0201 0302 0303 0301 0204 0203 0102 0203 0302 0401 0404 0204 0204 0304 0304 0203 0103 0102 0401
91 , 0204 0404 0101 0401 0204 0301 0303 0103 0102 0402 0304 0201 0404 0103 0204 0101 0102 0404 0201 0302 0202 0404 0302 0302 0201 0104 0203 0101 0204 0302 0401 0304 0402 0204 0303 0304 0203 0104 0202 0401 0204 0404 0104 0401 0204 0301 0303 0103 0102 0401 0304 0201 0404 0103 0204 0301 0302 0304 0201 0302 0203 0404 0302 0303 0301 0104 0203 0402 0204 0302 0401 0303 0403 0204 0303 0304 0203 0103 0402 0401
92 , 0404 0404 0104 0401 0204 0301 0303 0103 0102 0402 0304 0201 0204 0103 0204 0301 0302 0404 0301 0302 0202 0404 0302 0303 0301 0104 0203 0101 0204 0302 0401 0302 0403 0204 0403 0304 0203 0103 0102 0401 0204 0404 0104 0401 0204 0301 0303 0103 0102 0402 0104 0301 0104 0103 0204 0303 0302 0404 0201 0302 0202 0404 0302 0303 0301 0104 0204 0201 0203 0202 0401 0304 0404 0204 0403 0304 0203 0103 0102 0401
93 , 0204 0404 0104 0401 0104 0301 0303 0103 0102 0402 0304 0301 0204 0103 0204 0301 0302 0404 0201 0402 0202 0404 0302 0303 0301 0404 0203 0101 0204 0302 0401 0304 0404 0204 0303 0304 0202 0103 0102 0401 0204 0404 0104 0401 0202 0301 0303 0103 0101 0402 0304 0201 0404 0103 0204 0301 0302 0402 0201 0302 0203 0404 0302 0303 0301 0204 0203 0401 0204 0302 0401 0304 0404 0204 0303 0304 0203 0103 0102 0401
94 , 0204 0404 0104 0401 0204 0301 0303 0103 0102 0404 0304 0201 0204 0103 0204 0303 0302 0401 0101 0302 0402 0404 0302 0103 0301 0104 0203 0101 0204 0302 0401 0304 0404 0204 0303 0302 0203 0103 0102 0401 0204 0404 0101 0404 0204 0301 0303 0103 0102 0402 0304 0201 0204 0103 0204 0301 0302 0404 0201 0303 0202 0404 0304 0303 0301 0104 0202 0101 0204 0302 0401 0304 0403 0204 0303 0304 0203 0103 0102 0401
95 , 0204 0404 0104 0401 0204 0302 0303 0103 0102 0402 0304 0201 0204 0103 0204 0302 0302 0403 0201 0302 0202 0404 0302 0303 0301 0104 0203 0101 0204 0302 0401 0304 0403 0204 0303 0204 0203 0103 0102 0401 0204 0404 0101 0401 0204 0301 0303 0103 0102 0402 0304 0201 0404 0103 0304 0301 0102 0404 0201 0302 0202 0404 0302 0303 0201 0104 0203 0101 0204 0302 0401 0304 0402 0204 0303 0304 0203 0104 0202 0404
96 , 0204 0404 0104 0401 0104 0301 0303 0103 0102 0202 0304 0101 0204 0103 0204 0304 0302 0404 0201 0301 0201 0404 0302 0203 0301 0101 0203 0101 0204 0302 0401 0304 0404 0204 0303 0304 0203 0103 0102 0401 0204 0404 0104 0403 0204 0301 0303 0103 0102 0404 0302 0204 0204 0103 0202 0303 0302 0404 0201 0302 0202 0404 0302 0303 0301 0104 0203 0101 0204 0302 0401 0304 0404 0204 0303 0304 0203 0103 0402 0401
97 , 0204 0404 0104 0401 0204 0301 0303 0103 0102 0402 0304 0201 0204 0103 0204 0301 0302 0404 0201 0302 0202 0404 0302 0303 0301 0104 0103 0101 0204 0302 0401 0304 0404 0304 0302 0304 0203 0102 0102 0401 0204 0404 0104 0401 0204 0301 0303 0103 0102 0402 0304 0201 0204 0103 0204 0301 0302 0404 0201 0302 0202 0204 0302 0303 0301 0104 0203 0102 0203 0302 0101 0304 0204 0204 0304 0304 0203 0103 0102 0401
98 , 0204 0404 0103 0401 0204 0301 0303 0103 0102 0402 0304 0201 0204 0103 0204 0301 0302 0404 0201 0302 0203 0404 0302 0303 0302 0304 0403 0101 0204 0402 0401 0304 0404 0204 0303 0401 0203 0103 0102 0401 0204 0403 0104 0401 0202 0301 0303 0103 0102 0402 0304 0201 0204 0103 0204 0303 0302 0404 0201 0302 0202 0404 0303 0303 0201 0104 0203 0101 0204 0302 0401 0304 0404 0201 0303 0304 0203 0304 0302 0401
99 , 0204 0404 0102 0401 0204 0301 0303 0103 0102 0402 0304 0201 0204 0103 0104 0301 0302 0404 0401 0302 0202 0404 0302 0303 0301 0104 0203 0101 0304 0302 0404 0302 0404 0402 0303 0304 0203 0103 0102 0401 0104 0404 0104 0401 0204 0301 0301 0103 0102 0402 0304 0201 0204 0103 0204 0301 0302 0404 0201 0302 0202 0404 0302 0303 0304 0403 0203 0101 0204 0302 0401 0304 0104 0204 0303 0304 0203 0103 0102 0401
100 , 0204 0404 0104 0401 0204 0301 0303 0103 0102 0402 0304 0201 0204 0103 0204 0302 0302 0404 0401 0302 0202 0404 0302 0303 0301 0104 0203 0102 0204 0302 0401 0304 0404 0204 0303 0104 0203 0103 0102 0401 0204 0402 0104 0401 0203 0301 0302 0103 0102 0402 0304 0201 0202 0103 0204 0303 0302 0404 0201 0302 0202 0404 0302 0303 0401 0103 0203 0101 0202 0303 0401 0304 0404 0204 0403 0304 0203 0203 0102 0401
101 , 0204 0404 0104 0401 0404 0301 0303 0103 0202 0402 0304 0201 0204 0103 0204 0301 0302 0402 0201 0302 0204 0402 0303 0303 0301 0104 0203 0101 0204 0304 0401 0304 0404 0201 0103 0304 0203 0103 0202 0401 0204 0404 0204 0401 0201 0301 0303 0103 0102 0402 0304 0201 0204 0103 0204 0301 0302 0404 0201 0403 0202 0404 0302 0303 0301 0104 0202 0101 0104 0302 0401 0304 0404 0404 0303 0304 0203 0103 0402 0402
102 , 0204 0404 0104 0401 0204 0301 0303 0103 0102 0402 0304 0201 0204 0103 0204 0301 0302 0404 0201 0302 0302 0404 0302 0304 0301 0104 0203 0101 0204 0102 0401 0404 0404 0204 0303 0304 0203 0103 0102 0402 0204 0404 0204 0401 0104 0201 0303 0103 0102 0402 0304 0201 0204 0103 0204 0201 0302 0404 0101 0302 0402 0404 0302 0303 0401 0104 0203 0101 0204 0302 0401 0304 0404 0204 0303 0304 0203 0103 0102 0401
103 , 0204 0204 0104 0401 0203 0303 0303 0103 0102 0402 0304 0201 0204 0103 0204 0301 0302 0404 0201 0304 0302 0404 0302 0302 0301 0403 0203 0101 0204 0302 0401 0304 0403 0204 0303 0301 0203 0103 0102 0401 0204 0403 0404 0401 0204 0301 0303 0103 0102 0402 0304 0201 0204 0104 0204 0301 0302 0404 0201 0302 0202 0404 0302 0303 0301 0104 0203 0101 0204 0202 0403 0304 0404 0204 0303 0302 0203 0103 0102 0401
104 , 0204 0404 0104 0401 0204 0301 0303 0103 0102 0402 0304 0201 0404 0103 0404 0301 0302 0401 0201 0302 0202 0402 0302 0103 0301 0104 0203 0101 0204 0302 0201 0304 0404 0204 0303 0304 0203 0103 0102 0401 0204 0404 0104 0401 0304 0301 0303 0103 0302 0402 0301 0201 0103 0103 0204 0301 0102 0402 0201 0302 0202 0404 0302 0303 0301 0104 0203 0101 0203 0301 0401 0304 0404 0204 0303 0304 0203 0103 0102 0401
105 , 0204 0404 0104 0401 0404 0301 0303 0103 0202 0402 0304 0201 0204 0103 0204 0301 0302 0402 0101 0302 0202 0404 0301 0303 0401 0104 0203 0101 0204 0302 0401 0304 0204 0202 0103 0304 0203 0103 0302 0402 0204 0104 0102 0401 0404 0301 0301 0103 0102 0402 0304 0201 0204 0103 0204 0301 0302 0404 0201 0302 0202 0404 0302 0303 0301 0104 0203 0101 0204 0302 0401 0304 0404 0204 0303 0304 0203 0103 0102 0401
106 , 0204 0404 0204 0401 0204 0101 0303 0103 0101 0402 0304 0201 0204 0104 0203 0301 0302 0203 0201 0302 0202 0404 0302 0303 0301 0104 0203 0101 0204 0302 0401 0304 0404 0204 0303 0304 0203 0303 0102 0401 0204 0404 0104 0401 0204 0301 0303 0103 0102 0402 0304 0301 0204 0103 0204 0303 0302 0404 0201 0302 0202 0404 0302 0303 0301 0104 0203 0201 0203 0302 0401 0304 0404 0204 0303 0304 0203 0103 0102 0401
107 , 0204 0404 0204 0201 0204 0301 0303 0103 0102 0402 0304 0301 0204 0103 0202 0301 0302 0404 0101 0302 0202 0101 0302 0303 0301 0101 0203 0101 0204 0302 0401 0302 0401 0204 0303 0302 0203 0103 0102 0401 0204 0404 0104 0401 0204 0301 0303 0303 0202 0402 0304 0401 0204 0103 0204 0301 0302 0204 0201 0302 0202 0404 0302 0303 0301 0104 0203 0101 0204 0202 0201 0304 0204 0204 0303 0304 0203 0103 0102 0402
108 , 0204 0404 0104 0401 0204 0301 0403 0103 0102 0402 0303 0203 0204 0103 0204 0301 0202 0404 0201 0302 0202 0404 0302 0303 0301 0104 0203 0101 0204 0302 0401 0304 0404 0204 0302 0304 0203 0103 0102 0401 0204 0204 0104 0401 0204 0301 0303 0101 0104 0402 0304 0201 0204 0103 0304 0301 0302 0404 0201 0302 0202 0402 0302 0203 0301 0104 0203 0101 0204 0302 0401 0304 0404 0204 0303 0304 0203 0103 0102 0401
109 , 0204 0404 0104 0101 0204 0301 0303 0103 0102 0402 0304 0201 0204 0103 0204 0302 0302 0404 0201 0302 0202 0404 0302 0303 0301 0104 0203 0101 0204 0302 0401 0304 0404 0204 0303 0304 0403 0103 0102 0401 0204 0404 0104 0401 0204 0301 0303 0103 0102 0401 0301 0201 0404 0103 0204 0301 0302 0104 0201 0302 0203 0404 0302 0303 0303 0104 0203 0401 0304 0302 0401 0304 0404 0204 0303 0304 0203 0103 0102 0401
110 , 0204 0404 0104 0401 0304 0301 0303 0203 0102 0402 0301 0201 0204 0103 0204 0301 0102 0404 0202 0302 0202 0404 0302 0303 0301 0104 0203 0101 0204 0302 0403 0404 0404 0204 0301 0304 0203 0103 0103 0401 0204 0404 0104 0401 0204 0301 0303 0103 0104 0402 0304 0201 0204 0103 0204 0301 0302 0404 0201 0302 0302 0404 0302 0303 0401 0104 0203 0101 0104 0302 0401 0304 0401 0204 0303 0304 0203 0303 0102 0401
111 , 0204 0403 0404 0401 0204 0301 0303 0103 0102 0402 0304 0201 0204 0103 0203 0301 0302 0404 0201 0302 0202 0404 0302 0103 0301 0104 0202 0101 0204 0302 0403 0404 0404 0204 0303 0304 0203 0202 0102 0401 0304 0404 0104 0401 0204 0301 0302 0103 0102 0402 0304 0201 0204 0103 0404 0301 0302 0404 0201 0402 0202 0204 0302 0403 0301 0104 0203 0101 0204 0302 0401 0304 0404 0204 0303 0304 0204 0103 0102 0401
112 , 0204 0404 0104 0401 0204 0301 0301 0103 0102 0402 0304 0201 0204 0103 0204 0302 0302 0404 0201 0302 0202 0404 0302 0303 0304 0403 0203 0101 0204 0302 0401 0304 0404 0204 0303 0304 0203 0103 0102 0401 0204 0404 0104 0201 0104 0301 0403 0103 0102 0402 0303 0203 0204 0303 0204 0301 0202 0404 0201 0302 0202 0404 0302 0303 0301 0104 0203 0101 0204 0302 0402 0304 0404 0204 0302 0304 0203 0103 0102 0401
113 , 0204 0404 0104 0401 0204 0301 0303 0102 0302 0402 0304 0101 0204 0203 0204 0301 0302 0404 0201 0202 0202 0404 0302 0303 0101 0104 0203 0101 0204 0302 0401 0204 0404 0204 0303 0304 0203 0103 0102 0401 0204 0404 0104 0401 0204 0301 0303 0101 0102 0402 0304 0101 0204 0103 0204 0301 0303 0404 0201 0302 0202 0404 0302 0303 0304 0104 0203 0101 0204 0302 0401 0304 0404 0202 0303 0304 0403 0101 0102 0401
114 , 0204 0404 0104 0401 0204 0301 0303 0103 0102 0402 0304 0201 0204 0103 0204 0301 0302 0404 0201 0202 0202 0404 0302 0303 0301 0104 0203 0102 0204 0302 0401 0304 0404 0204 0303 0104 0203 0103 0102 0401 0204 0404 0104 0401 0204 0301 0303 0103 0102 0402 0304 0201 0404 0103 0204 0301 0302 0404 0201 0302 0203 0404 0302 0301 0301 0104 0203 0401 0204 0302 0401 0304 0404 0204 0303 0304 0203 0103 0402 0401
115 , 0404 0204 0104 0401 0204 0301 0303 0101 0104 0402 0304 0201 0404 0103 0304 0301 0302 0404 0101 0302 0202 0402 0302 0303 0301 0104 0203 0101 0204 0302 0401 0304 0404 0204 0303 0304 0203 0103 0102 0401 0204 0404 0101 0401 0204 0301 0303 0103 0102 0402 0304 0201 0204 0103 0404 0301 0102 0404 0201 0303 0202 0404 0302 0303 0301 0104 0203 0101 0204 0302 0401 0304 0404 0304 0303 0304 0203 0104 0102 0401
116 , 0204 0404 0104 0401 0204 0201 0303 0103 0104 0402 0304 0201 0404 0102 0204 0301 0302 0404 0201 0302 0203 0404 0302 0303 0201 0104 0203 0101 0204 0302 0401 0304 0403 0204 0303 0304 0203 0103 0102 0301 0204 0404 0104 0401 0204 0301 0303 0103 0102 0404 0304 0202 0204 0103 0204 0301 0302 0404 0201 0302 0202 0404 0302 0303 0301 0104 0203 0101 0204 0402 0401 0304 0404 0204 0304 0304 0203 0103 0102 0401
117 , 0204 0404 0104 0401 0204 0301 0303 0103 0102 0402 0304 0201 0204 0103 0104 0301 0302 0404 0201 0302 0202 0404 0302 0303 0301 0104 0203 0101 0304 0302 0401 0304 0404 0404 0303 0304 0203 0103 0102 0401 0204 0404 0104 0401 0304 0301 0303 0103 0102 0402 0304 0201 0204 0103 0204 0301 0302 0403 0101 0302 0202 0404 0102 0303 0301 0104 0202 0101 0204 0302 0401 0304 0404 0304 0302 0304 0303 0103 0102 0401
118 , 0204 0404 0104 0401 0204 0301 0303 0203 0102 0402 0304 0201 0204 0103 0204 0301 0303 0404 0201 0302 0202 0404 0302 0303 0301 0404 0203 0101 0204 0302 0401 0304 0304 0204 0101 0301 0403 0101 0102 0401 0204 0404 0104 0401 0204 0201 0303 0103 0101 0402 0304 0201 0404 0103 0204 0301 0302 0404 0201 0302 0203 0404 0302 0303 0301 0104 0203 0101 0204 0302 0401 0404 0404 0204 0203 0304 0203 0103 0102 0301
119 , 0204 0404 0101 0401 0204 0304 0303 0103 0102 0402 0304 0201 0204 0103 0204 0301 0302 0403 0201 0302 0202 0304 0302 0403 0301 0404 0203 0101 0204 0302 0401 0304 0404 0204 0303 0304 0204 0104 0102 0401 0203 0404 0104 0401 0204 0301 0303 0103 0102 0402 0304 0401 0404 0103 0204 0301 0302 0404 0201 0302 0102 0404 0302 0303 0101 0104 0202 0101 0204 0302 0401 0302 0404 0204 0303 0304 0203 0103 0102 0401
120 , 0204 0404 0104 0401 0204 0301 0303 0103 0102 0402 0304 0201 0204 0101 0204 0301 0302 0404 0201 0302 0202 0401 0302 0304 0301 0404 0203 0101 0204 0302 0401 0304 0404 0204 0303 0304 0203 0103 0102 0402 0204 0304 0104 0401 0204 0301 0303 0103 0102 0402 0304 0201 0204 0103 0204 0301 0302 0404 0201 0302 0302 0404 0304 0303 0301 0104 0202 0101 0202 0302 0401 0304 0404 0204 0303 0304 0203 0103 0102 0301
121 , 0204 0402 0103 0401 0104 0301 0303 0103 0102 0402 0304 0201 0204 0103 0204 0301 0302 0402 0201 0302 0202 0404 0302 0103 0301 0104 0203 0101 0204 0302 0401 0304 0404 0204 0303 0304 0203 0103 0102 0404 0204 0404 0104 0201 0204 0301 0303 0103 0102 0102 0304 0201 0202 0103 0204 0301 0302 0404 0201 0302 0202 0404 0303 0303 0301 0104 0203 0101 0204 0102 0403 0304 0404 0204 0303 0304 0203 0103 0102 0401
122 , 0204 0403 0404 0401 0204 0301 0303 0103 0102 0402 0304 0101 0204 0103 0204 0301 0302 0404 0201 0302 0202 0404 0302 0303 0301 0104 0203 0101 0204 0302 0403 0304 0404 0204 0303 0304 0203 0103 0102 0401 0204 0404 0104 0401 0204 0301 0303 0203 0102 0402 0304 0201 0204 0103 0204 0301 0302 0404 0201 0304 0302 0404 0302 0303 0301 0102 0203 0401 0204 0303 0401 0404 0404 0204 0303 0304 0203 0103 0102 0403
123 , 0204 0404 0104 0404 0204 0301 0303 0103 0102 0302 0304 0201 0204 0103 0204 0301 0302 0404 0201 0302 0202 0203 0302 0303 0301 0104 0203 0101 0204 0302 0401 0304 0404 0204 0303 0304 0203 0103 0102 0401 0204 0404 0104 0401 0204 0301 0303 0103 0102 0402 0304 0201 0204 0103 0204 0304 0102 0404 0201 0302 0202 0404 0302 0303 0301 0104 0203 0101 0202 0302 0401 0304 0404 0204 0303 0304 0203 0103 0102 0401
124 , 0204 0404 0104 0401 0201 0301 0303 0103 0103 0402 0304 0201 0204 0102 0204 0301 0302 0404 0301 0302 0202 0404 0302 0303 0301 0104 0203 0101 0204 0302 0401 0302 0404 0204 0303 0304 0203 0103 0102 0401 0204 0403 0101 0401 0204 0301 0303 0103 0102 0402 0304 0201 0404 0103 0204 0301 0102 0404 0201 0202 0202 0404 0302 0303 0201 0104 0203 0101 0204 0302 0401 0304 0402 0204 0303 0304 0203 0104 0202 0401
125 , 0204 0404 0204 0401 0204 0301 0303 0103 0102 0402 0304 0301 0204 0103 0202 0301 0302 0404 0201 0302 0202 0404 0302 0304 0301 0104 0203 0101 0202 0302 0401 0302 0404 0204 0303 0304 0203 0103 0102 0401 0204 0304 0304 0401 0204 0301 0303 0103 0102 0402 0304 0201 0104 0103 0204 0301 0302 0404 0201 0302 0202 0404 0302 0304 0301 0104 0203 0101 0204 0302 0403 0304 0404 0204 0303 0304 0203 0203 0102 0402
126 , 0204 0204 0104 0401 0204 0301 0303 0101 0104 0402 0304 0201 0204 0103 0304 0304 0302 0404 0201 0302 0202 0402 0302 0303 0301 0104 0203 0101 0204 0302 0401 0304 0404 0204 0303 0304 0203 0103 0102 0401 0204 0104 0104 0401 0204 0302 0301 0103 0102 0402 0304 0201 0204 0104 0204 0302 0302 0404 0202 0302 0202 0404 0302 0303 0301 0104 0203 0101 0204 0302 0301 0301 0404 0204 0303 0304 0203 0101 0102 0401
127 , 0404 0404 0104 0101 0204 0401 0303 0103 0102 0402 0304 0201 0204 0103 0204 0301 0302 0404 0101 0402 0202 0404 0302 0303 0301 0104 0203 0101 0204 0302 0401 0304 0404 0204 0303 0304 0203 0103 0102 0401 0204 0404 0103 0402 0204 0301 0303 0103 0102 0404 0304 0201 0204 0103 0204 0301 0302 0404 0204 0302 0202 0404 0302 0303 0301 0104 0203 0101 0204 0302 0401 0304 0403 0204 0303 0304 0203 0103 0102 0401
128 , 0204 0404 0104 0401 0204 0301 0303 0103 0102 0402 0304 0201 0204 0101 0203 0301 0302 0404 0201 0302 0201 0401 0302 0303 0301 0204 0203 0301 0204 0302 0401 0304 0404 0204 0303 0304 0203 0103 0102 0402 0204 0404 0401 0401 0204 0301 0403 0103 0102 0402 0304 0201 0204 0103 0204 0301 0302 0404 0201 0302 0202 0404 0302 0303 0301 0104 0203 0101 0204 0302 0403 0304 0104 0204 0303 0304 0203 0101 0101 0401
129 , 0204 0404 0104 0401 0104 0301 0303 0203 0102 0402 0304 0201 0404 0103 0204 0301 0302 0404 0201 0302 0202 0404 0302 0303 0301 0104 0203 0101 0204 0302 0401 0302 0404 0204 0303 0304 0203 0103 0102 0401 0204 0404 0104 0401 0204 0101 0303 0103 0102 0204 0304 0201 0204 0103 0204 0301 0302 0404 0101 0302 0202 0401 0302 0303 0101 0104 0202 0101 0204 0302 0401 0304 0404 0204 0303 0304 0203 0102 0202 0401
130 , 0204 0404 0103 0401 0204 0301 0303 0103 0102 0402 0304 0201 0204 0103 0204 0301 0302 0404 0204 0302 0204 0404 0302 0303 0301 0102 0403 0101 0204 0302 0401 0304 0403 0204 0303 0304 0203 0103 0102 0401 0204 0404 0203 0404 0204 0101 0303 0103 0102 0402 0304 0201 0204 0403 0204 0301 0302 0404 0201 0302 0202 0404 0302 0303 0301 0104 0203 0101 0204 0302 0401 0302 0404 0204 0303 0304 0203 0103 0102 0401
131 , 0204 0404 0204 0401 0404 0201 0303 0103 0102 0402 0304 0201 0204 0103 0204 0301 0302 0404 0201 0301 0202 0404 0303 0303 0301 0104 0203 0101 0204 0302 0401 0304 0404 0204 0303 0304 0203 0103 0102 0401 0204 0404 0103 0401 0204 0301 0303 0103 0102 0302 0304 0201 0404 0103 0204 0301 0302 0404 0201 0302 0202 0403 0302 0303 0301 0104 0203 0101 0204 0302 0201 0304 0404 0204 0303 0304 0203 0103 0102 0401
132 , 0204 0404 0204 0404 0204 0301 0303 0103 0102 0402 0304 0201 0204 0103 0204 0201 0302 0404 0201 0302 0202 0404 0302 0303 0303 0104 0203 0101 0204 0302 0401 0404 0404 0204 0303 0304 0203 0103 0101 0401 0204 0404 0204 0401 0204 0301 0303 0103 0102 0102 0304 0201 0204 0103 0204 0301 0302 0404 0201 0303 0202 0404 0302 0303 0301 0104 0203 0101 0104 0302 0401 0204 0404 0204 0303 0304 0203 0103 0102 0402
133 , 0204 0404 0104 0401 0204 0301 0303 0103 0104 0402 0304 0201 0204 0103 0204 0301 0302 0404 0301 0302 0202 0404 0202 0303 0301 0104 0203 0101 0204 0302 0401 0302 0404 0204 0303 0304 0203 0103 0102 0401 0204 0404 0104 0401 0203 0304 0303 0103 0102 0402 0304 0201 0204 0103 0204 0301 0302 0404 0201 0302 0102 0404 0302 0303 0301 0103 0403 0101 0104 0302 0201 0301 0404 0204 0303 0304 0203 0103 0102 0401
134 , 0204 0404 0104 0401 0204 0301 0303 0103 0104 0402 0304 0201 0204 0103 0204 0301 0303 0404 0201 0302 0202 0404 0302 0303 0201 0104 0203 0101 0204 0302 0401 0304 0404 0204 0303 0304 0203 0103 0102 0401 0204 0404 0104 0401 0204 0301 0303 0103 0102 0402 0304 0201 0204 0103 0404 0301 0302 0404 0201 0302 0202 0401 0302 0303 0301 0104 0203 0101 0204 0302 0401 0304 0404 0203 0303 0304 0203 0103 0102 0401
135 , 0204 0404 0104 0301 0204 0201 0303 0103 0102 0402 0304 0201 0204 0201 0204 0301 0302 0404 0201 0302 0203 0404 0404 0303 0301 0104 0203 0101 0204 0302 0401 0304 0404 0204 0303 0304 0203 0103 0202 0101 0204 0404 0104 0101 0204 0301 0303 0103 0102 0402 0304 0201 0204 0103 0204 0301 0303 0404 0201 0302 0202 0404 0302 0103 0301 0104 0203 0101 0204 0302 0401 0304 0404 0202 0303 0304 0403 0101 0103 0401
136 , 0204 0404 0104 0401 0104 0301 0303 0203 0102 0402 0304 0201 0204 0103 0204 0104 0303 0404 0201 0301 0202 0404 0302 0303 0301 0104 0203 0201 0204 0302 0401 0304 0404 0204 0303 0304 0204 0103 0102 0401 0204 0404 0104 0401 0204 0301 0303 0103 0102 0402 0304 0201 0404 0103 0204 0301 0302 0404 0201 0302 0203 0404 0303 0303 0301 0104 0203 0401 0204 0302 0401 0304 0404 0204 0303 0304 0203 0103 0102 0401
137 , 0104 0104 0104 0401 0204 0201 0303 0103 0102 0402 0304 0201 0204 0103 0204 0302 0303 0404 0201 0302 0202 0404 0302 0303 0301 0101 0203 0401 0204 0402 0302 0301 0404 0204 0303 0304 0203 0103 0102 0401 0204 0404 0304 0401 0204 0301 0303 0103 0102 0402 0404 0201 0204 0103 0204 0301 0302 0404 0201 0302 0202 0204 0302 0303 0301 0104 0203 0101 0203 0302 0401 0304 0204 0204 0304 0304 0203 0103 0102 0401
138 , 0404 0404 0104 0401 0204 0101 0303 0103 0102 0402 0304 0301 0204 0103 0202 0301 0302 0404 0201 0303 0202 0404 0301 0303 0301 0101 0203 0101 0204 0302 0401 0302 0404 0204 0303 0304 0203 0103 0102 0401 0204 0404 0104 0401 0204 0301 0303 0103 0102 0402 0304 0201 0204 0103 0204 0301 0302 0404 0201 0302 0202 0404 0302 0303 0301 0104 0203 0101 0204 0303 0401 0304 0204 0204 0303 0304 0203 0103 0102 0401
139 , 0204 0403 0404 0401 0204 0301 0303 0103 0101 0402 0304 0201 0204 0103 0204 0301 0302 0404 0201 0302 0202 0404 0302 0303 0304 0104 0303 0101 0204 0302 0403 0304 0404 0204 0303 0304 0203 0103 0102 0401 0204 0404 0104 0401 0204 0303 0303 0103 0102 0402 0304 0201 0204 0303 0204 0101 0302 0404 0201 0302 0202 0404 0302 0303 0301 0104 0203 0101 0204 0302 0404 0304 0404 0204 0303 0304 0203 0101 0102 0401
140 , 0204 0304 0104 0201 0204 0101 0303 0103 0102 0402 0304 0201 0104 0103 0204 0301 0302 0404 0201 0302 0202 0404 0302 0304 0301 0104 0203 0101 0204 0302 0403 0304 0404 0204 0303 0304 0203 0203 0102 0401 0204 0104 0104 0401 0104 0301 0303 0103 0102 0402 0204 0201 0204 0103 0204 0304 0302 0404 0201 0301 0202 0404 0302 0203 0301 0104 0203 0101 0204 0301 0401 0304 0204 0203 0303 0304 0203 0103 0102 0401
141 , 0204 0404 0101 0401 0204 0301 0303 0103 0102 0402 0304 0201 0202 0103 0204 0301 0102 0404 0202 0302 0202 0404 0302 0303 0301 0104 0203 0101 0404 0302 0404 0304 0404 0204 0303 0304 0203 0104 0102 0401 0204 0404 0104 0401 0204 0301 0303 0103 0102 0402 0301 0201 0404 0103 0204 0101 0302 0404 0201 0302 0203 0404 0302 0303 0201 0104 0203 0401 0204 0302 0401 0304 0404 0204 0303 0304 0203 0103 0102 0401
142 , 0204 0404 0104 0401 0204 0201 0303 0103 0101 0402 0304 0201 0404 0103 0204 0301 0302 0404 0201 0302 0203 0404 0302 0303 0301 0104 0203 0101 0204 0302 0401 0304 0404 0204 0303 0304 0203 0103 0102 0301 0204 0404 0104 0401 0304 0101 0303 0103 0102 0402 0304 0201 0204 0103 0204 0301 0302 0404 0201 0302 0202 0404 0302 0103 0401 0104 0203 0101 0101 0402 0401 0304 0404 0204 0303 0304 0203 0303 0102 0403
143 , 0204 0204 0102 0401 0404 0301 0301 0103 0102 0402 0304 0201 0204 0103 0204 0301 0302 0404 0201 0302 0202 0404 0302 0303 0301 0104 0203 0101 0204 0302 0401 0304 0404 0204 0303 0304 0203 0103 0102 0401 0202 0404 0104 0401 0404 0301 0303 0103 0402 0402 0304 0202 0204 0103 0204 0301 0302 0402 0101 0302 0202 0404 0301 0303 0301 0104 0203 0101 0204 0302 0401 0304 0404 0202 0103 0302 0203 0103 0302 0401
144 , 0202 0404 0103 0401 0204 0301 0303 0103 0102 0403 0304 0201 0204 0103 0104 0301 0302 0404 0204 0302 0202 0404 0302 0303 0301 0104 0203 0101 0204 0302 0301 0304 0403 0204 0303 0304 0203 0103 0102 0401 0204 0404 0102 0401 0204 0304 0303 0103 0102 0402 0404 0201 0204 0103 0404 0301 0302 0404 0202 0302 0302 0404 0302 0303 0401 0404 0203 0101 0204 0303 0401 0304 0404 0204 0303 0304 0203 0103 0102 0401
145 , 0204 0404 0103 0401 0204 0303 0303 0103 0202 0402 0303 0201 0204 0103 0204 0301 0302 0404 0201 0302 0201 0404 0302 0301 0301 0104 0203 0101 0204 0302 0401 0304 0404 0304 0303 0304 0203 0103 0102 0303 0204 0404 0104 0401 0201 0201 0303 0103 0101 0402 0304 0201 0404 0103 0204 0301 0302 0404 0201 0302 0203 0404 0302 0303 0301 0104 0203 0101 0204 0302 0401 0304 0404 0204 0303 0304 0203 0103 0102 0301
146 , 0204 0404 0104 0403 0203 0301 0303 0103 0102 0402 0304 0201 0204 0103 0204 0301 0102 0404 0201 0302 0201 0404 0302 0303 0301 0104 0203 0101 0204 0302 0401 0304 0404 0204 0203 0304 0203 0103 0102 0401 0204 0402 0104 0401 0202 0401 0303 0103 0102 0402 0304 0201 0204 0103 0204 0301 0302 0104 0201 0402 0202 0404 0302 0303 0301 0104 0203 0401 0204 0302 0401 0204 0404 0204 0403 0304 0203 0103 0102 0401
147 , 0204 0104 0104 0401 0201 0301 0303 0103 0102 0102 0404 0201 0302 0103 0204 0301 0302 0404 0201 0302 0202 0404 0302 0304 0301 0104 0203 0104 0204 0302 0401 0304 0404 0303 0303 0304 0203 0303 0101 0401 0204 0404 0104 0102 0404 0301 0303 0103 0102 0402 0304 0201 0204 0101 0204 0301 0302 0404 0203 0202 0202 0404 0302 0203 0301 0104 0203 0101 0204 0302 0401 0304 0104 0204 0303 0304 0203 0101 0302 0401
148 , 0204 0404 0104 0401 0204 0301 0303 0103 0102 0402 0304 0202 0204 0303 0204 0301 0202 0404 0201 0302 0202 0404 0301 0303 0301 0104 0202 0101 0204 0404 0401 0304 0104 0204 0403 0404 0203 0103 0102 0401 0204 0404 0104 0404 0204 0301 0303 0103 0102 0402 0104 0201 0204 0103 0204 0301 0302 0404 0201 0302 0202 0404 0302 0303 0301 0104 0203 0201 0204 0302 0401 0302 0204 0204 0303 0304 0203 0103 0102 0401
149 , 0203 0403 0104 0401 0204 0301 0303 0103 0102 0401 0304 0201 0204 0103 0204 0301 0302 0404 0201 0302 0202 0404 0202 0303 0301 0404 0203 0101 0204 0302 0401 0304 0104 0204 0304 0304 0203 0103 0102 0401 0204 0404 0204 0402 0204 0301 0303 0103 0102 0402 0304 0201 0204 0101 0204 0301 0302 0404 0201 0302 0202 0404 0202 0303 0301 0101 0203 0101 0204 0302 0401 0304 0404 0204 0303 0304 0203 0103 0102 0401
150 , 0204 0204 0204 0401 0104 0301 0301 0103 0102 0402 0304 0201 0204 0103 0204 0301 0302 0404 0201 0301 0202 0404 0302 0303 0301 0304 0203 0101 0404 0302 0401 0304 0404 0204 0303 0304 0203 0103 0102 0401 0202 0404 0104 0401 0204 0201 0303 0103 0102 0402 0304 0201 0204 0103 0204 0301 0302 0404 0201 0302 0202 0404 0302 0303 0301 0104 0203 0101 0204 0302 0101 0304 0404 0204 0303 0304 0203 0103 0102 0401
151 , 0204 0404 0104 0401 0204 0301 0303 0103 0102 0402 0302 0201 0204 0103 0204 0301 0302 0404 0201 0302 0202 0404 0302 0303 0401 0101 0203 0101 0104 0402 0401 0304 0404 0204 0303 0304 0203 0303 0102 0401 0202 0404 0304 0401 0203 0301 0303 0402 0102 0402 0304 0203 0202 0103 0204 0303 0302 0404 0201 0302 0202 0404 0302 0303 0301 0103 0203 0101 0302 0303 0401 0304 0404 0204 0403 0304 0203 0103 0102 0401
152 , 0204 0404 0103 0401 0204 0301 0303 0104 0202 0402 0304 0201 0204 0103 0204 0301 0102 0404 0201 0302 0201 0404 0302 0301 0301 0104 0203 0101 0204 0302 0401 0304 0404 0303 0303 0304 0203 0103 0102 0402 0204 0103 0104 0401 0202 0301 0303 0103 0103 0402 0304 0201 0204 0103 0204 0301 0302 0404 0201 0302 0202 0404 0303 0303 0301 0104 0203 0101 0204 0302 0401 0304 0404 0201 0303 0304 0203 0303 0102 0401
153 , 0204 0404 0204 0201 0203 0301 0303 0103 0102 0402 0304 0202 0204 0102 0204 0302 0302 0404 0201 0302 0202 0404 0302 0303 0304 0104 0203 0101 0204 0302 0401 0304 0404 0204 0303 0304 0203 0403 0102 0401 0204 0404 0104 0404 0202 0301 0303 0103 0101 0402 0304 0201 0404 0103 0204 0301 0302 0402 0204 0303 0203 0404 0302 0303 0301 0204 0203 0401 0204 0302 0401 0304 0404 0204 0303 0304 0203 0103 0102 0401
154 , 0204 0404 0104 0401 0403 0301 0303 0103 0202 0402 0304 0201 0204 0103 0204 0301 0302 0402 0101 0302 0202 0404 0301 0303 0301 0104 0203 0101 0204 0302 0401 0304 0404 0204 0103 0304 0203 0103 0302 0401 0204 0104 0104 0401 0204 0301 0303 0103 0102 0403 0304 0201 0404 0103 0204 0301 0302 0404 0201 0302 0202 0204 0302 0303 0301 0104 0203 0101 0203 0301 0401 0304 0204 0204 0304 0304 0203 0103 0102 0401
155 , 0204 0404 0104 0401 0204 0302 0303 0103 0102 0402 0304 0201 0202 0103 0204 0301 0302 0404 0201 0402 0202 0404 0302 0303 0201 0104 0203 0101 0204 0302 0401 0304 0404 0204 0303 0304 0203 0303 0102 0401 0204 0404 0104 0401 0204 0301 0303 0103 0102 0402 0304 0201 0204 0103 0204 0303 0302 0401 0101 0301 0402 0404 0302 0103 0304 0104 0203 0101 0404 0302 0401 0304 0404 0204 0303 0302 0203 0103 0102 0401
156 , 0204 0404 0101 0401 0404 0301 0303 0103 0102 0402 0304 0201 0204 0103 0404 0301 0102 0404 0201 0304 0202 0404 0302 0303 0301 0104 0203 0101 0204 0302 0401 0304 0404 0304 0303 0303 0203 0104 0102 0401 0204 0404 0103 0401 0204 0401 0303 0103 0202 0402 0304 0201 0204 0103 0204 0301 0302 0404 0201 0302 0201 0404 0302 0301 0301 0104 0203 0101 0201 0302 0401 0304 0404 0304 0303 0304 0203 0103 0101 0402
157 , 0204 0404 0104 0401 0204 0301 0303 0103 0102 0402 0304 0301 0204 0103 0204 0303 0302 0404 0201 0302 0202 0404 0302 0303 0301 0104 0203 0201 0203 0303 0403 0304 0402 0204 0303 0304 0203 0103 0102 0401 0204 0404 0104 0404 0204 0301 0303 0103 0102 0402 0304 0201 0204 0103 0204 0301 0302 0404 0204 0302 0202 0404 0302 0303 0201 0104 0203 0101 0204 0302 0401 0302 0404 0204 0303 0304 0203 0103 0102 0401
158 , 0204 0404 0103 0401 0204 0301 0303 0103 0102 0402 0304 0201 0204 0103 0204 0301 0302 0104 0201 0302 0202 0204 0302 0303 0301 0104 0303 0101 0203 0302 0401 0304 0202 0204 0304 0302 0203 0103 0202 0401 0204 0404 0104 0401 0204 0301 0303 0103 0102 0402 0304 0201 0204 0103 0104 0301 0302 0404 0201 0302 0202 0404 0302 0303 0201 0104 0203 0101 0204 0402 0401 0304 0404 0204 0303 0304 0204 0103 0102 0401
159 , 0204 0404 0304 0401 0203 0301 0303 0403 0102 0402 0304 0201 0202 0103 0204 0303 0302 0404 0201 0302 0202 0404 0302 0303 0301 0103 0303 0101 0202 0303 0401 0304 0404 0204 0403 0304 0204 0303 0102 0401 0304 0404 0104 0201 0204 0201 0303 0103 0101 0402 0304 0301 0404 0103 0204 0301 0302 0404 0201 0302 0203 0404 0302 0302 0301 0104 0203 0101 0204 0302 0401 0304 0404 0204 0403 0304 0203 0403 0102 0301
160 , 0204 0404 0104 0401 0204 0304 0303 0103 0102 0402 0304 0201 0204 0103 0204 0301 0301 0404 0201 0302 0202 0204 0302 0303 0301 0104 0401 0101 0204 0302 0201 0304 0404 0204 0303 0304 0201 0103 0102 0401 0204 0404 0104 0401 0204 0301 0303 0103 0102 0402 0304 0201 0404 0103 0204 0301 0303 0204 0201 0302 0201 0404 0302 0303 0301 0104 0203 0401 0204 0301 0401 0304 0404 0204 0303 0204 0203 0103 0102 0401
161 , 0204 0404 0104 0401 0203 0301 0303 0103 0102 0403 0304 0201 0204 0103 0201 0301 0302 0404 0201 0302 0202 0404 0302 0303 0301 0104 0203 0201 0204 0304 0401 0304 0404 0202 0303 0304 0203 0103 0102 0401 0204 0404 0104 0403 0204 0301 0401 0103 0102 0402 0304 0201 0204 0103 0204 0301 0302 0402 0201 0302 0202 0403 0202 0303 0302 0104 0203 0101 0204 0302 0101 0304 0404 0204 0303 0304 0203 0103 0102 0401
162 , 0204 0404 0204 0402 0204 0301 0303 0103 0102 0402 0304 0201 0204 0103 0204 0301 0302 0404 0201 0302 0202 0404 0202 0302 0301 0104 0203 0101 0204 0302 0401 0304 0404 0404 0303 0304 0203 0103 0402 0401 0204 0404 0104 0401 0104 0301 0303 0103 0102 0402 0304 0101 0204 0103 0204 0204 0302 0404 0201 0301 0202 0404 0302 0303 0301 0101 0203 0101 0204 0302 0301 0304 0404 0204 0303 0304 0203 0101 0102 0101
163 , 0304 0404 0104 0403 0204 0301 0301 0103 0102 0202 0304 0201 0204 0103 0204 0301 0302 0402 0201 0302 0202 0403 0202 0303 0304 0104 0203 0101 0204 0302 0401 0304 0402 0204 0303 0104 0203 0103 0102 0401 0204 0404 0104 0401 0204 0301 0303 0103 0102 0402 0304 0201 0201 0103 0204 0301 0302 0404 0201 0302 0202 0204 0302 0303 0301 0104 0203 0101 0204 0302 0401 0304 0404 0404 0303 0104 0203 0103 0102 0402
164 , 0204 0404 0104 0301 0204 0301 0301 0103 0302 0403 0304 0204 0204 0103 0201 0301 0302 0404 0201 0302 0202 0402 0302 0303 0201 0104 0203 0101 0204 0302 0401 0304 0404 0103 0303 0304 0203 0101 0102 0401 0204 0404 0204 0401 0204 0301 0303 0103 0102 0102 0304 0201 0204 0103 0204 0301 0302 0404 0203 0303 0202 0404 0302 0303 0301 0104 0203 0101 0104 0302 0401 0304 0404 0204 0303 0304 0203 0103 0102 0302
165 , 0204 0404 0104 0401 0204 0304 0303 0103 0102 0402 0304 0201 0204 0303 0104 0301 0302 0303 0201 0302 0201 0404 0302 0303 0301 0104 0203 0101 0304 0302 0401 0304 0404 0404 0303 0304 0203 0103 0102 0401 0204 0404 0101 0401 0204 0301 0303 0103 0102 0402 0304 0201 0202 0103 0204 0301 0102 0404 0202 0302 0102 0404 0302 0303 0301 0104 0203 0101 0304 0302 0401 0304 0404 0204 0303 0304 0203 0104 0102 0401
166 , 0204 0404 0104 0401 0204 0301 0303 0103 0102 0402 0304 0201 0204 0103 0204 0301 0302 0404 0201 0302 0202 0404 0302 0303 0201 0104 0203 0101 0204 0302 0401 0304 0404 0203 0303 0304 0203 0103 0102 0401 0204 0403 0104 0401 0202 0301 0303 0103 0102 0402 0304 0201 0204 0103 0204 0301 0302 0404 0201 0302 0202 0404 0303 0302 0301 0104 0203 0101 0204 0302 0401 0304 0404 0201 0303 0304 0203 0303 0102 0401
167 , 0204 0404 0104 0401 0204 0301 0303 0103 0102 0202 0304 0201 0201 0103 0204 0301 0302 0404 0201 0302 0202 0404 0302 0303 0401 0104 0203 0101 0104 0402 0401 0304 0404 0204 0303 0304 0203 0303 0102 0401 0204 0404 0104 0401 0204 0302 0403 0103 0102 0402 0304 0301 0204 0103 0204 0303 0301 0404 0201 0302 0202 0404 0302 0303 0301 0104 0203 0201 0203 0302 0401 0304 0404 0204 0303 0304 0203 0103 0102 0401
168 , 0204 0404 0104 0401 0204 0301 0303 0303 0202 0302 0304 0301 0104 0103 0204 0303 0302 0404 0201 0302 0202 0104 0302 0303 0301 0104 0203 0201 0203 0302 0401 0304 0404 0204 0303 0304 0203 0103 0102 0401 0204 0404 0404 0404 0204 0301 0403 0103 0102 0402 0304 0201 0204 0103 0204 0301 0302 0404 0201 0302 0202 0404 0302 0303 0301 0104 0203 0101 0204 0302 0403 0304 0404 0204 0303 0304 0203 0103 0102 0401
169 , 0204 0404 0104 0401 0104 0301 0303 0103 0102 0402 0304 0201 0201 0103 0204 0301 0303 0404 0201 0302 0202 0404 0302 0303 0301 0104 0203 0101 0204 0302 0401 0304 0404 0204 0103 0301 0403 0101 0102 0401 0204 0404 0104 0401 0204 0301 0303 0103 0102 0302 0304 0202 0204 0103 0204 0101 0302 0404 0201 0302 0202 0404 0302 0303 0101 0104 0203 0101 0204 0402 0401 0304 0304 0204 0303 0304 0203 0103 0102 0401
170 , 0204 0404 0104 0401 0204 0301 0303 0103 0102 0402 0304 0201 0204 0103 0104 0101 0302 0404 0201 0302 0202 0404 0302 0303 0201 0104 0203 0101 0204 0402 0401 0304 0404 0204 0303 0302 0204 0103 0102 0401 0204 0404 0104 0403 0204 0301 0301 0103 0102 0402 0304 0201 0204 0103 0204 0301 0302 0402 0201 0302 0202 0403 0202 0303 0304 0104 0203 0101 0204 0302 0401 0304 0403 0304 0303 0304 0203 0103 0102 0401
171 , 0204 0404 0101 0401 0204 0301 0303 0103 0102 0402 0304 0201 0404 0103 0204 0301 0101 0404 0201 0302 0202 0404 0302 0303 0201 0104 0203 0101 0204 0304 0404 0304 0402 0204 0303 0304 0203 0104 0202 0401 0204 0402 0104 0401 0204 0301 0303 0103 0102 0402 0304 0201 0204 0103 0204 0301 0302 0404 0201 0302 0302 0404 0304 0303 0301 0104 0202 0101 0202 0302 0401 0304 0404 0204 0303 0304 0203 0303 0102 0401
172 , 0204 0404 0101 0401 0203 0301 0303 0103 0102 0402 0304 0201 0402 0303 0204 0303 0302 0404 0201 0302 0202 0404 0302 0303 0301 0103 0203 0101 0202 0403 0401 0304 0404 0204 0403 0304 0203 0103 0102 0401 0204 0404 0104 0402 0204 0301 0303 0103 0102 0102 0304 0201 0204 0103 0204 0301 0302 0404 0201 0302 0202 0404 0302 0302 0301 0104 0201 0101 0204 0302 0401 0404 0104 0204 0303 0304 0203 0103 0102 0402
173 , 0204 0404 0104 0401 0204 0301 0303 0103 0102 0402 0304 0201 0404 0103 0204 0301 0302 0404 0201 0302 0203 0404 0302 0303 0301 0104 0203 0401 0204 0302 0401 0304 0304 0204 0303 0304 0203 0103 0102 0401 0204 0404 0104 0401 0204 0301 0303 0103 0102 0102 0304 0201 0203 0102 0204 0301 0402 0404 0201 0302 0202 0404 0302 0303 0301 0104 0203 0101 0204 0301 0401 0404 0404 0204 0303 0304 0203 0103 0102 0402
174 , 0204 0404 0104 0401 0304 0301 0303 0103 0102 0402 0304 0201 0204 0303 0204 0301 0302 0401 0201 0302 0402 0404 0302 0103 0301 0104 0203 0101 0204 0302 0404 0304 0404 0204 0303 0302 0203 0103 0102 0401 0204 0404 0104 0401 0204 0301 0302 0103 0102 0402 0304 0201 0204 0103 0404 0301 0302 0404 0201 0402 0202 0104 0302 0303 0301 0104 0203 0101 0201 0302 0401 0304 0403 0204 0303 0304 0203 0103 0102 0201
175 , 0204 0404 0104 0401 0204 0301 0302 0103 0102 0402 0304 0201 0204 0103 0204 0301 0202 0404 0201 0402 0202 0204 0302 0303 0301 0104 0203 0101 0201 0302 0401 0301 0404 0203 0303 0304 0203 0103 0102 0201 0204 0404 0104 0401 0204 0301 0303 0103 0102 0402 0304 0202 0204 0103 0204 0301 0302 0404 0201 0302 0202 0404 0302 0303 0301 0104 0203 0101 0201 0302 0401 0303 0404 0204 0403 0304 0203 0103 0102 0401
176 , 0204 0404 0203 0401 0204 0301 0303 0103 0202 0402 0304 0201 0204 0103 0204 0301 0302 0404 0201 0302 0201 0404 0302 0301 0301 0104 0203 0101 0204 0302 0401 0304 0404 0304 0303 0304 0203 0103 0102 0402 0203 0404 0104 0401 0204 0201 0303 0103 0101 0402 0304 0201 0404 0103 0204 0301 0302 0404 0201 0302 0103 0404 0302 0303 0301 0104 0203 0101 0204 0302 0401 0404 0404 0204 0303 0304 0203 0103 0102 0301
177 , 0204 0404 0104 0401 0204 0301 0303 0103 0302 0402 0304 0201 0204 0103 0204 0301 0304 0404 0201 0302 0302 0404 0304 0103 0401 0104 0203 0101 0204 0302 0401 0404 0404 0204 0303 0304 0203 0103 0102 0102 0204 0404 0104 0401 0204 0301 0303 0103 0202 0402 0304 0201 0204 0104 0203 0301 0302 0204 0201 0302 0202 0404 0302 0303 0301 0104 0203 0101 0204 0302 0401 0404 0404 0204 0303 0304 0203 0103 0102 0402
178 , 0204 0404 0104 0401 0104 0301 0301 0103 0302 0402 0304 0204 0204 0103 0204 0301 0102 0404 0201 0302 0201 0402 0402 0403 0201 0104 0203 0101 0204 0302 0401 0304 0404 0104 0303 0304 0203 0103 0103 0401 0204 0404 0401 0401 0204 0301 0303 0403 0102 0402 0304 0201 0204 0103 0204 0301 0302 0404 0201 0302 0202 0404 0202 0303 0301 0104 0203 0104 0204 0402 0401 0304 0404 0204 0303 0404 0203 0103 0302 0401
179 , 0204 0404 0104 0401 0204 0301 0303 0103 0102 0402 0304 0201 0204 0103 0204 0301 0302 0404 0201 0302 0202 0401 0302 0303 0301 0104 0201 0101 0204 0302 0401 0304 0404 0203 0303 0304 0203 0103 0102 0401 0204 0404 0104 0401 0203 0301 0303 0103 0102 0402 0304 0201 0202 0103 0204 0203 0302 0404 0201 0302 0202 0404 0302 0303 0301 0103 0203 0101 0204 0303 0401 0304 0404 0201 0403 0304 0203 0103 0103 0401
180 , 0204 0404 0104 0401 0204 0301 0303 0102 0102 0402 0304 0404 0204 0103 0204 0303 0302 0404 0201 0303 0302 0404 0302 0103 0301 0104 0203 0101 0203 0302 0401 0301 0404 0204 0303 0304 0203 0103 0402 0401 0204 0404 0104 0404 0204 0301 0303 0103 0102 0402 0304 0201 0204 0103 0204 0301 0302 0404 0201 0302 0202 0404 0302 0303 0301 0104 0203 0101 0204 0302 0401 0302 0404 0404 0303 0304 0203 0303 0102 0401
181 , 0204 0404 0104 0401 0203 0301 0303 0103 0302 0402 0304 0204 0204 0103 0204 0303 0302 0404 0201 0302 0202 0104 0302 0303 0302 0103 0203 0101 0204 0302 0402 0304 0404 0204 0303 0304 0203 0103 0402 0401 0204 0404 0104 0401 0204 0301 0303 0103 0102 0102 0304 0201 0304 0103 0204 0301 0302 0404 0201 0302 0202 0404 0302 0103 0301 0103 0204 0101 0204 0302 0401 0304 0404 0204 0303 0304 0203 0103 0102 0401
182 , 0204 0404 0104 0401 0202 0301 0303 0103 0102 0402 0304 0201 0204 0103 0204 0401 0302 0404 0204 0302 0302 0204 0302 0303 0301 0103 0203 0101 0203 0302 0401 0404 0204 0201 0304 0304 0203 0103 0102 0401 0204 0404 0104 0401 0201 0303 0303 0103 0102 0402 0304 0201 0104 0103 0204 0301 0302 0404 0201 0302 0304 0404 0302 0302 0301 0403 0202 0101 0204 0302 0401 0304 0403 0204 0303 0301 0203 0103 0102 0401
183 , 0204 0404 0204 0401 0204 0201 0303 0103 0102 0302 0304 0201 0204 0103 0204 0301 0302 0404 0201 0302 0202 0204 0302 0303 0301 0104 0203 0101 0201 0302 0401 0304 0404 0204 0303 0304 0203 0103 0102 0401 0204 0404 0104 0401 0104 0301 0303 0103 0102 0402 0304 0201 0204 0103 0204 0301 0302 0104 0201 0302 0202 0404 0302 0303 0301 0104 0203 0101 0204 0302 0401 0302 0404 0204 0303 0304 0203 0103 0102 0401
184 , 0204 0404 0104 0401 0204 0301 0303 0103 0102 0402 0304 0201 0304 0103 0204 0301 0302 0404 0201 0302 0202 0404 0302 0103 0301 0103 0203 0101 0204 0302 0401 0304 0404 0204 0303 0304 0203 0103 0102 0401 0204 0404 0104 0401 0204 0301 0303 0103 0102 0402 0304 0402 0204 0103 0204 0301 0302 0404 0201 0302 0202 0404 0302 0303 0301 0104 0203 0101 0204 0302 0401 0303 0404 0204 0303 0304 0203 0103 0102 0401
185 , 0204 0204 0104 0401 0204 0301 0303 0103 0104 0402 0304 0201 0104 0103 0204 0301 0302 0404 0201 0302 0202 0402 0202 0303 0404 0204 0203 0101 0204 0303 0401 0304 0404 0204 0303 0304 0203 0103 0102 0201 0204 0404 0104 0401 0204 0301 0303 0103 0102 0402 0304 0202 0204 0103 0204 0201 0302 0304 0201 0302 0202 0404 0302 0303 0301 0104 0203 0101 0204 0302 0401 0303 0404 0204 0303 0304 0203 0103 0102 0401
186 , 0204 0404 0103 0401 0204 0301 0303 0103 0202 0402 0304 0201 0204 0103 0204 0301 0302 0404 0201 0302 0201 0404 0302 0301 0301 0104 0203 0101 0204 0302 0401 0304 0404 0304 0303 0304 0203 0103 0102 0402 0204 0404 0104 0401 0204 0304 0303 0103 0102 0202 0304 0201 0204 0103 0204 0301 0302 0404 0201 0302 0202 0404 0302 0303 0301 0104 0203 0101 0204 0302 0401 0304 0404 0204 0303 0304 0203 0103 0102 0401
187 , 0204 0304 0103 0201 0204 0301 0303 0103 0202 0402 0304 0201 0204 0103 0204 0301 0302 0403 0201 0302 0201 0404 0302 0301 0301 0104 0203 0101 0204 0302 0401 0304 0404 0304 0303 0304 0203 0103 0102 0402 0202 0404 0103 0401 0404 0301 0303 0103 0102 0402 0304 0201 0204 0103 0204 0301 0302 0404 0201 0302 0202 0404 0302 0303 0301 0104 0203 0101 0104 0302 0401 0304 0404 0204 0303 0304 0203 0103 0101 0404
188 , 0203 0404 0104 0401 0104 0301 0303 0103 0102 0402 0404 0204 0204 0103 0204 0301 0302 0404 0201 0302 0202 0404 0302 0303 0301 0104 0203 0101 0404 0302 0201 0404 0404 0204 0303 0304 0203 0403 0402 0401 0203 0404 0104 0401 0204 0301 0303 0103 0102 0401 0304 0201 0204 0103 0204 0301 0302 0404 0201 0302 0202 0404 0302 0303 0101 0104 0203 0101 0204 0302 0401 0304 0404 0204 0304 0304 0203 0103 0102 0401
189 , 0204 0404 0104 0201 0204 0201 0303 0103 0101 0402 0304 0301 0404 0103 0204 0301 0302 0404 0301 0302 0203 0404 0302 0303 0301 0104 0203 0101 0204 0302 0401 0304 0404 0204 0303 0304 0203 0403 0101 0301 0204 0202 0104 0401 0204 0301 0303 0101 0104 0402 0304 0201 0204 0103 0304 0301 0302 0404 0201 0402 0202 0402 0302 0303 0301 0104 0203 0102 0204 0302 0401 0104 0404 0204 0103 0304 0203 0103 0102 0401
190 , 0204 0404 0104 0401 0204 0301 0303 0103 0102 0402 0304 0201 0204 0103 0204 0301 0302 0402 0201 0302 0202 0404 0302 0303 0401 0104 0203 0101 0104 0402 0401 0304 0404 0104 0303 0304 0203 0303 0102 0401 0204 0401 0104 0301 0204 0301 0303 0103 0402 0402 0304 0202 0204 0103 0204 0302 0302 0404 0201 0402 0202 0402 0302 0303 0302 0104 0203 0101 0204 0302 0401 0304 0204 0204 0303 0304 0203 0103 0102 0401
191 , 0204 0404 0104 0401 0404 0301 0303 0103 0402 0402 0304 0201 0204 0103 0204 0301 0302 0404 0201 0302 0202 0404 0303 0303 0301 0104 0403 0101 0304 0302 0401 0304 0404 0304 0403 0104 0203 0103 0102 0401 0204 0404 0104 0401 0204 0301 0303 0103 0102 0402 0404 0201 0204 0103 0204 0301 0302 0404 0201 0302 0202 0404 0103 0303 0301 0104 0203 0101 0204 0302 0401 0304 0404 0204 0303 0304 0203 0203 0102 0401
192 , 0204 0404 0104 0401 0204 0301 0303 0103 0102 0302 0304 0202 0204 0103 0104 0301 0302 0404 0201 0302 0202 0404 0302 0303 0301 0104 0203 0101 0304 0302 0404 0302 0404 0401 0303 0304 0203 0103 0102 0401 0204 0404 0104 0401 0204 0201 0303 0103 0102 0402 0304 0201 0202 0101 0204 0301 0302 0404 0201 0302 0203 0404 0302 0303 0301 0104 0203 0101 0204 0302 0401 0304 0404 0204 0403 0304 0203 0103 0102 0301
193 , 0204 0404 0101 0401 0104 0301 0303 0103 0102 0402 0304 0201 0404 0103 0204 0301 0102 0404 0201 0302 0202 0404 0302 0303 0201 0104 0203 0101 0204 0302 0401 0304 0402 0204 0303 0304 0203 0104 0202 0401 0204 0404 0104 0402 0204 0301 0303 0103 0402 0402 0304 0201 0204 0103 0204 0301 0302 0404 0201 0202 0202 0404 0303 0303 0301 0104 0403 0102 0204 0302 0401 0304 0404 0201 0403 0104 0203 0103 0102 0401
194 , 0404 0404 0404 0401 0204 0301 0303 0103 0102 0402 0304 0201 0204 0103 0204 0301 0302 0404 0201 0302 0201 0401 0302 0303 0301 0104 0303 0101 0204 0302 0401 0304 0204 0204 0303 0304 0203 0103 0102 0401 0204 0404 0104 0401 0202 0301 0302 0103 0302 0202 0304 0201 0204 0103 0204 0301 0302 0404 0201 0302 0302 0404 0304 0303 0301 0104 0203 0101 0204 0302 0401 0404 0404 0204 0303 0304 0403 0103 0102 0102
195 , 0204 0304 0104 0401 0204 0303 0303 0103 0102 0403 0304 0201 0104 0103 0204 0301 0302 0404 0201 0302 0202 0404 0302 0304 0301 0104 0203 0101 0204 0302 0403 0304 0404 0204 0303 0304 0203 0203 0102 0201 0204 0404 0104 0403 0204 0201 0303 0103 0101 0402 0304 0201 0404 0103 0204 0301 0302 0404 0201 0302 0203 0404 0302 0303 0301 0104 0203 0101 0204 0302 0401 0404 0404 0204 0303 0304 0203 0102 0102 0301
196 , 0204 0304 0104 0401 0204 0301 0303 0103 0402 0402 0304 0201 0204 0103 0204 0303 0302 0404 0201 0302 0202 0204 0302 0303 0301 0104 0403 0101 0204 0302 0401 0304 0404 0201 0403 0304 0203 0103 0102 0401 0204 0404 0104 0401 0204 0301 0303 0103 0102 0402 0304 0401 0404 0103 0204 0301 0302 0404 0201 0302 0202 0404 0303 0303 0301 0104 0202 0104 0204 0302 0401 0302 0404 0204 0303 0304 0204 0103 0102 0401
197 , 0204 0304 0104 0402 0204 0301 0303 0103 0402 0402 0304 0201 0204 0103 0204 0301 0302 0404 0201 0302 0202 0204 0302 0303 0304 0104 0403 0101 0204 0302 0401 0304 0404 0204 0403 0304 0203 0103 0102 0401 0204 0404 0104 0201 0204 0301 0303 0103 0102 0402 0304 0201 0404 0103 0204 0301 0302 0404 0201 0302 0203 0404 0302 0303 0301 0101 0203 0401 0204 0302 0401 0304 0404 0204 0303 0304 0203 0103 0202 0401
198 , 0204 0304 0104 0401 0204 0301 0303 0103 0102 0402 0404 0201 0304 0103 0204 0301 0302 0402 0201 0302 0202 0204 0302 0303 0301 0104 0203 0104 0204 0302 0401 0304 0404 0204 0303 0304 0203 0303 0101 0401 0204 0404 0204 0401 0404 0301 0303 0103 0102 0402 0304 0204 0204 0103 0204 0301 0302 0404 0201 0301 0202 0404 0302 0303 0302 0104 0203 0101 0204 0302 0401 0304 0404 0204 0303 0304 0203 0103 0102 0401
199 , 0201 0404 0104 0101 0204 0301 0303 0103 0102 0402 0304 0201 0204 0101 0204 0301 0302 0404 0203 0302 0202 0404 0302 0203 0301 0104 0203 0101 0203 0302 0401 0304 0404 0204 0303 0304 0203 0101 0102 0401 0204 0404 0103 0401 0204 0301 0304 0103 0202 0402 0304 0201 0204 0103 0204 0301 0102 0404 0201 0302 0201 0404 0302 0301 0301 0104 0203 0102 0204 0302 0401 0304 0404 0304 0303 0304 0203 0103 0102 0402
200 , 0203 0404 0104 0204 0204 0301 0304 0103 0102 0402 0302 0201 0204 0103 0104 0301 0302 0404 0201 0302 0202 0404 0302 0303 0301 0104 0403 0101 0304 0302 0403 0304 0404 0404 0303 0304 0203 0103 0104 0401 0204 0304 0104 0401 0204 0301 0303 0103 0102 0402 0304 0201 0204 0103 0204 0301 0302 0404 0201 0302 0202 0404 0402 0303 0301 0104 0303 0101 0204 0302 0403 0304 0104 0204 0303 0304 0203 0203 0102 0401