Generated genotype output
1
2
3
4
5
6
7
8
9
10
11
12
13
14
15
16
17
18
19
20
21
22
23
24
25
26
27
28
29
30
31
32
33
34
35
36
37
38
39
40
41
42
43
44
45
46
47
48
49
50
51
52
53
54
55
56
57
58
59
60
61
62
63
64
65
66
67
68
69
70
71
72
73
74
75
76
77
78
79
80
Pop
1 , 0103 0303 0302 0401 0303 0301 0402 0304 0201 0104 0404 0404 0102 0302 0402 0201 0103 0402 0402 0102 0304 0402 0204 0101 0302 0102 0303 0204 0404 0403 0102 0104 0301 0301 0204 0101 0401 0204 0302 0402 0103 0303 0302 0401 0303 0301 0402 0104 0203 0304 0404 0404 0101 0302 0402 0401 0403 0402 0202 0102 0304 0402 0201 0102 0302 0102 0303 0204 0404 0403 0102 0104 0301 0301 0301 0101 0401 0204 0302 0402
2 , 0103 0303 0302 0401 0303 0301 0402 0304 0201 0104 0403 0404 0101 0304 0403 0401 0103 0403 0402 0102 0304 0402 0201 0104 0301 0101 0303 0204 0404 0403 0102 0104 0301 0301 0201 0101 0401 0204 0302 0402 0103 0303 0102 0401 0303 0301 0404 0304 0201 0104 0404 0404 0101 0302 0402 0401 0403 0402 0102 0102 0304 0102 0201 0102 0302 0103 0303 0204 0104 0403 0102 0102 0301 0301 0201 0101 0401 0204 0302 0402
3 , 0103 0303 0302 0401 0303 0301 0402 0304 0201 0104 0402 0402 0101 0302 0402 0401 0403 0402 0402 0102 0304 0402 0201 0202 0302 0102 0303 0204 0404 0403 0102 0204 0301 0301 0201 0101 0401 0204 0302 0402 0103 0303 0302 0401 0303 0301 0402 0404 0201 0104 0404 0404 0101 0302 0402 0401 0403 0402 0404 0102 0304 0402 0201 0102 0302 0202 0303 0204 0402 0403 0102 0104 0201 0301 0202 0104 0401 0204 0302 0402
4 , 0102 0303 0302 0401 0303 0301 0402 0304 0201 0104 0304 0402 0101 0304 0402 0401 0403 0402 0402 0102 0304 0402 0201 0102 0302 0102 0303 0204 0401 0403 0102 0104 0302 0301 0201 0101 0401 0204 0402 0402 0103 0303 0302 0401 0203 0301 0402 0104 0201 0104 0404 0401 0101 0302 0402 0404 0403 0402 0402 0202 0304 0402 0201 0102 0302 0102 0303 0204 0404 0403 0102 0104 0301 0301 0201 0101 0404 0204 0302 0402
5 , 0103 0103 0302 0101 0303 0301 0402 0304 0201 0104 0404 0404 0103 0302 0402 0401 0403 0403 0402 0102 0304 0402 0201 0102 0404 0402 0303 0204 0404 0403 0102 0104 0301 0301 0201 0401 0401 0204 0402 0402 0103 0303 0302 0401 0103 0301 0402 0304 0201 0104 0404 0404 0301 0302 0402 0401 0403 0402 0402 0202 0303 0401 0201 0104 0302 0102 0301 0204 0404 0403 0302 0104 0301 0401 0201 0101 0401 0204 0302 0402
6 , 0203 0303 0304 0401 0303 0401 0402 0304 0201 0104 0404 0404 0101 0302 0402 0401 0403 0402 0402 0102 0304 0402 0201 0102 0302 0102 0303 0204 0401 0403 0102 0104 0301 0301 0201 0101 0401 0204 0304 0402 0103 0303 0302 0401 0303 0301 0402 0304 0201 0104 0304 0404 0201 0302 0202 0401 0403 0402 0402 0102 0304 0402 0401 0102 0302 0102 0304 0204 0404 0203 0101 0104 0101 0301 0301 0101 0101 0204 0302 0402
7 , 0103 0303 0302 0401 0303 0301 0402 0304 0201 0104 0404 0404 0301 0302 0402 0201 0403 0402 0402 0102 0304 0102 0204 0101 0302 0102 0303 0204 0404 0403 0102 0104 0302 0301 0201 0101 0401 0204 0302 0402 0103 0303 0302 0402 0303 0301 0402 0304 0202 0104 0404 0404 0101 0302 0402 0401 0403 0402 0402 0102 0304 0402 0201 0102 0302 0102 0303 0204 0404 0403 0102 0104 0301 0301 0201 0101 0401 0202 0302 0404
8 , 0103 0303 0302 0403 0304 0301 0402 0304 0201 0104 0404 0404 0101 0302 0402 0404 0403 0402 0401 0101 0304 0402 0201 0102 0302 0102 0303 0204 0404 0403 0102 0104 0301 0301 0201 0301 0401 0204 0302 0402 0103 0303 0302 0401 0303 0301 0402 0304 0201 0104 0304 0404 0101 0302 0402 0401 0403 0402 0402 0102 0301 0402 0401 0102 0301 0202 0303 0204 0404 0403 0102 0104 0301 0301 0201 0101 0402 0204 0304 0402
9 , 0102 0303 0302 0401 0303 0301 0402 0304 0201 0104 0404 0404 0101 0302 0402 0401 0403 0402 0402 0102 0304 0402 0201 0102 0302 0102 0303 0204 0404 0403 0102 0104 0301 0301 0204 0101 0401 0204 0102 0402 0103 0303 0302 0401 0303 0301 0402 0304 0201 0104 0404 0404 0101 0302 0402 0401 0404 0402 0402 0102 0404 0401 0204 0102 0302 0102 0303 0201 0404 0403 0102 0104 0301 0303 0201 0101 0403 0204 0102 0402
10 , 0103 0302 0302 0401 0203 0301 0402 0304 0204 0104 0404 0404 0101 0302 0402 0401 0303 0402 0402 0104 0304 0402 0201 0102 0302 0102 0303 0204 0404 0403 0102 0304 0301 0301 0201 0101 0201 0204 0302 0402 0103 0303 0302 0403 0302 0301 0402 0104 0201 0104 0404 0404 0101 0302 0402 0404 0403 0402 0402 0102 0302 0402 0201 0102 0302 0102 0303 0204 0401 0403 0102 0101 0303 0301 0401 0101 0401 0204 0302 0202
11 , 0103 0303 0302 0401 0403 0301 0402 0304 0201 0104 0404 0404 0104 0302 0402 0401 0403 0402 0404 0102 0304 0402 0201 0102 0302 0102 0303 0204 0402 0403 0102 0104 0301 0301 0201 0104 0401 0204 0302 0402 0103 0303 0302 0404 0303 0301 0402 0304 0201 0103 0201 0404 0101 0302 0401 0401 0403 0402 0402 0102 0304 0402 0201 0102 0302 0102 0403 0204 0404 0403 0102 0104 0301 0301 0201 0101 0401 0204 0303 0402
12 , 0103 0303 0302 0401 0303 0301 0401 0304 0201 0104 0404 0404 0101 0302 0402 0401 0403 0402 0402 0102 0304 0402 0201 0102 0302 0102 0203 0204 0403 0403 0302 0104 0301 0301 0201 0104 0401 0204 0402 0402 0103 0304 0302 0401 0303 0301 0402 0204 0201 0101 0304 0404 0101 0302 0402 0401 0403 0402 0402 0101 0304 0402 0201 0102 0302 0102 0303 0204 0404 0403 0102 0104 0301 0301 0301 0101 0401 0204 0301 0402
13 , 0103 0303 0302 0401 0303 0301 0302 0304 0201 0104 0404 0404 0101 0302 0402 0401 0403 0402 0402 0102 0304 0402 0201 0102 0303 0102 0304 0102 0204 0403 0302 0104 0301 0101 0204 0401 0401 0204 0302 0402 0103 0303 0302 0401 0303 0301 0402 0304 0201 0104 0404 0404 0101 0302 0402 0301 0403 0402 0402 0102 0304 0402 0201 0102 0301 0102 0303 0204 0404 0403 0102 0104 0301 0201 0201 0102 0401 0204 0302 0402
14 , 0103 0303 0302 0401 0303 0301 0402 0304 0201 0104 0404 0404 0101 0302 0402 0401 0403 0401 0402 0102 0404 0402 0201 0104 0302 0102 0303 0204 0404 0403 0102 0104 0301 0301 0201 0101 0401 0204 0302 0403 0103 0303 0302 0401 0303 0301 0402 0304 0204 0104 0403 0404 0101 0301 0402 0101 0403 0402 0202 0102 0304 0402 0203 0202 0302 0102 0303 0304 0404 0403 0102 0104 0401 0301 0201 0101 0401 0204 0302 0402
15 , 0103 0303 0302 0401 0303 0301 0402 0304 0202 0104 0404 0404 0101 0302 0402 0401 0403 0402 0402 0102 0304 0402 0201 0102 0302 0102 0303 0204 0404 0404 0101 0104 0303 0301 0201 0101 0401 0204 0302 0404 0103 0303 0304 0401 0303 0301 0402 0304 0202 0104 0404 0404 0101 0302 0402 0403 0403 0102 0402 0102 0304 0402 0201 0102 0102 0102 0303 0204 0404 0403 0102 0104 0301 0301 0201 0101 0401 0204 0302 0402
16 , 0103 0303 0302 0401 0303 0301 0402 0304 0203 0404 0404 0404 0101 0302 0402 0401 0403 0402 0402 0302 0304 0402 0201 0102 0302 0102 0203 0204 0304 0403 0102 0102 0301 0301 0201 0101 0401 0204 0302 0402 0103 0303 0302 0401 0303 0301 0402 0304 0201 0104 0404 0404 0101 0302 0402 0401 0403 0402 0402 0102 0304 0404 0201 0102 0302 0102 0303 0204 0404 0203 0102 0104 0101 0301 0204 0101 0401 0204 0302 0402
17 , 0103 0303 0302 0401 0303 0304 0402 0304 0201 0104 0404 0404 0101 0302 0402 0401 0403 0402 0402 0202 0404 0401 0201 0102 0302 0102 0303 0204 0404 0403 0104 0102 0301 0304 0202 0103 0401 0204 0102 0402 0103 0303 0302 0401 0303 0301 0402 0304 0201 0104 0404 0404 0101 0302 0401 0401 0403 0402 0402 0202 0304 0402 0201 0102 0403 0102 0303 0204 0404 0403 0102 0104 0301 0301 0201 0101 0401 0204 0402 0402
18 , 0103 0303 0302 0401 0303 0301 0402 0304 0201 0104 0402 0404 0101 0301 0402 0401 0403 0402 0202 0102 0304 0402 0103 0202 0302 0102 0403 0304 0404 0403 0102 0104 0301 0301 0201 0401 0402 0304 0302 0402 0103 0103 0302 0401 0303 0301 0402 0304 0201 0104 0404 0404 0101 0302 0402 0401 0403 0402 0402 0102 0304 0402 0201 0102 0302 0202 0303 0204 0404 0403 0102 0101 0301 0301 0201 0101 0401 0204 0302 0402
19 , 0103 0303 0302 0401 0103 0301 0402 0204 0201 0104 0404 0404 0101 0302 0402 0401 0403 0402 0402 0102 0304 0402 0201 0102 0302 0102 0303 0204 0404 0103 0102 0104 0301 0301 0201 0201 0402 0104 0302 0401 0103 0302 0302 0401 0303 0301 0402 0304 0201 0104 0404 0404 0101 0302 0402 0101 0403 0402 0402 0102 0304 0402 0101 0103 0102 0102 0403 0204 0404 0403 0102 0104 0301 0301 0201 0101 0401 0204 0302 0402
20 , 0103 0303 0102 0401 0303 0301 0402 0304 0201 0104 0404 0404 0103 0102 0402 0404 0403 0402 0402 0102 0301 0402 0201 0104 0302 0102 0303 0204 0404 0403 0102 0104 0301 0301 0201 0101 0401 0204 0302 0402 0103 0103 0303 0401 0303 0201 0402 0304 0201 0104 0404 0404 0104 0302 0402 0401 0403 0401 0102 0104 0304 0402 0201 0102 0302 0102 0303 0104 0403 0403 0301 0101 0301 0304 0202 0101 0401 0204 0302 0402
21 , 0103 0303 0302 0401 0303 0301 0402 0304 0102 0104 0404 0404 0101 0304 0402 0401 0403 0402 0402 0102 0304 0202 0201 0202 0302 0102 0303 0204 0404 0403 0102 0104 0301 0301 0201 0101 0401 0204 0302 0404 0103 0303 0302 0401 0302 0301 0402 0304 0201 0104 0404 0404 0101 0202 0402 0401 0403 0402 0402 0102 0304 0402 0201 0101 0302 0102 0303 0204 0404 0403 0102 0104 0301 0301 0201 0203 0402 0104 0302 0401
22 , 0203 0303 0302 0401 0303 0301 0402 0304 0201 0104 0404 0404 0101 0302 0402 0401 0403 0402 0404 0102 0304 0402 0201 0102 0302 0102 0303 0204 0402 0403 0102 0104 0304 0301 0301 0101 0401 0204 0302 0402 0103 0303 0401 0401 0303 0301 0402 0404 0204 0104 0404 0404 0101 0302 0402 0401 0303 0402 0402 0102 0304 0402 0201 0102 0302 0102 0303 0204 0404 0303 0102 0104 0301 0301 0201 0101 0401 0401 0301 0404
23 , 0104 0303 0302 0401 0203 0303 0402 0204 0201 0104 0404 0401 0101 0302 0402 0404 0403 0402 0402 0202 0304 0402 0201 0102 0302 0102 0304 0204 0404 0403 0102 0104 0301 0301 0201 0101 0401 0204 0402 0402 0103 0303 0302 0401 0303 0301 0402 0304 0201 0104 0404 0404 0101 0302 0402 0404 0303 0402 0402 0102 0304 0402 0201 0102 0302 0102 0303 0201 0404 0403 0102 0104 0301 0302 0201 0301 0401 0204 0302 0402
24 , 0103 0303 0302 0401 0303 0301 0402 0304 0201 0104 0404 0404 0101 0302 0402 0101 0403 0402 0402 0102 0304 0402 0201 0102 0302 0102 0303 0304 0403 0403 0102 0104 0303 0303 0201 0101 0401 0204 0304 0402 0103 0303 0302 0401 0303 0301 0402 0304 0201 0404 0404 0104 0101 0402 0302 0301 0403 0402 0403 0102 0304 0402 0201 0102 0302 0102 0103 0204 0404 0403 0102 0104 0301 0201 0201 0101 0401 0202 0302 0404
25 , 0103 0303 0302 0401 0303 0301 0402 0302 0201 0104 0404 0304 0101 0302 0402 0401 0403 0402 0402 0102 0304 0402 0201 0102 0304 0102 0303 0204 0404 0403 0102 0104 0101 0101 0201 0101 0402 0204 0302 0401 0103 0303 0102 0401 0303 0301 0402 0304 0201 0104 0401 0404 0102 0302 0402 0401 0101 0402 0401 0102 0304 0402 0204 0102 0302 0102 0303 0204 0404 0403 0102 0104 0301 0301 0201 0101 0401 0204 0302 0402
26 , 0103 0303 0302 0401 0303 0301 0402 0304 0202 0104 0404 0104 0101 0302 0403 0401 0403 0402 0402 0102 0304 0402 0201 0102 0302 0102 0303 0204 0404 0403 0102 0104 0301 0301 0204 0101 0401 0204 0402 0404 0103 0302 0302 0401 0303 0301 0402 0304 0204 0104 0404 0404 0101 0302 0402 0401 0303 0402 0402 0102 0304 0402 0201 0102 0302 0102 0303 0204 0404 0403 0102 0304 0301 0301 0201 0101 0401 0204 0302 0402
27 , 0103 0303 0302 0401 0301 0301 0402 0304 0201 0104 0404 0404 0101 0402 0402 0401 0203 0102 0402 0102 0304 0403 0201 0102 0302 0102 0304 0204 0404 0403 0402 0101 0102 0301 0201 0101 0401 0204 0302 0402 0103 0303 0302 0101 0303 0301 0402 0304 0201 0101 0404 0404 0101 0304 0401 0401 0403 0402 0402 0102 0304 0402 0201 0102 0302 0102 0303 0204 0402 0403 0102 0104 0301 0301 0201 0101 0401 0204 0302 0402
28 , 0103 0303 0302 0401 0303 0301 0402 0304 0201 0204 0404 0404 0101 0302 0402 0401 0403 0402 0202 0102 0304 0402 0201 0102 0302 0101 0303 0204 0404 0403 0102 0104 0301 0301 0201 0101 0401 0203 0302 0402 0103 0203 0302 0401 0303 0301 0402 0304 0201 0101 0404 0403 0101 0302 0402 0401 0403 0102 0402 0102 0304 0202 0201 0102 0302 0102 0303 0201 0404 0403 0102 0104 0301 0301 0201 0101 0401 0204 0302 0402
29 , 0103 0303 0302 0401 0303 0301 0102 0304 0201 0404 0404 0104 0101 0302 0302 0301 0303 0402 0403 0102 0304 0402 0201 0304 0302 0102 0303 0204 0404 0203 0102 0104 0301 0201 0201 0101 0401 0204 0302 0404 0103 0303 0302 0401 0303 0301 0402 0304 0201 0104 0402 0404 0101 0304 0402 0401 0403 0402 0402 0102 0304 0402 0201 0102 0302 0102 0303 0204 0404 0203 0102 0104 0301 0301 0201 0102 0401 0204 0302 0402
30 , 0203 0403 0304 0401 0303 0301 0402 0304 0204 0104 0404 0404 0101 0302 0402 0401 0401 0402 0402 0102 0304 0402 0201 0102 0302 0103 0303 0204 0404 0403 0102 0104 0301 0301 0201 0101 0401 0204 0302 0402 0103 0203 0302 0101 0303 0301 0402 0304 0201 0104 0404 0404 0101 0402 0402 0402 0403 0402 0402 0102 0303 0404 0304 0104 0302 0102 0303 0204 0404 0403 0102 0104 0301 0301 0201 0101 0401 0204 0102 0302
31 , 0103 0303 0302 0201 0303 0401 0402 0304 0201 0104 0404 0404 0101 0302 0402 0201 0403 0402 0402 0102 0304 0402 0204 0101 0302 0102 0303 0204 0404 0403 0102 0104 0301 0301 0201 0101 0401 0204 0302 0402 0102 0303 0302 0401 0303 0301 0402 0304 0201 0104 0404 0403 0101 0304 0302 0401 0403 0402 0402 0102 0304 0402 0201 0102 0302 0102 0303 0204 0201 0403 0102 0104 0202 0301 0201 0101 0401 0204 0402 0402
32 , 0104 0203 0302 0201 0303 0301 0402 0104 0201 0104 0404 0401 0101 0302 0402 0401 0404 0402 0402 0102 0304 0402 0201 0302 0302 0102 0304 0204 0404 0403 0102 0104 0301 0301 0201 0102 0401 0204 0302 0402 0104 0303 0302 0401 0303 0301 0402 0304 0201 0104 0404 0404 0101 0302 0402 0401 0403 0402 0402 0102 0304 0402 0201 0102 0402 0102 0303 0204 0304 0403 0102 0104 0301 0301 0201 0101 0401 0204 0404 0402
33 , 0103 0303 0302 0401 0303 0301 0402 0304 0201 0104 0404 0404 0101 0302 0402 0401 0403 0402 0402 0104 0302 0402 0201 0102 0302 0102 0303 0304 0404 0403 0102 0104 0303 0301 0201 0101 0401 0204 0302 0402 0103 0303 0302 0401 0203 0301 0402 0304 0203 0104 0404 0404 0101 0302 0402 0402 0403 0402 0402 0102 0304 0402 0201 0102 0302 0102 0303 0102 0404 0403 0102 0104 0301 0301 0201 0101 0401 0304 0302 0402
34 , 0103 0303 0302 0401 0303 0201 0402 0304 0301 0203 0404 0404 0203 0302 0402 0401 0403 0404 0102 0102 0304 0402 0201 0302 0202 0102 0304 0204 0402 0402 0202 0104 0201 0301 0203 0101 0401 0203 0102 0402 0303 0303 0302 0401 0303 0301 0402 0304 0201 0104 0404 0404 0101 0302 0402 0401 0403 0402 0402 0101 0304 0402 0201 0402 0302 0102 0303 0204 0402 0403 0102 0102 0301 0301 0202 0101 0403 0204 0302 0202
35 , 0103 0303 0302 0401 0303 0301 0402 0304 0201 0104 0404 0404 0101 0302 0402 0101 0403 0402 0402 0102 0304 0402 0103 0302 0302 0102 0303 0204 0404 0303 0102 0104 0301 0301 0201 0201 0402 0104 0302 0401 0103 0303 0302 0401 0303 0301 0402 0304 0201 0104 0404 0404 0101 0302 0402 0401 0403 0402 0402 0102 0304 0402 0301 0103 0303 0102 0303 0204 0404 0403 0102 0104 0302 0301 0201 0101 0401 0204 0302 0402
36 , 0103 0303 0302 0401 0303 0302 0402 0304 0201 0104 0404 0404 0101 0302 0402 0401 0403 0402 0402 0104 0304 0402 0201 0102 0301 0102 0303 0304 0404 0403 0102 0104 0301 0301 0201 0101 0401 0204 0302 0102 0103 0303 0302 0401 0303 0301 0402 0104 0201 0104 0404 0304 0101 0302 0402 0101 0403 0402 0402 0102 0304 0402 0201 0102 0302 0102 0303 0204 0404 0303 0302 0104 0401 0301 0201 0101 0401 0404 0102 0402
37 , 0103 0303 0302 0401 0303 0103 0202 0301 0201 0104 0404 0404 0101 0302 0402 0401 0403 0402 0402 0102 0304 0402 0201 0102 0302 0102 0303 0204 0404 0103 0102 0104 0301 0301 0201 0101 0401 0203 0302 0402 0103 0303 0302 0401 0303 0301 0402 0304 0201 0104 0404 0404 0101 0302 0302 0401 0403 0402 0402 0102 0301 0402 0201 0101 0302 0102 0303 0204 0404 0403 0102 0102 0301 0301 0201 0101 0401 0204 0302 0402
38 , 0303 0303 0302 0401 0303 0301 0402 0304 0201 0104 0404 0404 0101 0302 0402 0401 0403 0402 0202 0102 0302 0402 0201 0102 0302 0101 0303 0204 0404 0403 0102 0104 0301 0301 0203 0101 0401 0204 0101 0402 0102 0303 0302 0401 0303 0301 0402 0304 0401 0104 0404 0404 0101 0302 0402 0401 0403 0402 0402 0102 0304 0403 0201 0102 0302 0102 0303 0104 0401 0403 0102 0104 0302 0301 0201 0101 0401 0204 0402 0402
39 , 0103 0303 0302 0401 0303 0301 0402 0104 0201 0101 0404 0404 0101 0302 0402 0401 0403 0402 0402 0102 0304 0202 0201 0102 0302 0102 0303 0204 0204 0403 0102 0104 0301 0301 0201 0101 0401 0304 0302 0402 0103 0303 0302 0401 0203 0301 0402 0104 0201 0104 0404 0404 0101 0302 0402 0404 0403 0402 0402 0202 0304 0402 0201 0102 0302 0102 0303 0204 0404 0403 0102 0104 0301 0301 0201 0101 0401 0204 0302 0402
40 , 0103 0303 0302 0401 0303 0301 0402 0304 0201 0104 0404 0404 0101 0302 0402 0401 0403 0402 0402 0102 0304 0402 0201 0103 0303 0102 0303 0204 0404 0403 0102 0104 0304 0301 0201 0101 0401 0204 0301 0403 0103 0303 0302 0401 0304 0401 0402 0304 0201 0104 0404 0404 0101 0302 0402 0401 0403 0202 0402 0202 0304 0402 0201 0102 0302 0102 0303 0104 0404 0403 0102 0101 0301 0301 0201 0101 0401 0204 0302 0402
41 , 0104 0303 0302 0401 0303 0301 0402 0304 0202 0104 0404 0404 0101 0302 0402 0401 0403 0402 0402 0102 0304 0402 0201 0102 0302 0102 0303 0204 0404 0403 0102 0104 0301 0301 0201 0101 0401 0204 0302 0404 0103 0303 0302 0401 0303 0301 0402 0304 0201 0104 0404 0404 0101 0302 0402 0401 0403 0402 0402 0102 0404 0401 0104 0102 0203 0202 0303 0201 0404 0403 0102 0304 0301 0303 0201 0101 0403 0204 0102 0302
42 , 0103 0303 0304 0401 0203 0301 0402 0104 0201 0204 0404 0404 0101 0302 0402 0404 0403 0402 0402 0202 0304 0303 0201 0102 0302 0102 0303 0204 0404 0403 0102 0104 0301 0301 0201 0101 0401 0204 0302 0402 0103 0303 0302 0402 0303 0301 0404 0304 0201 0104 0404 0404 0101 0302 0402 0401 0403 0402 0102 0202 0304 0402 0201 0102 0302 0102 0303 0203 0404 0403 0102 0101 0301 0301 0201 0101 0401 0204 0302 0402
43 , 0103 0303 0302 0401 0103 0301 0402 0304 0201 0104 0404 0404 0101 0302 0402 0401 0403 0402 0402 0202 0304 0401 0201 0104 0302 0102 0303 0204 0404 0403 0302 0204 0301 0401 0201 0101 0401 0202 0303 0402 0103 0303 0302 0401 0303 0401 0402 0304 0201 0104 0404 0404 0101 0302 0402 0401 0403 0402 0402 0101 0302 0402 0201 0102 0302 0103 0203 0202 0404 0403 0102 0104 0301 0301 0201 0101 0401 0204 0302 0401
44 , 0203 0303 0304 0401 0303 0301 0402 0304 0204 0104 0404 0404 0101 0302 0402 0401 0401 0404 0402 0102 0304 0202 0201 0102 0302 0103 0303 0104 0404 0403 0102 0104 0301 0301 0201 0101 0401 0204 0302 0402 0103 0303 0302 0401 0303 0301 0402 0304 0201 0104 0404 0404 0101 0302 0402 0404 0404 0402 0402 0102 0304 0402 0201 0102 0202 0102 0303 0204 0404 0303 0102 0104 0301 0301 0201 0301 0401 0204 0302 0402
45 , 0103 0302 0302 0401 0403 0301 0402 0304 0201 0104 0404 0104 0101 0302 0402 0402 0403 0402 0402 0102 0304 0402 0101 0102 0302 0102 0303 0204 0404 0403 0102 0104 0201 0301 0201 0101 0101 0204 0302 0402 0103 0303 0302 0401 0303 0301 0402 0304 0201 0104 0404 0404 0101 0302 0404 0401 0403 0402 0402 0302 0304 0402 0201 0102 0302 0102 0303 0204 0404 0404 0102 0102 0301 0301 0201 0101 0401 0204 0302 0402
46 , 0103 0303 0302 0402 0303 0301 0402 0304 0201 0104 0404 0404 0101 0302 0402 0401 0401 0402 0404 0102 0304 0402 0101 0102 0304 0102 0303 0204 0404 0403 0102 0104 0201 0301 0201 0401 0401 0201 0302 0402 0103 0304 0302 0401 0303 0301 0402 0304 0201 0104 0304 0304 0101 0302 0402 0401 0403 0402 0402 0102 0302 0402 0201 0202 0301 0102 0303 0204 0404 0403 0102 0104 0301 0301 0201 0101 0202 0204 0402 0402
47 , 0103 0303 0302 0401 0303 0301 0402 0304 0201 0104 0402 0404 0101 0301 0402 0401 0403 0402 0202 0102 0304 0402 0203 0202 0302 0102 0303 0304 0404 0403 0102 0104 0401 0301 0201 0101 0401 0204 0302 0402 0103 0303 0302 0401 0303 0301 0402 0304 0203 0104 0404 0404 0101 0301 0402 0404 0403 0402 0402 0102 0304 0402 0201 0102 0202 0102 0303 0204 0404 0403 0102 0104 0303 0302 0201 0301 0401 0204 0302 0402
48 , 0103 0303 0302 0401 0303 0301 0402 0304 0201 0104 0404 0404 0101 0302 0402 0401 0403 0101 0402 0102 0304 0402 0201 0102 0302 0102 0303 0204 0404 0403 0102 0103 0301 0301 0201 0101 0401 0204 0302 0402 0103 0203 0302 0401 0303 0301 0402 0304 0201 0104 0404 0404 0104 0302 0402 0402 0403 0402 0402 0102 0303 0404 0201 0104 0302 0102 0303 0204 0404 0403 0102 0104 0301 0301 0301 0101 0401 0204 0302 0402
49 , 0103 0303 0302 0401 0303 0301 0402 0204 0201 0101 0404 0404 0101 0302 0402 0401 0103 0402 0402 0101 0304 0402 0201 0102 0302 0102 0303 0204 0404 0403 0102 0104 0201 0302 0302 0101 0401 0204 0301 0102 0103 0302 0302 0401 0303 0301 0402 0304 0201 0104 0404 0404 0101 0302 0402 0401 0403 0402 0402 0102 0304 0402 0101 0403 0102 0102 0403 0204 0404 0403 0102 0104 0301 0301 0201 0101 0401 0204 0302 0402
50 , 0103 0303 0302 0301 0303 0301 0403 0304 0201 0104 0404 0404 0101 0302 0402 0201 0203 0402 0402 0202 0304 0402 0304 0101 0302 0102 0303 0204 0404 0403 0102 0404 0301 0301 0201 0201 0401 0204 0302 0402 0103 0303 0302 0401 0303 0301 0402 0304 0201 0104 0404 0404 0101 0302 0402 0401 0403 0402 0102 0102 0404 0404 0204 0102 0302 0102 0303 0201 0404 0403 0102 0304 0301 0303 0201 0101 0203 0204 0102 0402
51 , 0103 0303 0302 0401 0304 0301 0402 0304 0201 0104 0404 0404 0101 0302 0302 0401 0403 0402 0402 0102 0301 0402 0201 0101 0302 0102 0303 0204 0404 0403 0102 0102 0301 0301 0201 0101 0401 0204 0302 0402 0103 0303 0302 0403 0303 0301 0402 0303 0201 0104 0404 0404 0101 0302 0402 0301 0403 0402 0402 0102 0304 0402 0201 0102 0302 0102 0403 0403 0404 0403 0102 0104 0301 0301 0201 0101 0401 0204 0302 0402
52 , 0103 0303 0303 0401 0304 0301 0402 0303 0202 0104 0404 0404 0101 0301 0402 0301 0403 0402 0402 0101 0304 0402 0201 0102 0302 0102 0403 0204 0404 0403 0102 0104 0304 0301 0201 0101 0401 0204 0302 0402 0103 0303 0302 0401 0303 0301 0402 0204 0201 0101 0304 0404 0101 0302 0402 0401 0403 0402 0402 0101 0304 0402 0201 0102 0302 0102 0303 0204 0404 0403 0102 0104 0301 0301 0301 0101 0401 0204 0301 0402
53 , 0103 0403 0302 0401 0303 0301 0102 0304 0201 0102 0404 0404 0101 0302 0402 0401 0403 0402 0403 0202 0304 0404 0201 0202 0302 0102 0303 0204 0404 0403 0102 0104 0301 0301 0201 0101 0401 0204 0302 0402 0102 0303 0302 0401 0303 0301 0402 0104 0203 0304 0404 0404 0101 0302 0402 0401 0403 0402 0202 0102 0404 0402 0201 0102 0302 0102 0303 0204 0404 0403 0102 0104 0301 0301 0201 0101 0401 0204 0302 0402
54 , 0103 0303 0302 0401 0303 0301 0404 0304 0201 0104 0404 0404 0103 0302 0402 0401 0203 0402 0402 0102 0304 0402 0201 0102 0404 0402 0303 0202 0404 0403 0102 0104 0301 0301 0201 0401 0401 0204 0402 0402 0103 0303 0302 0401 0303 0301 0402 0104 0201 0404 0404 0404 0101 0302 0402 0401 0403 0402 0402 0102 0304 0402 0201 0102 0302 0202 0303 0204 0404 0403 0102 0104 0301 0401 0201 0101 0301 0204 0302 0202
55 , 0103 0303 0302 0401 0303 0301 0402 0304 0201 0304 0404 0404 0101 0302 0402 0401 0403 0402 0402 0102 0304 0402 0201 0102 0302 0102 0303 0204 0401 0403 0102 0104 0301 0301 0201 0101 0401 0204 0301 0404 0103 0303 0302 0401 0303 0301 0402 0304 0201 0304 0404 0404 0101 0302 0302 0401 0403 0402 0402 0102 0301 0402 0201 0101 0302 0102 0303 0204 0404 0403 0102 0104 0303 0301 0201 0101 0201 0204 0302 0402
56 , 0103 0303 0304 0401 0303 0301 0402 0304 0201 0304 0404 0404 0101 0302 0402 0401 0403 0402 0402 0102 0301 0402 0201 0302 0102 0102 0303 0204 0404 0403 0102 0104 0301 0301 0201 0101 0401 0204 0302 0402 0103 0303 0303 0401 0303 0301 0402 0303 0204 0104 0404 0404 0101 0302 0402 0301 0403 0402 0402 0101 0304 0402 0301 0102 0302 0102 0403 0204 0404 0403 0102 0104 0304 0301 0201 0101 0401 0204 0302 0402
57 , 0103 0303 0302 0401 0303 0301 0402 0304 0201 0104 0304 0404 0101 0302 0402 0401 0403 0102 0402 0102 0302 0402 0201 0102 0302 0102 0303 0204 0404 0403 0102 0104 0301 0101 0201 0101 0402 0204 0302 0402 0103 0203 0302 0401 0303 0301 0402 0304 0201 0104 0404 0404 0101 0302 0402 0403 0403 0402 0402 0102 0303 0404 0201 0104 0302 0102 0303 0204 0404 0403 0102 0104 0301 0304 0201 0101 0401 0204 0302 0402
58 , 0103 0303 0302 0401 0303 0301 0404 0304 0201 0104 0404 0404 0101 0302 0402 0401 0402 0402 0402 0102 0304 0402 0201 0102 0302 0302 0303 0204 0404 0403 0102 0104 0301 0304 0201 0101 0401 0204 0202 0402 0103 0303 0302 0401 0303 0301 0402 0301 0101 0104 0404 0404 0101 0302 0402 0401 0403 0402 0402 0102 0304 0102 0201 0102 0302 0102 0303 0204 0104 0203 0102 0102 0301 0302 0202 0101 0401 0204 0301 0402
59 , 0103 0103 0302 0401 0302 0301 0402 0303 0201 0104 0404 0404 0101 0302 0402 0301 0403 0402 0402 0104 0304 0402 0201 0102 0302 0102 0403 0403 0404 0403 0102 0104 0301 0301 0201 0101 0401 0204 0302 0402 0103 0203 0302 0401 0303 0301 0402 0304 0201 0104 0404 0404 0101 0302 0402 0402 0403 0402 0402 0102 0303 0404 0201 0104 0302 0102 0302 0204 0404 0403 0102 0104 0301 0301 0101 0101 0401 0204 0302 0402
60 , 0203 0303 0304 0401 0303 0301 0402 0304 0201 0104 0404 0404 0101 0302 0402 0401 0403 0402 0402 0102 0304 0402 0201 0102 0302 0102 0303 0204 0404 0403 0102 0104 0301 0301 0201 0101 0401 0204 0302 0402 0103 0303 0302 0401 0303 0301 0402 0304 0201 0404 0304 0104 0101 0301 0302 0301 0403 0402 0403 0103 0304 0402 0201 0102 0302 0102 0303 0204 0404 0403 0102 0104 0301 0201 0201 0101 0401 0202 0302 0404
61 , 0103 0303 0302 0401 0303 0301 0402 0304 0201 0104 0404 0404 0101 0302 0302 0401 0403 0402 0402 0102 0304 0402 0201 0102 0302 0102 0303 0204 0404 0403 0101 0102 0301 0301 0201 0101 0401 0204 0302 0402 0103 0303 0302 0401 0303 0301 0402 0304 0201 0104 0204 0404 0101 0302 0402 0201 0103 0402 0402 0102 0304 0402 0201 0102 0302 0102 0403 0204 0404 0403 0202 0104 0301 0301 0201 0101 0401 0201 0303 0202
62 , 0103 0303 0302 0401 0303 0301 0402 0304 0201 0104 0404 0404 0101 0302 0402 0401 0402 0401 0402 0102 0304 0402 0201 0102 0302 0102 0303 0204 0404 0401 0102 0104 0301 0301 0201 0101 0401 0204 0302 0402 0102 0303 0302 0401 0303 0301 0402 0304 0201 0104 0404 0404 0101 0302 0402 0401 0403 0402 0402 0102 0304 0402 0201 0102 0302 0102 0303 0304 0401 0403 0402 0104 0302 0301 0201 0101 0401 0204 0402 0402
63 , 0103 0303 0302 0401 0303 0301 0402 0304 0201 0104 0204 0404 0101 0302 0402 0401 0103 0402 0402 0102 0304 0402 0201 0102 0302 0102 0403 0204 0404 0403 0102 0204 0301 0301 0201 0101 0401 0204 0303 0402 0103 0303 0302 0401 0303 0401 0302 0304 0201 0104 0303 0404 0101 0302 0402 0401 0403 0402 0402 0202 0302 0403 0201 0102 0302 0102 0303 0204 0404 0403 0102 0104 0301 0302 0201 0101 0402 0204 0402 0402
64 , 0103 0303 0302 0401 0303 0401 0402 0304 0201 0103 0404 0404 0101 0302 0402 0401 0403 0402 0402 0302 0404 0402 0201 0102 0301 0102 0103 0204 0404 0403 0102 0104 0301 0301 0201 0101 0301 0204 0302 0402 0103 0303 0302 0401 0303 0301 0402 0304 0201 0104 0404 0404 0401 0302 0402 0401 0403 0402 0402 0102 0304 0402 0201 0102 0402 0102 0303 0204 0404 0403 0102 0104 0301 0301 0201 0101 0401 0204 0402 0402
65 , 0103 0303 0203 0401 0303 0301 0401 0304 0201 0104 0404 0404 0101 0302 0402 0401 0403 0401 0404 0102 0304 0402 0201 0102 0302 0102 0303 0204 0203 0403 0101 0104 0301 0301 0201 0101 0401 0201 0302 0402 0104 0303 0302 0401 0303 0301 0402 0404 0202 0104 0404 0404 0101 0302 0402 0401 0403 0402 0402 0102 0304 0402 0201 0102 0302 0102 0303 0204 0404 0403 0102 0104 0301 0301 0201 0101 0401 0201 0302 0404
66 , 0103 0303 0302 0401 0303 0301 0402 0304 0301 0104 0404 0404 0203 0302 0302 0401 0403 0404 0402 0102 0304 0402 0201 0302 0302 0102 0303 0204 0402 0402 0202 0104 0201 0303 0203 0101 0401 0204 0302 0402 0103 0301 0302 0401 0304 0301 0402 0304 0201 0104 0404 0404 0101 0302 0402 0404 0403 0402 0402 0102 0304 0402 0201 0102 0302 0103 0303 0204 0404 0403 0102 0104 0301 0301 0201 0301 0401 0204 0302 0402
67 , 0103 0303 0302 0401 0303 0401 0402 0304 0201 0104 0404 0404 0101 0302 0302 0401 0403 0402 0402 0102 0301 0402 0201 0101 0302 0102 0303 0204 0404 0403 0102 0102 0301 0301 0201 0103 0401 0204 0302 0402 0103 0303 0302 0401 0303 0301 0402 0304 0201 0104 0404 0404 0101 0302 0402 0401 0403 0402 0402 0102 0104 0401 0201 0102 0302 0102 0303 0204 0404 0401 0102 0104 0301 0304 0201 0101 0401 0204 0102 0402
68 , 0103 0303 0302 0401 0303 0301 0402 0304 0201 0104 0404 0404 0101 0302 0402 0401 0403 0402 0302 0102 0304 0402 0201 0102 0302 0102 0303 0204 0404 0403 0102 0404 0301 0301 0201 0102 0401 0204 0302 0402 0103 0203 0302 0401 0303 0304 0402 0304 0201 0101 0404 0401 0101 0302 0401 0401 0403 0402 0402 0102 0304 0202 0201 0102 0302 0102 0303 0201 0404 0403 0102 0104 0301 0301 0201 0101 0401 0204 0302 0402
69 , 0103 0303 0301 0401 0303 0301 0402 0304 0201 0104 0402 0404 0201 0401 0402 0401 0403 0402 0202 0102 0304 0402 0103 0202 0302 0102 0303 0304 0404 0303 0102 0104 0301 0301 0201 0401 0401 0204 0302 0402 0103 0301 0402 0401 0303 0301 0402 0304 0201 0104 0304 0404 0101 0302 0402 0401 0403 0402 0202 0102 0304 0402 0201 0202 0302 0102 0303 0204 0404 0403 0102 0104 0301 0301 0201 0201 0401 0204 0302 0403
70 , 0103 0103 0302 0401 0303 0301 0403 0304 0201 0101 0404 0404 0101 0302 0402 0401 0403 0302 0402 0102 0304 0402 0201 0102 0304 0102 0303 0204 0304 0303 0102 0104 0301 0301 0201 0101 0401 0204 0302 0402 0103 0303 0302 0402 0303 0101 0402 0304 0201 0104 0401 0404 0101 0302 0402 0401 0403 0402 0402 0102 0304 0402 0201 0404 0302 0102 0303 0204 0404 0403 0102 0104 0301 0301 0201 0403 0401 0204 0202 0402
71 , 0103 0303 0302 0401 0303 0301 0402 0304 0201 0104 0404 0404 0101 0303 0404 0101 0403 0402 0402 0102 0304 0402 0201 0102 0302 0102 0303 0204 0404 0403 0102 0404 0301 0301 0201 0101 0401 0404 0102 0402 0103 0103 0302 0401 0303 0201 0402 0304 0201 0104 0404 0404 0104 0302 0402 0401 0403 0401 0402 0104 0304 0402 0201 0102 0302 0102 0303 0104 0403 0403 0303 0104 0301 0301 0202 0101 0401 0204 0302 0402
72 , 0103 0303 0302 0401 0103 0301 0402 0304 0201 0104 0404 0404 0101 0302 0402 0401 0403 0402 0402 0202 0301 0402 0204 0104 0302 0102 0303 0204 0404 0404 0302 0104 0301 0402 0201 0101 0401 0204 0402 0402 0403 0303 0302 0401 0303 0101 0402 0304 0201 0104 0404 0404 0101 0302 0402 0401 0403 0302 0402 0102 0304 0402 0201 0103 0402 0102 0303 0204 0404 0404 0102 0104 0301 0301 0203 0101 0301 0204 0302 0402
73 , 0102 0303 0302 0401 0303 0301 0102 0304 0201 0104 0304 0404 0101 0302 0402 0401 0403 0402 0403 0102 0304 0404 0201 0102 0302 0102 0303 0204 0404 0403 0102 0104 0301 0301 0201 0101 0401 0304 0302 0402 0103 0303 0302 0401 0403 0301 0401 0304 0301 0104 0404 0404 0101 0302 0402 0401 0403 0402 0402 0102 0304 0402 0201 0102 0302 0202 0303 0202 0404 0403 0102 0104 0404 0301 0201 0101 0401 0204 0302 0402
74 , 0103 0403 0302 0401 0303 0201 0402 0304 0201 0104 0304 0404 0104 0302 0402 0401 0403 0401 0402 0104 0304 0402 0201 0102 0302 0102 0303 0104 0401 0403 0303 0104 0301 0301 0201 0103 0401 0204 0302 0402 0103 0303 0302 0401 0303 0301 0402 0301 0201 0104 0204 0104 0101 0302 0402 0401 0403 0402 0402 0101 0404 0402 0201 0402 0302 0102 0403 0204 0402 0403 0102 0103 0301 0301 0201 0101 0401 0204 0303 0402
75 , 0103 0303 0302 0401 0303 0301 0302 0304 0201 0104 0404 0404 0101 0304 0402 0402 0403 0402 0402 0102 0204 0402 0201 0102 0302 0102 0303 0204 0402 0403 0102 0101 0302 0301 0201 0101 0401 0204 0302 0402 0203 0303 0302 0401 0303 0301 0402 0104 0201 0104 0404 0404 0102 0302 0402 0404 0403 0402 0402 0102 0304 0402 0201 0102 0302 0102 0303 0202 0404 0403 0102 0104 0301 0302 0204 0104 0401 0204 0302 0402
76 , 0103 0303 0302 0401 0303 0301 0402 0304 0201 0104 0404 0404 0101 0302 0402 0401 0403 0402 0402 0102 0303 0402 0201 0102 0302 0102 0203 0204 0403 0403 0302 0104 0301 0301 0201 0101 0401 0204 0402 0402 0103 0303 0302 0201 0303 0401 0402 0304 0201 0304 0404 0401 0101 0302 0402 0401 0403 0402 0402 0302 0304 0402 0201 0102 0301 0102 0103 0204 0404 0403 0102 0104 0301 0301 0201 0101 0401 0204 0302 0402
77 , 0103 0303 0402 0401 0303 0301 0402 0304 0201 0104 0401 0404 0101 0102 0402 0401 0403 0402 0202 0102 0304 0402 0201 0202 0302 0102 0303 0204 0404 0403 0102 0104 0301 0401 0201 0201 0401 0204 0302 0403 0103 0303 0302 0401 0303 0301 0402 0304 0102 0104 0404 0404 0101 0302 0402 0401 0403 0402 0402 0102 0304 0403 0201 0102 0302 0102 0303 0301 0404 0203 0102 0104 0301 0301 0201 0101 0401 0204 0302 0404
78 , 0103 0303 0302 0401 0303 0301 0102 0304 0201 0104 0403 0404 0101 0302 0402 0401 0403 0402 0402 0102 0304 0402 0201 0302 0302 0102 0103 0104 0404 0403 0102 0104 0201 0303 0201 0101 0401 0204 0202 0402 0103 0303 0302 0401 0303 0302 0402 0304 0301 0104 0404 0404 0101 0302 0302 0401 0403 0402 0402 0102 0301 0402 0201 0101 0302 0102 0303 0204 0303 0403 0102 0404 0301 0301 0201 0101 0401 0204 0302 0402
79 , 0103 0303 0302 0401 0303 0301 0402 0304 0201 0104 0402 0404 0101 0302 0404 0401 0403 0402 0402 0102 0304 0402 0201 0402 0302 0102 0304 0204 0404 0403 0102 0304 0301 0301 0201 0101 0401 0302 0302 0402 0103 0303 0302 0401 0403 0101 0402 0304 0201 0104 0404 0404 0101 0302 0302 0401 0403 0402 0402 0102 0301 0402 0201 0101 0302 0102 0303 0204 0404 0403 0102 0104 0304 0302 0201 0101 0401 0204 0302 0402
80 , 0103 0303 0302 0401 0303 0301 0402 0304 0201 0104 0404 0404 0201 0302 0402 0101 0403 0403 0403 0102 0104 0402 0201 0102 0302 0302 0303 0204 0404 0404 0102 0104 0301 0301 0201 0101 0401 0204 0302 0202 0103 0203 0302 0402 0303 0301 0402 0304 0201 0104 0404 0404 0101 0302 0402 0402 0403 0402 0402 0102 0303 0404 0201 0104 0303 0102 0303 0204 0404 0403 0102 0104 0301 0301 0201 0101 0401 0204 0302 0402
81 , 0103 0303 0302 0401 0303 0301 0402 0104 0201 0104 0404 0404 0103 0302 0402 0401 0403 0402 0402 0102 0304 0402 0201 0102 0302 0102 0303 0202 0404 0403 0102 0104 0301 0302 0204 0101 0401 0204 0302 0402 0103 0303 0302 0402 0303 0301 0402 0304 0201 0102 0404 0404 0103 0302 0402 0401 0403 0402 0402 0102 0304 0402 0201 0102 0404 0402 0303 0204 0404 0403 0102 0104 0301 0301 0201 0401 0401 0204 0402 0402
82 , 0103 0303 0302 0401 0303 0301 0402 0304 0201 0104 0402 0104 0101 0302 0402 0401 0403 0402 0402 0102 0304 0402 0201 0102 0302 0102 0303 0204 0404 0403 0102 0104 0301 0301 0201 0101 0401 0204 0302 0402 0103 0303 0302 0401 0303 0301 0402 0304 0201 0104 0402 0402 0101 0302 0402 0401 0403 0402 0403 0102 0304 0402 0201 0202 0302 0102 0303 0204 0404 0403 0102 0104 0301 0301 0201 0101 0401 0204 0302 0102
83 , 0103 0303 0102 0401 0303 0301 0404 0304 0201 0104 0404 0404 0101 0302 0402 0401 0403 0402 0102 0102 0304 0102 0201 0102 0302 0102 0303 0204 0404 0403 0102 0101 0301 0301 0201 0104 0401 0204 0302 0402 0103 0303 0302 0301 0301 0301 0402 0303 0201 0104 0404 0404 0103 0202 0402 0101 0403 0402 0402 0102 0304 0402 0301 0102 0302 0102 0303 0204 0404 0403 0102 0104 0301 0301 0201 0101 0401 0204 0302 0402
84 , 0102 0303 0302 0401 0303 0401 0402 0304 0201 0103 0404 0404 0101 0302 0202 0401 0403 0402 0402 0101 0304 0402 0201 0102 0302 0102 0303 0202 0404 0403 0402 0104 0301 0301 0201 0101 0401 0204 0302 0401 0103 0303 0302 0401 0303 0301 0402 0104 0201 0104 0404 0402 0101 0402 0402 0401 0403 0401 0402 0102 0304 0402 0201 0102 0302 0102 0303 0202 0404 0403 0102 0104 0301 0302 0204 0101 0401 0204 0302 0402
85 , 0103 0203 0302 0201 0302 0301 0402 0304 0201 0404 0404 0404 0103 0302 0402 0401 0403 0402 0402 0102 0304 0402 0201 0104 0302 0102 0303 0203 0404 0403 0102 0104 0301 0403 0204 0101 0401 0204 0302 0402 0103 0303 0302 0401 0403 0301 0202 0304 0201 0304 0404 0404 0101 0302 0302 0401 0403 0402 0402 0102 0304 0402 0201 0102 0202 0102 0303 0204 0404 0403 0102 0104 0301 0301 0201 0201 0402 0104 0302 0301
86 , 0103 0303 0303 0401 0303 0301 0402 0303 0201 0104 0404 0404 0101 0302 0402 0301 0403 0402 0402 0101 0304 0402 0201 0102 0302 0102 0403 0204 0404 0403 0102 0104 0304 0301 0201 0101 0401 0204 0104 0402 0103 0303 0302 0401 0303 0301 0402 0304 0201 0104 0404 0404 0101 0402 0402 0401 0403 0202 0402 0102 0304 0402 0201 0104 0302 0102 0103 0204 0404 0403 0102 0104 0301 0301 0201 0101 0401 0204 0302 0402
87 , 0103 0303 0303 0401 0303 0302 0402 0303 0201 0104 0402 0404 0101 0302 0402 0301 0403 0402 0402 0101 0304 0402 0201 0102 0302 0102 0403 0204 0404 0403 0102 0104 0304 0301 0201 0101 0401 0204 0302 0201 0103 0303 0202 0401 0303 0301 0402 0304 0201 0404 0404 0104 0101 0302 0302 0301 0303 0402 0403 0102 0304 0402 0201 0302 0302 0102 0303 0204 0404 0403 0102 0104 0301 0201 0201 0101 0401 0204 0302 0404
88 , 0103 0301 0102 0401 0303 0301 0402 0304 0201 0104 0401 0404 0101 0302 0402 0401 0403 0402 0402 0102 0304 0102 0201 0102 0302 0102 0303 0204 0404 0403 0102 0104 0301 0301 0201 0101 0401 0104 0302 0402 0103 0303 0302 0401 0103 0301 0402 0304 0201 0104 0404 0404 0101 0302 0402 0401 0403 0402 0402 0202 0304 0401 0201 0102 0302 0104 0303 0203 0404 0403 0302 0104 0301 0301 0201 0101 0401 0204 0302 0402
89 , 0103 0203 0302 0401 0303 0301 0402 0304 0201 0104 0404 0404 0101 0302 0402 0402 0303 0402 0402 0102 0303 0404 0101 0104 0302 0102 0303 0204 0404 0403 0102 0104 0301 0301 0301 0301 0401 0204 0302 0402 0103 0304 0302 0401 0303 0301 0402 0304 0202 0104 0404 0404 0102 0302 0402 0401 0403 0402 0402 0102 0304 0402 0301 0102 0302 0102 0303 0204 0404 0403 0102 0104 0301 0301 0201 0101 0401 0204 0302 0204
90 , 0103 0303 0402 0401 0303 0301 0404 0304 0201 0104 0404 0204 0101 0302 0402 0401 0403 0402 0102 0102 0304 0402 0201 0102 0302 0102 0303 0204 0404 0402 0102 0101 0401 0301 0201 0101 0401 0204 0302 0402 0103 0303 0301 0401 0303 0303 0402 0204 0301 0304 0404 0404 0301 0302 0402 0401 0403 0402 0402 0102 0304 0204 0201 0102 0302 0101 0303 0204 0404 0403 0102 0104 0401 0301 0201 0101 0401 0204 0302 0402
91 , 0103 0303 0301 0401 0303 0301 0402 0304 0201 0104 0402 0402 0101 0302 0402 0401 0403 0402 0402 0102 0304 0402 0201 0202 0302 0102 0303 0204 0404 0403 0102 0104 0401 0301 0201 0101 0401 0203 0303 0402 0103 0303 0301 0401 0302 0301 0402 0404 0204 0104 0404 0404 0101 0302 0402 0401 0303 0402 0402 0102 0304 0402 0201 0102 0302 0102 0303 0203 0404 0103 0102 0104 0301 0101 0201 0101 0401 0201 0303 0402
92 , 0103 0203 0302 0401 0303 0301 0402 0304 0201 0104 0404 0404 0101 0301 0403 0401 0403 0402 0402 0102 0304 0402 0201 0102 0302 0102 0304 0204 0404 0403 0101 0104 0301 0101 0201 0101 0401 0204 0302 0402 0403 0303 0302 0101 0203 0301 0402 0304 0201 0104 0404 0404 0102 0302 0402 0401 0403 0402 0402 0102 0304 0402 0201 0102 0302 0202 0303 0204 0404 0403 0102 0104 0201 0301 0201 0101 0401 0204 0301 0402
93 , 0103 0303 0302 0401 0303 0301 0402 0304 0201 0101 0404 0404 0101 0302 0402 0401 0403 0402 0402 0102 0304 0402 0201 0102 0302 0102 0303 0304 0404 0404 0102 0104 0301 0301 0201 0101 0401 0404 0102 0402 0203 0304 0302 0401 0303 0301 0402 0304 0201 0104 0104 0104 0101 0302 0402 0401 0403 0402 0402 0102 0304 0402 0201 0102 0302 0102 0303 0203 0404 0303 0102 0104 0301 0301 0201 0101 0401 0204 0302 0402
94 , 0103 0303 0302 0401 0303 0304 0202 0304 0202 0104 0404 0404 0101 0302 0402 0401 0403 0402 0402 0102 0304 0402 0201 0102 0302 0102 0303 0204 0404 0403 0102 0104 0301 0301 0201 0101 0401 0204 0302 0404 0103 0303 0402 0401 0303 0301 0402 0301 0201 0104 0404 0404 0101 0302 0402 0401 0303 0402 0202 0102 0304 0402 0201 0202 0302 0102 0303 0204 0404 0403 0102 0104 0301 0304 0201 0201 0401 0204 0302 0403
95 , 0102 0303 0302 0401 0303 0301 0402 0201 0301 0304 0404 0403 0301 0302 0402 0401 0403 0402 0402 0102 0304 0202 0201 0102 0302 0101 0303 0204 0304 0403 0102 0104 0301 0301 0201 0101 0401 0204 0302 0402 0103 0403 0302 0401 0303 0301 0402 0304 0201 0104 0404 0404 0101 0302 0402 0401 0403 0402 0402 0102 0304 0402 0201 0102 0302 0202 0303 0204 0404 0403 0102 0101 0301 0301 0201 0101 0401 0204 0302 0402
96 , 0103 0303 0304 0401 0303 0301 0402 0304 0201 0104 0404 0404 0101 0302 0402 0401 0403 0402 0402 0102 0304 0102 0201 0102 0302 0102 0303 0304 0404 0403 0102 0104 0301 0301 0201 0201 0401 0201 0302 0402 0103 0303 0302 0401 0303 0301 0402 0304 0201 0104 0404 0204 0101 0302 0402 0401 0402 0401 0402 0102 0304 0404 0201 0102 0302 0102 0303 0204 0404 0401 0102 0104 0301 0301 0201 0101 0401 0204 0302 0402
97 , 0103 0303 0302 0401 0302 0301 0402 0304 0201 0104 0404 0404 0103 0302 0402 0401 0403 0402 0402 0102 0304 0402 0201 0102 0402 0102 0303 0204 0404 0403 0102 0104 0301 0301 0201 0101 0401 0204 0302 0402 0103 0303 0302 0401 0303 0301 0102 0304 0201 0104 0404 0404 0101 0302 0402 0401 0403 0402 0403 0102 0304 0404 0201 0102 0301 0202 0303 0204 0404 0403 0102 0104 0301 0301 0203 0101 0401 0202 0302 0402
98 , 0103 0303 0302 0401 0303 0101 0102 0304 0201 0104 0404 0404 0101 0302 0402 0401 0403 0402 0403 0102 0304 0404 0201 0102 0302 0402 0303 0204 0404 0403 0102 0104 0204 0301 0201 0101 0401 0204 0302 0402 0103 0303 0302 0101 0303 0301 0402 0304 0201 0104 0404 0404 0101 0302 0402 0401 0403 0402 0402 0102 0304 0402 0201 0202 0302 0102 0303 0204 0404 0403 0102 0104 0101 0101 0201 0101 0402 0204 0303 0401
99 , 0203 0303 0304 0401 0303 0301 0302 0204 0201 0104 0404 0404 0101 0302 0402 0401 0403 0402 0402 0102 0304 0402 0401 0102 0302 0102 0303 0204 0404 0403 0102 0104 0301 0301 0101 0101 0401 0201 0302 0402 0101 0303 0302 0401 0303 0301 0402 0304 0201 0104 0404 0404 0101 0302 0402 0401 0403 0402 0402 0102 0104 0401 0201 0102 0102 0102 0303 0204 0404 0403 0102 0304 0301 0303 0201 0101 0401 0204 0102 0402
100 , 0103 0303 0302 0401 0203 0301 0403 0104 0201 0104 0404 0404 0101 0302 0402 0404 0403 0402 0402 0203 0304 0402 0201 0102 0302 0102 0303 0202 0404 0401 0102 0104 0301 0301 0201 0301 0401 0204 0302 0402 0103 0302 0302 0101 0303 0401 0404 0304 0201 0104 0404 0404 0101 0302 0402 0101 0403 0302 0402 0102 0303 0402 0201 0102 0402 0102 0303 0204 0404 0403 0102 0104 0301 0301 0202 0101 0401 0204 0302 0402