Auto-generated genotype output.
1
2
3
4
5
6
7
8
9
10
11
12
13
14
15
16
17
18
19
20
21
22
23
24
25
26
27
28
29
30
31
32
33
34
35
36
37
38
39
40
Pop
1 , 0202 0101 0301 0202 0201 0202 0202 0404 0303 0101 0101 0103 0101 0202 0303 0301 0204 0404 0401 0403 0404 0404 0302 0404 0303 0303 0202 0404 0303 0101 0202 0303 0202 0303 0404 0301 0404 0402 0303 0302 
2 , 0203 0101 0301 0202 0202 0202 0201 0304 0303 0103 0201 0303 0102 0201 0303 0301 0402 0404 0104 0404 0404 0101 0303 0404 0303 0303 0202 0402 0203 0101 0202 0302 0202 0303 0104 0101 0403 0204 0203 0302 
3 , 0303 0101 0303 0202 0202 0202 0101 0303 0303 0103 0202 0103 0202 0202 0303 0303 0404 0404 0101 0404 0404 0404 0302 0404 0303 0303 0201 0404 0203 0101 0202 0303 0202 0303 0401 0101 0404 0202 0203 0202 
4 , 0202 0101 0101 0202 0201 0202 0202 0304 0203 0303 0102 0103 0201 0101 0301 0303 0404 0404 0101 0304 0404 0401 0302 0404 0303 0303 0102 0204 0303 0104 0202 0303 0202 0303 0404 0103 0404 0204 0303 0202 
5 , 0303 0101 0303 0202 0101 0202 0102 0304 0303 0303 0102 0303 0101 0101 0303 0303 0404 0403 0101 0404 0404 0404 0302 0404 0303 0303 0102 0404 0303 0404 0202 0303 0202 0103 0404 0301 0403 0204 0303 0202 
6 , 0202 0101 0101 0202 0102 0402 0202 0404 0303 0103 0101 0303 0101 0202 0103 0303 0204 0303 0104 0404 0401 0404 0202 0404 0303 0303 0102 0204 0203 0104 0202 0303 0402 0303 0404 0303 0404 0204 0303 0202 
7 , 0302 0201 0101 0102 0102 0202 0102 0304 0303 0303 0101 0103 0102 0101 0303 0303 0404 0404 0101 0404 0404 0404 0202 0404 0303 0303 0101 0202 0202 0101 0202 0303 0204 0303 0404 0101 0404 0202 0202 0202 
8 , 0303 0101 0301 0202 0202 0202 0101 0403 0303 0303 0202 0303 0101 0101 0301 0103 0402 0404 0101 0404 0404 0404 0202 0404 0303 0303 0201 0204 0303 0401 0202 0203 0202 0103 0101 0101 0404 0202 0203 0202 
9 , 0302 0102 0101 0202 0202 0202 0201 0303 0303 0301 0202 0301 0102 0101 0303 0303 0404 0404 0104 0404 0404 0404 0302 0404 0303 0303 0201 0402 0302 0101 0202 0303 0202 0303 0401 0103 0404 0204 0303 0202 
10 , 0303 0101 0301 0202 0201 0202 0102 0303 0303 0101 0102 0303 0101 0102 0303 0103 0404 0403 0404 0404 0404 0404 0302 0404 0103 0303 0201 0202 0303 0104 0202 0303 0202 0303 0404 0301 0304 0202 0302 0202 
11 , 0203 0101 0101 0202 0202 0402 0201 0304 0303 0303 0102 0103 0102 0201 0303 0303 0404 0403 0401 0304 0404 0404 0302 0404 0303 0303 0102 0204 0203 0101 0202 0302 0202 0301 0404 0103 0404 0202 0303 0202 
12 , 0203 0101 0103 0202 0202 0202 0202 0303 0303 0103 0102 0303 0101 0201 0301 0303 0404 0304 0101 0404 0401 0401 0302 0404 0303 0303 0202 0204 0203 0404 0202 0303 0402 0303 0404 0301 0404 0202 0302 0202 
13 , 0303 0101 0101 0202 0102 0202 0201 0304 0303 0101 0201 0303 0101 0101 0303 0303 0404 0304 0104 0304 0404 0104 0202 0304 0303 0303 0102 0404 0303 0404 0202 0303 0202 0303 0104 0103 0404 0204 0303 0202 
14 , 0302 0101 0301 0202 0202 0202 0202 0303 0303 0301 0202 0303 0201 0101 0303 0303 0404 0404 0404 0404 0404 0404 0202 0404 0303 0302 0101 0404 0202 0404 0202 0303 0202 0303 0404 0303 0404 0204 0303 0302 
15 , 0303 0102 0303 0201 0102 0202 0202 0304 0303 0303 0202 0101 0101 0201 0103 0303 0404 0403 0104 0404 0404 0104 0202 0404 0303 0303 0202 0404 0303 0101 0202 0303 0202 0303 0104 0103 0404 0404 0303 0302 
16 , 0202 0101 0303 0202 0201 0202 0202 0403 0303 0303 0202 0103 0201 0101 0303 0303 0204 0403 0401 0404 0404 0404 0303 0404 0303 0303 0202 0404 0303 0104 0202 0303 0204 0303 0404 0303 0304 0402 0303 0202 
17 , 0202 0102 0301 0202 0202 0202 0201 0403 0203 0301 0102 0301 0201 0101 0301 0103 0404 0404 0104 0404 0401 0404 0202 0404 0303 0303 0201 0404 0202 0104 0202 0303 0402 0303 0101 0303 0404 0202 0203 0202 
18 , 0303 0101 0101 0202 0102 0202 0201 0303 0303 0103 0202 0303 0101 0102 0301 0303 0404 0404 0401 0404 0404 0404 0202 0304 0301 0303 0202 0202 0303 0101 0202 0302 0202 0303 0404 0103 0404 0202 0203 0202 
19 , 0303 0101 0101 0202 0101 0202 0202 0304 0303 0301 0202 0303 0102 0101 0101 0303 0404 0404 0401 0404 0404 0101 0202 0304 0303 0303 0202 0404 0303 0101 0202 0303 0402 0303 0404 0303 0404 0202 0303 0202 
20 , 0302 0202 0101 0202 0202 0202 0202 0403 0303 0103 0202 0303 0202 0102 0301 0303 0404 0404 0101 0404 0404 0101 0302 0404 0303 0303 0102 0404 0203 0101 0402 0302 0402 0303 0401 0103 0404 0204 0303 0202 
21 , 0303 0101 0101 0202 0202 0202 0202 0304 0303 0303 0201 0301 0101 0201 0303 0301 0404 0304 0101 0404 0404 0404 0202 0404 0303 0303 0102 0204 0302 0101 0402 0302 0202 0103 0404 0301 0403 0202 0303 0202 
22 , 0202 0101 0301 0202 0102 0402 0202 0303 0202 0101 0201 0303 0101 0201 0303 0303 0404 0304 0101 0404 0401 0104 0302 0404 0303 0303 0102 0204 0203 0101 0204 0303 0404 0303 0404 0303 0404 0204 0303 0202 
23 , 0303 0101 0101 0202 0202 0202 0102 0304 0302 0103 0102 0303 0201 0201 0103 0303 0404 0404 0104 0404 0404 0401 0302 0404 0303 0303 0202 0402 0203 0401 0402 0303 0202 0303 0404 0103 0404 0202 0303 0202 
24 , 0203 0101 0101 0202 0201 0202 0201 0304 0303 0101 0101 0303 0101 0201 0103 0303 0404 0404 0104 0404 0401 0104 0302 0404 0303 0303 0202 0204 0203 0404 0202 0303 0202 0303 0104 0301 0404 0202 0303 0202 
25 , 0202 0101 0103 0202 0201 0204 0102 0404 0302 0303 0202 0301 0101 0201 0303 0303 0404 0404 0404 0404 0404 0101 0202 0404 0303 0303 0202 0404 0303 0404 0202 0203 0202 0303 0401 0103 0304 0202 0303 0202 
26 , 0203 0101 0301 0202 0202 0202 0202 0303 0303 0103 0201 0303 0101 0202 0103 0303 0404 0303 0104 0404 0404 0104 0302 0404 0303 0303 0202 0404 0203 0401 0402 0302 0402 0303 0404 0101 0404 0202 0303 0203 
27 , 0202 0202 0301 0102 0202 0202 0102 0304 0303 0303 0101 0303 0102 0102 0303 0303 0404 0304 0104 0404 0404 0404 0202 0404 0301 0303 0201 0202 0203 0104 0202 0303 0202 0303 0401 0101 0404 0204 0203 0203 
28 , 0303 0101 0301 0202 0202 0202 0202 0304 0302 0301 0202 0103 0101 0201 0303 0301 0404 0403 0104 0404 0404 0404 0202 0404 0303 0303 0202 0204 0302 0101 0202 0303 0202 0103 0404 0301 0404 0202 0303 0302 
29 , 0302 0101 0303 0101 0102 0202 0101 0304 0303 0303 0102 0103 0201 0101 0303 0103 0202 0404 0104 0404 0404 0404 0302 0404 0303 0303 0201 0202 0302 0104 0202 0203 0202 0303 0404 0101 0304 0202 0303 0203 
30 , 0202 0102 0301 0202 0202 0204 0201 0303 0303 0101 0102 0303 0101 0201 0301 0303 0402 0304 0104 0404 0404 0101 0203 0404 0301 0303 0202 0404 0202 0401 0204 0303 0202 0303 0401 0103 0404 0202 0302 0202 
31 , 0302 0101 0303 0202 0202 0202 0102 0303 0303 0303 0102 0303 0202 0101 0303 0303 0404 0303 0104 0404 0404 0101 0202 0404 0303 0303 0202 0202 0303 0101 0204 0303 0202 0303 0404 0303 0403 0202 0303 0302 
32 , 0203 0101 0103 0202 0202 0202 0102 0303 0303 0303 0102 0303 0101 0101 0101 0303 0404 0404 0101 0404 0404 0401 0302 0404 0303 0303 0102 0402 0303 0104 0202 0303 0202 0303 0404 0301 0404 0202 0302 0202 
33 , 0202 0101 0103 0202 0201 0202 0201 0403 0203 0303 0202 0303 0102 0101 0303 0103 0404 0404 0101 0404 0404 0404 0302 0404 0303 0303 0102 0204 0303 0401 0202 0302 0202 0303 0104 0301 0404 0202 0302 0202 
34 , 0302 0102 0103 0202 0102 0202 0202 0403 0303 0103 0202 0301 0101 0101 0301 0303 0402 0403 0104 0404 0404 0404 0302 0404 0303 0303 0102 0202 0303 0101 0202 0303 0202 0303 0404 0103 0404 0202 0302 0202 
35 , 0303 0101 0101 0202 0201 0202 0202 0303 0303 0103 0102 0303 0101 0101 0301 0303 0404 0404 0401 0404 0404 0104 0302 0304 0303 0303 0202 0204 0303 0101 0202 0303 0202 0303 0404 0103 0303 0204 0302 0202 
36 , 0303 0102 0301 0202 0202 0202 0102 0304 0303 0101 0202 0103 0202 0101 0301 0103 0402 0304 0104 0404 0404 0404 0303 0404 0303 0303 0202 0204 0302 0104 0202 0302 0202 0303 0401 0303 0404 0202 0302 0202 
37 , 0303 0101 0103 0202 0102 0202 0202 0303 0303 0301 0201 0303 0202 0101 0303 0303 0404 0304 0104 0404 0404 0404 0203 0403 0303 0303 0202 0402 0302 0401 0202 0303 0202 0303 0104 0303 0404 0402 0203 0202 
38 , 0303 0101 0101 0202 0201 0202 0102 0304 0302 0303 0102 0303 0201 0101 0303 0301 0404 0304 0401 0404 0404 0401 0302 0404 0303 0303 0102 0202 0303 0104 0202 0303 0202 0301 0404 0303 0404 0202 0303 0202 
39 , 0202 0101 0303 0202 0102 0202 0202 0304 0302 0303 0202 0303 0101 0102 0101 0301 0404 0403 0104 0404 0404 0404 0202 0404 0303 0303 0202 0202 0302 0104 0202 0303 0202 0303 0104 0303 0404 0202 0303 0203 
40 , 0303 0102 0101 0201 0102 0202 0202 0403 0203 0301 0102 0303 0201 0101 0303 0103 0402 0403 0401 0404 0404 0404 0202 0404 0303 0303 0101 0404 0203 0101 0204 0303 0402 0303 0404 0301 0404 0202 0203 0202 
41 , 0302 0101 0101 0202 0101 0204 0202 0404 0302 0303 0102 0303 0102 0101 0303 0301 0202 0404 0104 0404 0404 0401 0202 0404 0301 0303 0202 0402 0203 0101 0202 0303 0202 0103 0404 0303 0404 0402 0303 0202 
42 , 0203 0201 0101 0202 0102 0202 0202 0403 0302 0303 0102 0301 0201 0202 0303 0101 0404 0403 0404 0404 0404 0104 0302 0404 0303 0303 0201 0402 0302 0404 0202 0302 0202 0303 0404 0103 0404 0202 0302 0202 
43 , 0302 0101 0303 0202 0202 0202 0202 0403 0203 0303 0202 0303 0201 0202 0303 0103 0404 0404 0101 0404 0404 0404 0203 0404 0303 0302 0102 0202 0203 0104 0202 0303 0402 0303 0104 0301 0404 0202 0203 0202 
44 , 0303 0102 0303 0202 0202 0202 0201 0304 0203 0103 0201 0303 0102 0102 0103 0301 0402 0404 0104 0404 0404 0404 0302 0404 0303 0303 0202 0404 0302 0104 0202 0303 0202 0303 0401 0103 0404 0202 0303 0202 
45 , 0303 0101 0301 0202 0201 0202 0101 0303 0303 0103 0202 0103 0101 0202 0303 0303 0404 0303 0401 0404 0404 0104 0202 0404 0303 0303 0201 0204 0303 0104 0402 0303 0202 0103 0404 0301 0404 0202 0303 0202 
46 , 0203 0101 0101 0202 0102 0204 0202 0303 0303 0303 0201 0303 0201 0202 0303 0101 0404 0304 0404 0404 0404 0401 0303 0404 0303 0303 0202 0202 0203 0101 0202 0202 0202 0303 0401 0101 0403 0202 0303 0203 
47 , 0302 0101 0101 0202 0201 0202 0101 0304 0202 0301 0201 0303 0201 0102 0301 0303 0204 0403 0404 0403 0401 0404 0202 0404 0303 0303 0102 0404 0303 0104 0202 0303 0202 0303 0404 0101 0404 0202 0303 0202 
48 , 0303 0201 0301 0202 0102 0202 0202 0303 0303 0303 0201 0101 0101 0201 0103 0303 0204 0403 0104 0404 0104 0401 0303 0303 0303 0303 0202 0404 0203 0101 0202 0303 0202 0103 0404 0101 0404 0202 0302 0202 
49 , 0202 0102 0301 0202 0201 0202 0201 0303 0303 0103 0101 0303 0102 0201 0301 0303 0404 0404 0101 0404 0401 0104 0303 0404 0303 0303 0202 0404 0303 0404 0202 0302 0402 0303 0404 0303 0404 0204 0303 0202 
50 , 0302 0101 0301 0202 0202 0202 0202 0403 0302 0301 0201 0303 0101 0202 0303 0303 0404 0404 0404 0403 0101 0104 0302 0404 0303 0303 0202 0404 0203 0101 0202 0203 0204 0303 0404 0103 0404 0202 0303 0202 
