Auto-generated genotype output.
1
2
3
4
5
6
7
8
9
10
11
12
13
14
15
16
17
18
19
20
21
22
23
24
25
26
27
28
29
30
31
32
33
34
35
36
37
38
39
40
41
42
43
44
45
46
47
48
49
50
51
52
53
54
55
56
57
58
59
60
61
62
63
64
65
66
67
68
69
70
71
72
73
74
75
76
77
78
79
80
Pop
1 , 0202 0102 0301 0202 0202 0202 0102 0303 0203 0101 0102 0303 0102 0101 0303 0303 0402 0404 0101 0303 0404 0401 0202 0404 0303 0303 0202 0404 0203 0401 0204 0303 0402 0303 0401 0303 0404 0202 0303 0202 0303 0202 0103 0302 0302 0101 0101 0302 0104 0303 0101 0404 0404 0303 0202 0401 0404 0404 0102 0303 0101 0201 0303 0203 0404 0202 0202 0101 0104 0101 0202 0202 0103 0202 0401 0104 0202 0303 0101 0202 
2 , 0302 0102 0101 0102 0202 0202 0202 0303 0302 0101 0102 0301 0201 0101 0303 0303 0404 0303 0104 0404 0104 0404 0202 0404 0303 0303 0202 0402 0302 0101 0202 0303 0402 0303 0401 0101 0404 0202 0303 0202 0303 0203 0301 0302 0202 0101 0103 0303 0404 0303 0104 0404 0404 0303 0202 0404 0204 0404 0101 0303 0101 0101 0203 0202 0404 0402 0202 0401 0101 0202 0202 0204 0303 0202 0101 0104 0202 0301 0101 0202 
3 , 0302 0101 0101 0202 0201 0202 0202 0304 0302 0303 0202 0301 0101 0101 0303 0303 0404 0403 0404 0404 0404 0104 0202 0404 0103 0303 0202 0202 0302 0101 0402 0203 0202 0303 0401 0301 0404 0202 0303 0202 0303 0202 0101 0303 0202 0101 0101 0203 0104 0303 0101 0404 0404 0303 0202 0404 0204 0404 0202 0303 0101 0102 0203 0302 0104 0402 0202 0101 0101 0202 0202 0404 0303 0202 0101 0404 0202 0301 0101 0302 
4 , 0302 0101 0101 0202 0202 0402 0102 0403 0303 0301 0202 0303 0201 0102 0303 0303 0402 0404 0404 0404 0404 0404 0303 0404 0303 0303 0101 0204 0202 0101 0202 0302 0202 0303 0404 0301 0404 0202 0303 0202 0303 0202 0101 0303 0302 0101 0301 0302 0401 0303 0101 0204 0404 0303 0203 0404 0404 0304 0101 0303 0101 0101 0303 0202 0104 0404 0202 0101 0101 0201 0202 0202 0303 0202 0101 0404 0202 0303 0101 0202 
5 , 0303 0101 0101 0202 0201 0204 0201 0403 0303 0303 0202 0303 0101 0102 0303 0303 0404 0404 0404 0404 0404 0404 0202 0404 0303 0303 0201 0402 0203 0104 0202 0303 0202 0301 0404 0101 0404 0202 0203 0202 0202 0202 0303 0302 0202 0401 0303 0303 0101 0303 0101 0404 0404 0303 0203 0404 0404 0403 0201 0303 0101 0102 0302 0202 0404 0202 0203 0101 0101 0202 0202 0402 0303 0202 0401 0404 0202 0303 0101 0302 
6 , 0303 0201 0101 0202 0202 0202 0202 0303 0303 0303 0202 0303 0101 0101 0303 0303 0204 0404 0404 0404 0404 0101 0203 0404 0103 0303 0201 0204 0303 0101 0402 0203 0202 0303 0404 0301 0404 0202 0303 0202 0303 0302 0101 0303 0202 0101 0101 0202 0101 0303 0101 0404 0404 0303 0202 0404 0402 0403 0201 0303 0101 0102 0203 0202 0104 0404 0202 0101 0101 0201 0202 0404 0301 0202 0101 0404 0302 0303 0101 0202 
7 , 0203 0202 0303 0202 0201 0202 0202 0303 0303 0101 0102 0303 0102 0202 0303 0303 0404 0403 0101 0404 0404 0404 0202 0404 0303 0303 0201 0204 0302 0101 0202 0303 0402 0303 0404 0101 0404 0202 0303 0202 0303 0202 0101 0302 0202 0101 0303 0303 0104 0303 0401 0404 0404 0303 0202 0404 0404 0404 0102 0303 0101 0101 0203 0202 0404 0402 0302 0101 0101 0202 0202 0202 0303 0202 0101 0404 0202 0103 0101 0202 
8 , 0203 0101 0103 0202 0202 0202 0202 0303 0303 0303 0201 0301 0101 0101 0301 0303 0402 0403 0101 0404 0404 0401 0302 0404 0303 0303 0102 0402 0303 0101 0202 0303 0202 0303 0104 0101 0404 0202 0303 0202 0202 0202 0101 0203 0202 0101 0301 0302 0101 0303 0101 0404 0404 0303 0202 0404 0402 0404 0202 0303 0101 0101 0302 0202 0404 0402 0202 0101 0101 0102 0202 0204 0303 0202 0101 0404 0202 0103 0101 0203 
9 , 0203 0101 0103 0202 0202 0202 0201 0403 0303 0303 0202 0303 0101 0201 0103 0301 0204 0404 0104 0404 0404 0104 0202 0404 0303 0303 0102 0404 0303 0101 0204 0303 0202 0103 0101 0101 0404 0202 0303 0202 0303 0302 0301 0302 0202 0101 0103 0302 0101 0303 0101 0404 0404 0303 0202 0404 0404 0404 0202 0303 0101 0101 0303 0202 0404 0402 0202 0101 0101 0202 0402 0202 0301 0202 0101 0404 0202 0303 0101 0202 
10 , 0203 0102 0103 0202 0202 0202 0202 0303 0303 0103 0102 0303 0101 0101 0303 0303 0202 0404 0401 0404 0404 0401 0202 0404 0303 0303 0102 0202 0302 0401 0402 0302 0202 0303 0104 0103 0404 0202 0303 0202 0303 0302 0301 0303 0202 0104 0301 0302 0401 0403 0101 0404 0404 0203 0202 0404 0402 0403 0101 0303 0101 0201 0203 0202 0404 0404 0202 0101 0101 0202 0204 0202 0101 0202 0101 0401 0202 0301 0101 0302 
11 , 0302 0102 0103 0202 0102 0202 0201 0303 0303 0301 0202 0303 0101 0102 0301 0303 0404 0403 0101 0404 0104 0104 0202 0404 0303 0302 0101 0202 0302 0101 0202 0303 0202 0303 0404 0101 0404 0202 0303 0202 0203 0202 0101 0202 0302 0104 0303 0303 0104 0303 0101 0404 0404 0203 0202 0404 0404 0404 0202 0303 0101 0101 0202 0202 0404 0402 0202 0101 0101 0202 0202 0204 0303 0202 0101 0404 0203 0303 0101 0302 
12 , 0203 0201 0103 0202 0201 0202 0202 0403 0303 0303 0201 0303 0101 0102 0303 0303 0404 0303 0401 0404 0401 0401 0202 0404 0303 0303 0102 0202 0302 0101 0202 0303 0202 0303 0401 0301 0304 0202 0203 0202 0302 0202 0103 0203 0202 0401 0303 0202 0101 0303 0101 0404 0404 0303 0302 0404 0402 0404 0102 0303 0101 0201 0202 0202 0404 0402 0202 0101 0101 0202 0404 0204 0303 0202 0101 0104 0202 0303 0101 0202 
13 , 0303 0101 0303 0202 0102 0202 0201 0303 0302 0101 0201 0103 0101 0201 0303 0303 0204 0403 0401 0404 0404 0401 0302 0404 0303 0303 0101 0202 0202 0101 0202 0302 0202 0301 0404 0303 0404 0202 0303 0202 0303 0202 0301 0303 0202 0401 0101 0303 0104 0303 0401 0404 0204 0303 0202 0401 0202 0404 0101 0303 0101 0101 0302 0203 0404 0202 0202 0401 0101 0202 0202 0402 0303 0202 0101 0404 0202 0303 0101 0202 
14 , 0202 0101 0103 0202 0202 0202 0102 0404 0203 0301 0102 0303 0201 0201 0303 0103 0404 0403 0101 0304 0404 0401 0302 0404 0303 0303 0202 0404 0203 0401 0402 0303 0202 0101 0404 0101 0404 0202 0303 0202 0303 0202 0301 0203 0202 0401 0103 0302 0101 0303 0104 0404 0404 0303 0202 0404 0404 0404 0101 0303 0101 0101 0203 0202 0404 0404 0202 0101 0104 0202 0404 0202 0303 0202 0401 0401 0202 0103 0102 0202 
15 , 0203 0201 0101 0202 0202 0202 0202 0303 0303 0103 0101 0103 0201 0102 0303 0103 0404 0304 0104 0404 0404 0401 0203 0404 0303 0303 0202 0204 0303 0104 0202 0303 0202 0303 0404 0301 0404 0202 0303 0202 0303 0302 0301 0203 0302 0104 0303 0202 0101 0303 0401 0404 0404 0302 0202 0404 0402 0404 0101 0303 0101 0102 0302 0202 0104 0402 0202 0101 0101 0202 0204 0402 0303 0203 0101 0104 0202 0303 0102 0202 
16 , 0202 0101 0103 0202 0202 0202 0102 0303 0303 0301 0102 0303 0201 0101 0303 0303 0404 0404 0404 0404 0404 0404 0303 0404 0303 0303 0202 0404 0302 0101 0202 0303 0202 0303 0404 0101 0304 0202 0303 0202 0302 0202 0101 0203 0202 0101 0101 0302 0101 0303 0101 0404 0404 0303 0203 0404 0402 0403 0201 0303 0101 0202 0303 0202 0404 0404 0202 0101 0101 0101 0202 0402 0301 0202 0101 0401 0202 0103 0102 0202 
17 , 0303 0101 0303 0202 0102 0202 0201 0303 0303 0301 0202 0303 0102 0201 0103 0303 0404 0403 0404 0404 0404 0104 0202 0404 0303 0303 0201 0204 0303 0101 0202 0303 0202 0303 0404 0101 0403 0202 0303 0202 0303 0202 0101 0202 0202 0101 0103 0302 0101 0303 0101 0404 0402 0303 0202 0404 0404 0404 0202 0303 0101 0202 0203 0202 0404 0402 0202 0101 0401 0202 0202 0404 0303 0202 0101 0404 0202 0303 0101 0302 
18 , 0303 0101 0101 0202 0202 0202 0202 0403 0303 0303 0202 0301 0102 0101 0103 0303 0404 0404 0101 0404 0404 0404 0202 0404 0303 0303 0102 0402 0203 0401 0202 0303 0202 0303 0404 0101 0403 0402 0303 0202 0303 0202 0101 0303 0203 0401 0303 0302 0101 0303 0101 0404 0404 0302 0302 0404 0404 0403 0202 0303 0101 0101 0302 0202 0404 0402 0202 0101 0101 0202 0402 0404 0303 0202 0101 0404 0202 0301 0101 0303 
19 , 0302 0101 0101 0202 0202 0202 0201 0303 0203 0301 0201 0303 0202 0101 0303 0303 0404 0403 0404 0404 0404 0401 0202 0404 0103 0303 0202 0402 0303 0101 0402 0203 0202 0303 0404 0303 0403 0202 0303 0202 0303 0202 0103 0302 0203 0401 0103 0202 0101 0303 0101 0402 0404 0303 0202 0401 0404 0404 0102 0303 0101 0101 0203 0202 0404 0404 0202 0101 0104 0202 0202 0402 0303 0202 0101 0404 0202 0303 0101 0202 
20 , 0202 0202 0301 0102 0102 0202 0202 0403 0303 0303 0201 0103 0101 0102 0301 0303 0404 0304 0101 0404 0404 0404 0202 0404 0303 0303 0202 0402 0303 0101 0202 0303 0202 0303 0404 0101 0304 0202 0203 0202 0303 0202 0103 0203 0202 0101 0303 0302 0104 0403 0101 0404 0404 0303 0202 0404 0402 0404 0102 0303 0102 0101 0303 0202 0404 0402 0202 0104 0101 0202 0202 0202 0303 0202 0101 0404 0202 0303 0201 0303 
21 , 0303 0102 0101 0202 0201 0402 0201 0403 0303 0303 0201 0303 0201 0102 0301 0303 0204 0404 0101 0404 0404 0104 0302 0404 0303 0303 0201 0202 0203 0101 0202 0303 0202 0301 0104 0301 0404 0202 0303 0202 0303 0202 0103 0302 0302 0101 0103 0202 0101 0303 0101 0402 0404 0303 0202 0404 0404 0403 0102 0303 0201 0102 0302 0202 0404 0402 0202 0401 0101 0202 0202 0202 0301 0302 0101 0404 0202 0303 0101 0202 
22 , 0203 0101 0103 0202 0201 0202 0202 0303 0303 0303 0102 0303 0101 0101 0303 0303 0204 0303 0401 0404 0404 0404 0202 0404 0303 0303 0101 0202 0203 0401 0402 0302 0202 0301 0104 0103 0404 0202 0303 0202 0303 0202 0101 0202 0202 0101 0301 0303 0104 0403 0101 0404 0404 0203 0202 0404 0402 0404 0202 0303 0101 0101 0202 0202 0404 0404 0202 0101 0101 0102 0202 0202 0103 0202 0401 0404 0202 0303 0101 0302 
23 , 0203 0101 0301 0202 0201 0202 0202 0403 0303 0103 0201 0303 0101 0201 0103 0303 0404 0404 0101 0404 0404 0104 0302 0404 0303 0303 0102 0204 0203 0401 0202 0302 0202 0303 0404 0103 0403 0202 0303 0203 0303 0202 0303 0302 0203 0101 0301 0202 0401 0303 0101 0404 0402 0203 0202 0401 0404 0404 0201 0303 0101 0101 0302 0302 0404 0202 0302 0101 0101 0202 0204 0402 0303 0302 0101 0404 0202 0303 0101 0203 
24 , 0302 0101 0101 0202 0102 0204 0201 0303 0302 0103 0202 0303 0102 0102 0103 0303 0204 0403 0401 0404 0404 0401 0302 0404 0301 0303 0102 0402 0303 0101 0204 0203 0202 0301 0404 0101 0403 0202 0303 0202 0303 0202 0301 0303 0202 0101 0103 0302 0101 0303 0401 0404 0204 0303 0202 0404 0202 0404 0102 0303 0102 0101 0302 0202 0404 0204 0202 0101 0101 0202 0402 0402 0303 0202 0101 0404 0202 0303 0101 0202 
25 , 0303 0101 0103 0202 0202 0202 0202 0304 0303 0101 0201 0103 0202 0102 0303 0303 0404 0303 0101 0404 0404 0401 0203 0404 0303 0303 0202 0402 0302 0401 0402 0303 0402 0303 0404 0103 0404 0402 0303 0202 0302 0202 0301 0203 0202 0101 0103 0303 0404 0303 0101 0404 0404 0303 0202 0404 0202 0404 0101 0303 0101 0102 0303 0202 0404 0402 0202 0401 0101 0202 0202 0202 0303 0302 0101 0404 0202 0303 0101 0202 
26 , 0302 0101 0103 0202 0202 0202 0102 0303 0302 0301 0202 0303 0201 0101 0303 0103 0402 0304 0104 0403 0104 0404 0202 0404 0303 0303 0102 0404 0202 0101 0202 0302 0202 0301 0401 0103 0404 0202 0303 0202 0303 0202 0301 0303 0202 0101 0101 0303 0104 0303 0101 0404 0404 0303 0202 0104 0402 0403 0102 0303 0101 0201 0303 0303 0404 0402 0203 0401 0101 0201 0402 0202 0303 0202 0401 0404 0202 0303 0101 0303 
27 , 0303 0101 0303 0202 0202 0202 0201 0303 0303 0103 0202 0103 0201 0101 0303 0301 0404 0304 0104 0404 0404 0401 0202 0404 0303 0303 0202 0402 0303 0401 0202 0303 0202 0303 0401 0303 0404 0202 0303 0202 0302 0202 0101 0302 0202 0101 0303 0302 0101 0303 0101 0404 0404 0303 0202 0404 0404 0404 0101 0303 0101 0201 0303 0202 0404 0402 0202 0101 0101 0202 0202 0202 0303 0202 0401 0404 0203 0303 0101 0202 
28 , 0203 0201 0103 0202 0102 0202 0202 0403 0303 0103 0102 0301 0202 0102 0103 0103 0404 0304 0101 0404 0404 0404 0203 0404 0301 0303 0202 0404 0303 0104 0202 0302 0202 0303 0404 0301 0404 0202 0203 0202 0202 0202 0101 0203 0202 0101 0303 0303 0101 0303 0101 0404 0404 0303 0202 0404 0404 0404 0101 0403 0101 0101 0302 0202 0404 0204 0202 0101 0101 0202 0202 0402 0303 0202 0104 0404 0202 0303 0101 0202 
29 , 0303 0101 0301 0202 0102 0202 0101 0303 0302 0301 0102 0303 0101 0102 0301 0303 0204 0404 0101 0404 0404 0404 0302 0404 0303 0303 0102 0404 0203 0104 0204 0303 0202 0303 0104 0101 0404 0402 0303 0202 0302 0202 0103 0303 0202 0101 0303 0302 0104 0303 0101 0404 0404 0303 0202 0404 0402 0404 0202 0303 0102 0102 0303 0203 0404 0202 0202 0104 0101 0202 0402 0402 0303 0202 0401 0404 0202 0303 0101 0202 
30 , 0302 0101 0101 0202 0202 0402 0202 0303 0303 0303 0101 0303 0101 0101 0303 0303 0202 0404 0101 0404 0404 0104 0202 0404 0303 0303 0201 0204 0303 0101 0202 0303 0202 0303 0104 0303 0404 0202 0202 0202 0303 0302 0101 0303 0302 0401 0101 0302 0101 0303 0101 0404 0204 0303 0202 0401 0404 0403 0102 0303 0101 0102 0302 0203 0404 0404 0203 0101 0101 0202 0202 0402 0303 0302 0104 0404 0202 0303 0101 0202 
31 , 0303 0201 0101 0202 0201 0204 0202 0403 0303 0303 0201 0301 0101 0101 0303 0303 0402 0404 0101 0404 0404 0401 0302 0404 0303 0303 0202 0202 0203 0101 0204 0203 0202 0303 0404 0301 0404 0202 0203 0202 0203 0202 0303 0203 0202 0401 0103 0203 0104 0303 0401 0404 0404 0303 0202 0401 0404 0404 0102 0303 0101 0202 0303 0202 0404 0404 0202 0104 0104 0202 0402 0202 0303 0202 0104 0404 0202 0303 0102 0202 
32 , 0302 0101 0101 0201 0202 0202 0202 0303 0303 0103 0201 0301 0101 0201 0303 0303 0404 0404 0101 0404 0404 0104 0302 0404 0303 0302 0101 0202 0203 0404 0204 0303 0202 0303 0404 0301 0404 0204 0303 0202 0302 0202 0103 0302 0202 0101 0303 0202 0101 0304 0101 0404 0404 0303 0202 0404 0404 0404 0201 0303 0101 0101 0303 0302 0401 0204 0202 0101 0101 0202 0404 0404 0303 0302 0101 0404 0202 0303 0101 0202 
33 , 0302 0101 0103 0202 0201 0202 0201 0304 0303 0301 0202 0301 0202 0101 0301 0303 0402 0404 0404 0404 0404 0104 0202 0404 0303 0303 0202 0202 0203 0104 0202 0303 0204 0303 0104 0301 0404 0202 0303 0203 0302 0302 0101 0303 0302 0101 0101 0202 0401 0303 0101 0204 0404 0303 0202 0404 0404 0303 0102 0303 0101 0101 0303 0202 0404 0402 0202 0401 0101 0202 0202 0204 0303 0203 0104 0401 0202 0303 0102 0202 
34 , 0202 0202 0101 0202 0202 0204 0201 0303 0303 0103 0101 0101 0201 0101 0303 0103 0204 0403 0104 0404 0404 0404 0202 0404 0303 0303 0202 0402 0203 0101 0202 0303 0202 0303 0104 0303 0403 0202 0303 0202 0203 0202 0103 0202 0303 0101 0303 0302 0101 0303 0401 0402 0204 0303 0202 0404 0404 0403 0102 0303 0102 0101 0302 0202 0404 0204 0202 0101 0101 0202 0202 0204 0303 0202 0101 0104 0202 0303 0101 0202 
35 , 0202 0101 0103 0202 0201 0202 0202 0303 0303 0303 0202 0303 0102 0101 0303 0301 0404 0403 0104 0404 0404 0404 0202 0304 0303 0303 0102 0402 0203 0101 0202 0303 0204 0303 0404 0303 0304 0202 0303 0202 0302 0302 0101 0203 0302 0101 0101 0202 0101 0304 0101 0204 0204 0303 0202 0404 0204 0404 0102 0303 0101 0201 0303 0202 0404 0202 0202 0404 0101 0202 0202 0202 0303 0202 0104 0404 0302 0303 0101 0303 
36 , 0302 0101 0101 0202 0201 0202 0201 0303 0303 0103 0202 0103 0102 0101 0303 0303 0404 0403 0104 0404 0404 0404 0202 0404 0303 0303 0202 0202 0303 0101 0202 0303 0204 0303 0104 0103 0404 0202 0303 0202 0203 0202 0101 0303 0202 0101 0301 0202 0101 0303 0101 0404 0404 0303 0202 0404 0404 0404 0202 0303 0101 0101 0302 0202 0104 0202 0202 0101 0101 0202 0204 0402 0303 0203 0104 0404 0202 0303 0101 0202 
37 , 0203 0101 0101 0202 0202 0402 0102 0303 0303 0301 0201 0303 0102 0102 0303 0303 0404 0404 0404 0404 0404 0401 0202 0403 0303 0303 0202 0202 0303 0401 0202 0303 0202 0303 0404 0101 0404 0402 0303 0202 0303 0202 0103 0203 0202 0101 0103 0202 0401 0303 0101 0404 0404 0303 0202 0404 0404 0404 0202 0303 0101 0101 0203 0202 0404 0402 0202 0101 0401 0202 0202 0204 0303 0202 0404 0404 0202 0303 0101 0202 
38 , 0303 0101 0101 0102 0102 0202 0202 0303 0303 0101 0202 0103 0201 0202 0303 0303 0404 0304 0101 0404 0104 0404 0203 0404 0303 0303 0201 0404 0303 0401 0402 0302 0202 0303 0404 0101 0404 0202 0303 0202 0302 0202 0101 0203 0202 0101 0301 0202 0401 0303 0401 0404 0404 0303 0203 0404 0204 0404 0101 0303 0101 0102 0203 0202 0404 0402 0202 0101 0101 0201 0202 0202 0301 0302 0101 0104 0202 0303 0101 0202 
39 , 0302 0101 0101 0202 0201 0202 0102 0303 0303 0303 0202 0303 0201 0101 0103 0303 0404 0403 0401 0404 0404 0404 0302 0404 0303 0303 0102 0202 0203 0104 0202 0302 0204 0303 0104 0303 0404 0202 0303 0203 0302 0302 0101 0302 0302 0101 0103 0302 0101 0303 0101 0204 0404 0303 0202 0404 0404 0404 0101 0303 0101 0101 0303 0202 0104 0402 0202 0401 0101 0202 0204 0202 0303 0202 0101 0404 0202 0303 0101 0203 
40 , 0202 0201 0301 0202 0202 0202 0102 0404 0303 0301 0102 0303 0202 0101 0303 0303 0404 0404 0404 0404 0404 0401 0203 0404 0303 0303 0102 0402 0203 0104 0402 0302 0202 0103 0404 0301 0404 0202 0303 0202 0302 0202 0101 0203 0202 0101 0301 0202 0401 0303 0101 0404 0204 0303 0202 0404 0404 0403 0201 0303 0102 0201 0303 0203 0404 0404 0202 0101 0101 0202 0204 0204 0303 0202 0401 0404 0302 0303 0101 0203 
41 , 0303 0202 0101 0201 0202 0204 0202 0303 0203 0303 0202 0303 0202 0102 0303 0303 0402 0404 0101 0404 0404 0401 0202 0404 0303 0303 0202 0202 0203 0104 0202 0303 0202 0301 0401 0303 0404 0202 0302 0202 0303 0203 0101 0302 0302 0101 0301 0303 0101 0303 0101 0404 0204 0303 0202 0404 0404 0404 0102 0303 0101 0101 0303 0202 0404 0402 0202 0101 0101 0202 0402 0202 0303 0202 0101 0404 0202 0303 0101 0202 
42 , 0203 0101 0103 0202 0202 0202 0202 0304 0303 0101 0102 0303 0101 0101 0301 0303 0404 0404 0401 0404 0404 0404 0302 0404 0303 0303 0102 0204 0302 0404 0202 0203 0202 0303 0401 0101 0404 0402 0303 0202 0303 0202 0101 0202 0202 0104 0303 0202 0101 0303 0101 0204 0404 0303 0202 0404 0404 0404 0201 0303 0102 0102 0202 0202 0404 0404 0202 0101 0401 0202 0204 0202 0303 0202 0401 0404 0202 0303 0201 0202 
43 , 0302 0101 0303 0202 0201 0202 0102 0304 0303 0103 0101 0301 0102 0102 0303 0303 0204 0304 0104 0403 0404 0401 0202 0404 0303 0303 0101 0202 0303 0401 0402 0303 0202 0303 0404 0101 0404 0202 0303 0202 0303 0302 0101 0302 0202 0101 0301 0202 0404 0403 0101 0404 0404 0302 0202 0404 0404 0404 0202 0303 0101 0201 0203 0202 0404 0402 0202 0101 0101 0102 0202 0204 0303 0202 0101 0404 0202 0301 0101 0302 
44 , 0303 0101 0301 0202 0202 0202 0201 0303 0303 0303 0102 0303 0101 0201 0303 0303 0204 0404 0101 0404 0404 0404 0303 0404 0303 0303 0102 0402 0203 0104 0202 0302 0202 0303 0404 0301 0404 0402 0303 0202 0303 0203 0103 0303 0202 0101 0301 0303 0101 0303 0101 0404 0402 0303 0202 0401 0204 0404 0201 0303 0101 0101 0302 0202 0404 0202 0202 0104 0101 0102 0202 0402 0303 0302 0101 0404 0202 0303 0101 0202 
45 , 0203 0101 0101 0202 0202 0202 0101 0303 0303 0303 0202 0303 0101 0101 0303 0303 0404 0404 0101 0404 0404 0104 0202 0404 0303 0203 0102 0402 0302 0101 0202 0303 0202 0303 0104 0301 0404 0202 0303 0202 0303 0302 0303 0302 0203 0101 0103 0302 0101 0303 0401 0404 0404 0302 0203 0404 0404 0404 0202 0303 0202 0101 0302 0202 0404 0402 0202 0101 0101 0202 0402 0202 0303 0202 0101 0404 0202 0303 0101 0203 
46 , 0303 0101 0301 0202 0202 0202 0201 0304 0303 0301 0201 0103 0201 0101 0101 0301 0404 0304 0101 0404 0404 0401 0203 0404 0301 0303 0202 0402 0302 0401 0202 0303 0202 0303 0404 0301 0404 0204 0303 0202 0303 0202 0303 0303 0202 0101 0303 0302 0401 0303 0104 0404 0404 0303 0202 0404 0404 0404 0102 0303 0102 0101 0203 0202 0404 0402 0202 0101 0101 0202 0204 0202 0103 0202 0404 0404 0202 0303 0202 0202 
47 , 0303 0201 0303 0202 0202 0202 0202 0303 0203 0303 0202 0303 0201 0101 0303 0303 0404 0404 0404 0404 0404 0404 0202 0403 0103 0303 0202 0204 0303 0104 0404 0203 0202 0303 0404 0303 0403 0202 0303 0202 0303 0302 0103 0303 0202 0101 0103 0203 0101 0303 0104 0404 0402 0303 0202 0404 0402 0404 0201 0303 0101 0102 0202 0302 0101 0402 0202 0101 0101 0202 0204 0404 0303 0202 0101 0404 0302 0303 0101 0203 
48 , 0302 0101 0301 0202 0202 0204 0202 0303 0303 0103 0201 0301 0101 0201 0303 0303 0404 0403 0101 0404 0401 0404 0202 0404 0303 0303 0102 0204 0302 0104 0402 0303 0202 0103 0404 0101 0404 0202 0203 0202 0303 0202 0301 0303 0202 0101 0301 0203 0101 0303 0101 0404 0404 0303 0202 0404 0404 0404 0202 0303 0101 0101 0303 0202 0404 0404 0202 0101 0101 0202 0404 0204 0103 0202 0101 0404 0202 0303 0101 0302 
49 , 0303 0102 0303 0202 0102 0202 0102 0403 0303 0303 0102 0303 0202 0102 0303 0103 0404 0404 0404 0404 0404 0101 0302 0404 0301 0303 0202 0204 0303 0101 0202 0303 0202 0303 0404 0103 0404 0202 0303 0202 0303 0202 0103 0302 0302 0101 0103 0202 0104 0303 0101 0404 0404 0303 0202 0404 0404 0404 0202 0303 0101 0101 0303 0202 0404 0404 0202 0101 0101 0202 0402 0404 0103 0202 0101 0404 0202 0303 0101 0202 
50 , 0303 0101 0101 0202 0102 0202 0102 0304 0303 0101 0202 0103 0202 0101 0303 0303 0204 0304 0401 0404 0404 0104 0202 0404 0303 0303 0202 0202 0203 0101 0202 0303 0202 0303 0404 0101 0303 0202 0203 0202 0303 0202 0303 0202 0303 0101 0101 0202 0101 0303 0101 0404 0404 0303 0202 0404 0404 0403 0102 0303 0202 0101 0303 0202 0404 0202 0202 0101 0101 0202 0202 0404 0303 0202 0101 0404 0202 0303 0101 0303 
51 , 0303 0201 0101 0202 0102 0202 0202 0303 0302 0103 0201 0303 0201 0201 0303 0301 0404 0404 0104 0304 0404 0401 0202 0404 0303 0303 0202 0402 0303 0401 0202 0303 0202 0303 0404 0103 0404 0204 0303 0202 0303 0202 0301 0203 0203 0104 0301 0203 0101 0303 0101 0404 0402 0303 0202 0404 0404 0404 0101 0303 0101 0102 0202 0202 0404 0404 0202 0101 0101 0202 0402 0404 0303 0202 0101 0404 0202 0303 0101 0302 
52 , 0203 0101 0103 0202 0201 0202 0202 0303 0302 0103 0101 0303 0101 0101 0103 0103 0404 0404 0101 0304 0404 0404 0202 0404 0303 0303 0202 0202 0302 0101 0202 0302 0202 0301 0404 0303 0404 0202 0303 0202 0303 0202 0301 0202 0202 0101 0101 0303 0101 0303 0101 0404 0404 0203 0202 0401 0402 0404 0101 0303 0101 0101 0302 0203 0404 0404 0202 0401 0101 0202 0402 0202 0303 0302 0401 0404 0202 0303 0101 0302 
53 , 0302 0101 0303 0202 0201 0202 0102 0303 0303 0303 0202 0303 0201 0101 0303 0303 0404 0303 0104 0404 0404 0404 0202 0404 0303 0203 0202 0404 0303 0101 0202 0303 0204 0103 0404 0103 0404 0202 0303 0202 0302 0202 0101 0203 0202 0101 0101 0202 0101 0304 0101 0404 0204 0303 0202 0404 0404 0404 0202 0403 0101 0101 0203 0202 0104 0402 0202 0101 0101 0102 0202 0202 0303 0203 0104 0404 0202 0101 0101 0202 
54 , 0303 0101 0101 0202 0102 0402 0201 0303 0303 0103 0102 0301 0201 0101 0103 0103 0204 0304 0101 0404 0404 0104 0302 0404 0303 0303 0202 0202 0303 0401 0202 0303 0202 0303 0404 0301 0403 0202 0203 0202 0303 0302 0101 0303 0203 0101 0101 0302 0101 0303 0101 0404 0404 0302 0202 0404 0404 0403 0202 0303 0101 0101 0302 0202 0404 0202 0202 0401 0101 0202 0202 0204 0303 0302 0101 0404 0202 0301 0101 0203 
55 , 0302 0101 0301 0202 0101 0202 0202 0304 0302 0103 0201 0103 0201 0201 0103 0301 0404 0404 0401 0304 0404 0104 0202 0404 0303 0303 0202 0202 0203 0401 0202 0203 0202 0301 0404 0103 0404 0202 0302 0202 0303 0202 0101 0302 0202 0101 0101 0302 0401 0303 0101 0404 0404 0303 0202 0401 0404 0404 0101 0303 0101 0102 0302 0202 0401 0402 0203 0101 0101 0202 0202 0202 0303 0202 0401 0404 0202 0101 0101 0202 
56 , 0202 0101 0101 0202 0202 0202 0201 0404 0303 0101 0101 0303 0201 0201 0303 0303 0404 0303 0104 0404 0404 0401 0203 0404 0303 0303 0202 0404 0302 0101 0202 0303 0202 0303 0404 0101 0404 0202 0203 0202 0303 0203 0103 0302 0303 0101 0101 0303 0101 0303 0101 0404 0402 0202 0202 0404 0204 0404 0101 0303 0101 0101 0202 0202 0401 0204 0202 0101 0101 0202 0402 0202 0303 0202 0101 0401 0202 0103 0101 0202 
57 , 0303 0201 0301 0202 0202 0202 0201 0304 0303 0303 0202 0301 0202 0202 0303 0303 0404 0304 0104 0404 0404 0104 0302 0404 0101 0303 0102 0404 0302 0101 0402 0303 0202 0103 0401 0301 0404 0202 0303 0202 0302 0302 0101 0302 0302 0401 0103 0203 0101 0303 0401 0404 0404 0303 0202 0404 0404 0404 0101 0303 0101 0101 0303 0202 0404 0204 0202 0401 0101 0202 0202 0202 0303 0202 0104 0404 0202 0303 0101 0202 
58 , 0302 0101 0101 0202 0202 0202 0202 0304 0303 0301 0102 0303 0201 0101 0103 0303 0404 0404 0104 0404 0404 0401 0202 0404 0303 0303 0102 0402 0203 0101 0402 0203 0202 0103 0404 0101 0404 0202 0303 0202 0303 0202 0103 0203 0202 0101 0301 0202 0104 0303 0101 0404 0404 0302 0202 0104 0404 0303 0201 0303 0102 0202 0203 0203 0404 0202 0202 0101 0101 0202 0404 0202 0303 0202 0101 0404 0202 0303 0101 0203 
59 , 0303 0101 0101 0202 0202 0202 0202 0303 0303 0101 0101 0301 0202 0101 0303 0303 0404 0403 0101 0404 0404 0404 0202 0404 0303 0303 0102 0402 0203 0101 0402 0203 0202 0303 0404 0301 0404 0202 0303 0202 0302 0202 0303 0202 0202 0101 0303 0302 0101 0303 0101 0402 0404 0303 0202 0404 0404 0403 0202 0303 0102 0201 0202 0202 0404 0204 0202 0101 0104 0202 0402 0204 0303 0202 0101 0404 0202 0303 0101 0202 
60 , 0302 0101 0101 0202 0202 0402 0102 0303 0303 0103 0201 0301 0101 0101 0103 0303 0204 0404 0104 0404 0404 0101 0302 0404 0303 0303 0202 0204 0303 0401 0202 0303 0202 0303 0104 0301 0404 0202 0303 0202 0303 0302 0103 0302 0302 0401 0103 0303 0101 0303 0101 0404 0202 0303 0202 0404 0404 0404 0201 0303 0101 0102 0303 0202 0401 0404 0202 0401 0101 0202 0202 0202 0303 0302 0104 0404 0202 0303 0101 0202 
61 , 0202 0201 0101 0202 0202 0402 0101 0304 0303 0103 0202 0301 0102 0101 0303 0301 0404 0403 0404 0404 0404 0404 0202 0404 0303 0303 0202 0404 0303 0101 0202 0203 0404 0303 0104 0301 0404 0202 0203 0203 0303 0202 0301 0203 0202 0101 0301 0202 0101 0303 0401 0204 0404 0303 0302 0404 0404 0404 0102 0303 0101 0101 0302 0302 0404 0402 0202 0101 0101 0202 0202 0202 0103 0203 0104 0104 0202 0101 0101 0202 
62 , 0302 0201 0101 0102 0202 0202 0202 0404 0303 0101 0201 0303 0101 0101 0303 0303 0404 0403 0104 0404 0404 0404 0302 0404 0303 0303 0202 0204 0302 0101 0202 0203 0202 0303 0404 0301 0304 0204 0203 0202 0302 0203 0101 0203 0202 0101 0103 0203 0101 0303 0104 0404 0404 0302 0202 0404 0404 0404 0101 0303 0101 0201 0302 0302 0401 0204 0202 0101 0101 0202 0402 0202 0303 0202 0101 0401 0202 0103 0101 0202 
63 , 0202 0101 0101 0202 0102 0202 0102 0304 0302 0303 0102 0303 0101 0201 0303 0303 0202 0404 0101 0404 0404 0404 0202 0404 0303 0303 0202 0402 0203 0101 0202 0303 0202 0301 0404 0103 0404 0202 0303 0202 0302 0202 0101 0202 0202 0101 0301 0302 0101 0304 0101 0402 0404 0302 0302 0404 0204 0404 0201 0303 0101 0102 0302 0202 0401 0202 0203 0101 0101 0202 0402 0402 0303 0202 0104 0404 0202 0303 0101 0202 
64 , 0202 0101 0303 0202 0201 0202 0202 0403 0302 0303 0101 0301 0201 0201 0303 0303 0404 0304 0104 0404 0404 0101 0202 0404 0303 0303 0202 0404 0303 0101 0202 0303 0202 0303 0401 0103 0404 0402 0303 0203 0303 0202 0101 0302 0302 0101 0101 0303 0401 0303 0101 0404 0402 0303 0202 0404 0204 0404 0101 0303 0101 0102 0203 0202 0404 0204 0202 0101 0101 0202 0202 0202 0303 0202 0101 0404 0202 0103 0101 0202 
65 , 0202 0101 0103 0202 0202 0202 0202 0303 0302 0301 0201 0303 0101 0101 0303 0303 0402 0403 0104 0403 0404 0104 0202 0404 0303 0303 0102 0404 0302 0401 0202 0303 0202 0103 0401 0303 0404 0204 0303 0202 0303 0202 0301 0203 0302 0101 0101 0202 0104 0303 0101 0404 0204 0303 0202 0404 0404 0403 0101 0303 0101 0101 0303 0203 0104 0202 0202 0101 0101 0202 0202 0202 0303 0202 0101 0404 0202 0303 0101 0303 
66 , 0203 0101 0103 0202 0201 0202 0201 0303 0303 0303 0101 0303 0201 0201 0303 0303 0204 0403 0101 0404 0404 0401 0202 0404 0303 0303 0101 0402 0202 0101 0202 0303 0202 0301 0104 0303 0404 0202 0303 0202 0303 0202 0101 0203 0202 0101 0301 0303 0104 0303 0101 0404 0404 0303 0302 0401 0202 0404 0202 0303 0201 0101 0302 0203 0404 0204 0202 0101 0101 0202 0402 0202 0303 0302 0401 0404 0202 0303 0101 0202 
67 , 0302 0102 0101 0202 0102 0204 0201 0303 0302 0303 0102 0303 0202 0102 0303 0303 0404 0403 0401 0404 0404 0401 0302 0404 0303 0303 0102 0202 0302 0101 0204 0303 0202 0301 0404 0103 0404 0202 0302 0202 0303 0202 0301 0303 0202 0401 0303 0302 0101 0303 0401 0204 0204 0303 0202 0404 0202 0304 0102 0303 0102 0101 0302 0202 0404 0202 0202 0101 0101 0202 0402 0402 0303 0202 0101 0404 0202 0303 0101 0202 
68 , 0303 0101 0101 0202 0201 0202 0201 0404 0302 0103 0202 0103 0101 0101 0303 0301 0402 0403 0401 0304 0404 0101 0202 0404 0303 0303 0202 0404 0303 0404 0202 0203 0202 0303 0404 0101 0404 0202 0302 0203 0303 0202 0101 0302 0202 0101 0101 0302 0101 0303 0101 0404 0404 0203 0202 0404 0404 0304 0202 0303 0101 0101 0302 0202 0401 0204 0203 0401 0101 0202 0202 0202 0303 0202 0401 0404 0202 0103 0101 0203 
69 , 0302 0201 0101 0202 0202 0202 0202 0303 0303 0103 0202 0103 0102 0101 0303 0303 0404 0404 0404 0404 0104 0104 0202 0404 0303 0303 0202 0402 0303 0101 0204 0303 0202 0303 0404 0103 0404 0202 0303 0202 0303 0202 0101 0202 0202 0101 0301 0202 0104 0303 0101 0404 0404 0203 0202 0404 0404 0404 0102 0303 0101 0102 0302 0202 0404 0402 0202 0401 0101 0202 0204 0202 0303 0202 0104 0404 0202 0303 0101 0203 
70 , 0203 0101 0101 0202 0102 0202 0201 0303 0303 0301 0101 0303 0101 0101 0301 0303 0404 0404 0101 0404 0404 0401 0202 0304 0303 0303 0102 0404 0203 0404 0402 0303 0202 0103 0404 0301 0304 0202 0303 0202 0302 0202 0301 0203 0202 0101 0103 0202 0101 0303 0101 0204 0204 0303 0202 0104 0202 0404 0102 0303 0101 0101 0303 0203 0404 0202 0202 0401 0101 0202 0202 0202 0303 0202 0101 0404 0302 0103 0101 0302 
71 , 0303 0201 0101 0202 0201 0202 0202 0403 0303 0101 0201 0103 0101 0101 0303 0303 0404 0403 0401 0404 0404 0104 0202 0304 0303 0303 0102 0402 0303 0101 0202 0303 0202 0103 0101 0101 0404 0202 0303 0302 0303 0202 0103 0203 0202 0101 0301 0202 0101 0303 0104 0404 0402 0303 0202 0404 0404 0404 0201 0403 0101 0102 0303 0202 0404 0402 0202 0101 0101 0202 0402 0202 0303 0202 0404 0404 0202 0303 0101 0302 
72 , 0203 0201 0103 0202 0202 0202 0202 0303 0203 0301 0202 0103 0202 0101 0301 0303 0404 0304 0101 0404 0404 0104 0302 0404 0303 0303 0101 0404 0303 0101 0202 0203 0202 0303 0101 0303 0404 0202 0303 0202 0303 0202 0101 0203 0202 0101 0101 0202 0101 0403 0101 0404 0404 0303 0203 0104 0404 0404 0201 0303 0101 0201 0303 0203 0404 0402 0202 0101 0101 0202 0204 0402 0303 0302 0101 0404 0202 0301 0101 0202 
73 , 0202 0101 0101 0202 0202 0202 0201 0303 0302 0303 0102 0303 0101 0201 0301 0303 0404 0404 0104 0404 0404 0404 0203 0404 0303 0203 0102 0402 0303 0101 0204 0303 0202 0103 0104 0301 0404 0202 0303 0202 0303 0202 0303 0303 0202 0101 0103 0202 0101 0303 0401 0404 0204 0302 0202 0404 0402 0404 0202 0303 0202 0101 0303 0202 0404 0402 0202 0101 0101 0202 0402 0204 0303 0202 0101 0404 0202 0303 0101 0203 
74 , 0302 0202 0101 0202 0101 0202 0202 0403 0303 0101 0201 0103 0202 0101 0103 0103 0402 0403 0101 0404 0404 0401 0302 0404 0303 0303 0202 0402 0302 0104 0202 0303 0202 0303 0404 0303 0304 0202 0302 0202 0203 0203 0101 0303 0202 0101 0301 0203 0101 0303 0101 0404 0402 0303 0202 0404 0404 0404 0201 0403 0101 0201 0303 0202 0404 0204 0202 0101 0101 0202 0202 0402 0303 0202 0101 0404 0202 0303 0101 0202 
75 , 0302 0101 0101 0202 0202 0202 0101 0304 0303 0301 0201 0303 0201 0101 0103 0303 0404 0303 0104 0404 0404 0101 0203 0404 0303 0203 0202 0404 0302 0401 0202 0303 0202 0303 0404 0101 0404 0202 0303 0202 0302 0203 0103 0203 0202 0101 0101 0203 0104 0303 0101 0404 0202 0303 0202 0404 0404 0404 0201 0403 0101 0201 0302 0202 0404 0202 0202 0101 0101 0202 0202 0202 0103 0202 0101 0101 0202 0103 0101 0202 
76 , 0203 0101 0301 0202 0202 0402 0101 0303 0303 0303 0101 0303 0202 0101 0103 0303 0204 0404 0401 0404 0404 0401 0303 0404 0303 0303 0202 0402 0303 0104 0202 0303 0202 0103 0104 0301 0404 0202 0303 0202 0303 0203 0103 0203 0202 0101 0303 0203 0401 0303 0101 0404 0204 0303 0203 0404 0404 0404 0201 0303 0201 0201 0302 0202 0401 0404 0202 0104 0101 0202 0402 0204 0303 0202 0401 0404 0202 0103 0101 0302 
77 , 0202 0202 0301 0202 0202 0404 0102 0303 0303 0303 0201 0303 0201 0101 0303 0303 0404 0404 0104 0404 0404 0401 0303 0404 0103 0303 0201 0202 0302 0101 0202 0203 0202 0303 0104 0101 0404 0202 0303 0202 0303 0202 0101 0203 0202 0101 0301 0203 0101 0303 0104 0404 0204 0303 0202 0404 0404 0404 0202 0303 0101 0201 0302 0202 0404 0404 0202 0101 0101 0202 0202 0202 0103 0202 0104 0404 0302 0103 0102 0202 
78 , 0202 0101 0101 0202 0102 0202 0202 0403 0303 0103 0202 0303 0201 0201 0303 0103 0404 0404 0101 0404 0404 0404 0202 0404 0303 0302 0202 0402 0303 0404 0204 0303 0202 0303 0401 0103 0404 0204 0303 0202 0302 0202 0103 0203 0202 0101 0103 0202 0101 0303 0101 0404 0404 0303 0202 0104 0404 0403 0101 0303 0101 0101 0203 0302 0404 0404 0203 0101 0101 0202 0402 0204 0303 0203 0101 0404 0202 0303 0102 0302 
79 , 0202 0101 0103 0202 0202 0402 0202 0303 0302 0103 0101 0303 0101 0102 0303 0303 0402 0403 0401 0403 0404 0404 0302 0404 0303 0303 0102 0204 0302 0101 0202 0203 0202 0301 0404 0103 0404 0402 0303 0302 0303 0202 0101 0203 0203 0101 0101 0202 0404 0303 0101 0404 0404 0303 0202 0404 0402 0404 0202 0303 0101 0101 0203 0203 0404 0402 0202 0101 0401 0201 0202 0202 0303 0202 0101 0404 0202 0303 0201 0202 
80 , 0202 0201 0303 0202 0202 0202 0102 0304 0303 0101 0101 0303 0101 0101 0301 0303 0404 0304 0101 0404 0404 0404 0202 0404 0301 0303 0101 0402 0302 0104 0202 0203 0202 0303 0101 0301 0404 0202 0303 0202 0303 0202 0101 0202 0202 0104 0103 0202 0101 0303 0101 0404 0204 0303 0202 0104 0402 0404 0101 0303 0101 0102 0302 0202 0404 0404 0203 0101 0101 0202 0402 0202 0103 0302 0401 0404 0203 0303 0101 0202 
81 , 0302 0101 0103 0202 0202 0202 0102 0303 0202 0303 0101 0303 0201 0201 0303 0303 0204 0403 0104 0303 0404 0404 0302 0404 0303 0303 0202 0204 0302 0401 0202 0303 0202 0301 0104 0103 0404 0202 0303 0202 0303 0202 0301 0303 0203 0101 0301 0303 0104 0303 0101 0404 0204 0203 0202 0404 0202 0404 0202 0303 0101 0101 0203 0302 0404 0202 0202 0101 0101 0202 0202 0202 0103 0202 0101 0104 0202 0303 0101 0203 
82 , 0302 0101 0103 0201 0202 0202 0202 0403 0303 0303 0201 0303 0101 0101 0103 0303 0204 0403 0104 0404 0404 0401 0202 0404 0303 0303 0201 0402 0303 0101 0202 0303 0202 0303 0404 0301 0403 0402 0203 0202 0303 0202 0101 0302 0202 0401 0303 0302 0101 0303 0101 0404 0402 0303 0203 0404 0404 0404 0202 0303 0101 0202 0303 0202 0404 0402 0202 0101 0101 0202 0204 0202 0303 0202 0101 0404 0202 0303 0102 0203 
83 , 0203 0201 0301 0202 0202 0202 0202 0303 0303 0101 0202 0303 0101 0201 0303 0103 0404 0304 0101 0304 0104 0404 0202 0404 0303 0303 0202 0202 0303 0101 0202 0203 0202 0303 0404 0101 0403 0202 0303 0202 0303 0202 0301 0302 0203 0401 0301 0302 0101 0403 0101 0404 0404 0302 0202 0404 0404 0403 0202 0303 0101 0201 0303 0202 0404 0202 0202 0101 0101 0202 0402 0204 0303 0302 0101 0404 0202 0303 0101 0203 
84 , 0203 0201 0103 0101 0202 0202 0202 0304 0303 0101 0202 0303 0102 0101 0303 0301 0404 0303 0101 0404 0401 0401 0203 0404 0301 0303 0202 0402 0302 0401 0202 0302 0202 0303 0404 0101 0404 0202 0303 0202 0303 0202 0303 0202 0202 0101 0303 0302 0401 0303 0101 0404 0404 0303 0202 0404 0404 0304 0101 0303 0101 0101 0202 0202 0404 0402 0202 0101 0101 0202 0402 0202 0303 0202 0101 0404 0203 0303 0201 0302 
85 , 0303 0101 0103 0201 0202 0202 0202 0303 0303 0301 0102 0303 0202 0101 0303 0303 0404 0304 0101 0404 0404 0404 0202 0404 0303 0303 0102 0404 0202 0101 0402 0203 0202 0103 0404 0101 0304 0202 0303 0202 0303 0202 0101 0202 0202 0101 0303 0302 0101 0303 0101 0404 0402 0303 0203 0404 0404 0404 0201 0303 0101 0202 0203 0202 0404 0202 0202 0101 0101 0202 0404 0404 0303 0202 0101 0104 0202 0303 0102 0203 
86 , 0302 0102 0101 0202 0202 0202 0202 0403 0303 0301 0202 0103 0101 0101 0303 0303 0404 0403 0401 0404 0404 0101 0202 0404 0303 0303 0102 0404 0303 0104 0402 0302 0202 0303 0404 0301 0404 0202 0203 0302 0302 0202 0101 0203 0202 0101 0301 0202 0101 0303 0101 0404 0404 0302 0202 0404 0404 0403 0201 0303 0102 0102 0303 0202 0404 0402 0202 0101 0101 0102 0204 0202 0303 0202 0101 0404 0202 0303 0101 0202 
87 , 0203 0102 0103 0202 0102 0202 0202 0403 0303 0301 0101 0303 0101 0101 0303 0303 0404 0404 0101 0404 0404 0404 0202 0304 0303 0303 0102 0402 0302 0401 0402 0303 0202 0103 0404 0301 0304 0202 0302 0202 0303 0202 0301 0203 0202 0104 0103 0303 0104 0303 0101 0204 0204 0303 0202 0104 0204 0403 0102 0303 0101 0101 0303 0202 0404 0202 0202 0101 0101 0202 0202 0202 0301 0202 0101 0404 0302 0103 0101 0302 
88 , 0203 0101 0101 0202 0202 0202 0201 0303 0303 0101 0202 0303 0202 0101 0303 0101 0404 0404 0101 0404 0404 0404 0202 0404 0303 0303 0202 0202 0302 0401 0202 0303 0202 0303 0404 0101 0403 0202 0303 0202 0303 0202 0303 0203 0203 0401 0101 0302 0101 0403 0101 0404 0404 0302 0202 0404 0204 0403 0202 0303 0102 0101 0303 0302 0404 0402 0202 0401 0101 0202 0402 0202 0303 0202 0101 0404 0202 0301 0101 0303 
89 , 0202 0101 0303 0202 0101 0202 0102 0303 0303 0303 0101 0303 0101 0101 0103 0303 0404 0403 0104 0404 0404 0404 0202 0404 0303 0303 0101 0402 0203 0104 0204 0303 0202 0103 0104 0103 0403 0202 0303 0203 0302 0302 0303 0302 0203 0101 0303 0302 0101 0303 0101 0404 0402 0303 0202 0401 0404 0404 0201 0303 0101 0101 0203 0202 0404 0202 0302 0101 0101 0202 0202 0202 0303 0202 0101 0401 0202 0303 0101 0303 
90 , 0203 0101 0101 0102 0202 0202 0102 0404 0303 0303 0101 0303 0102 0102 0303 0103 0404 0304 0401 0304 0404 0401 0203 0304 0303 0303 0202 0204 0203 0104 0202 0303 0202 0303 0404 0103 0404 0202 0303 0203 0303 0302 0101 0202 0202 0404 0301 0203 0101 0303 0101 0404 0204 0303 0202 0401 0404 0404 0101 0303 0101 0202 0302 0302 0404 0402 0302 0101 0101 0202 0202 0402 0103 0203 0101 0404 0202 0303 0101 0302 
91 , 0302 0101 0103 0202 0202 0202 0201 0303 0203 0101 0102 0303 0202 0101 0303 0303 0404 0403 0101 0304 0404 0104 0302 0404 0303 0303 0201 0202 0303 0401 0202 0303 0202 0303 0104 0103 0404 0202 0303 0202 0203 0202 0301 0303 0202 0101 0301 0302 0404 0303 0101 0404 0204 0203 0202 0404 0404 0404 0201 0303 0101 0101 0203 0302 0404 0402 0202 0101 0101 0202 0204 0402 0101 0202 0101 0404 0202 0301 0101 0302 
92 , 0202 0101 0301 0202 0202 0202 0202 0303 0302 0101 0201 0303 0201 0202 0301 0303 0404 0404 0101 0304 0404 0104 0203 0404 0303 0203 0202 0202 0303 0404 0202 0203 0202 0303 0404 0101 0404 0202 0303 0202 0302 0202 0103 0303 0202 0101 0303 0202 0101 0303 0101 0404 0404 0302 0202 0404 0404 0304 0202 0303 0101 0102 0303 0203 0404 0402 0202 0104 0101 0102 0202 0204 0303 0202 0101 0104 0202 0303 0101 0302 
93 , 0203 0101 0301 0202 0202 0402 0101 0303 0303 0303 0202 0301 0101 0101 0103 0303 0404 0304 0101 0404 0404 0104 0302 0404 0303 0303 0202 0402 0203 0401 0202 0303 0202 0303 0104 0101 0403 0202 0203 0202 0303 0202 0303 0203 0203 0101 0301 0302 0101 0303 0101 0204 0404 0302 0203 0404 0204 0404 0202 0303 0101 0201 0302 0202 0404 0202 0202 0101 0101 0202 0202 0404 0303 0202 0101 0404 0202 0303 0101 0203 
94 , 0203 0101 0101 0202 0202 0202 0201 0303 0303 0303 0101 0303 0202 0201 0103 0303 0404 0304 0401 0404 0404 0404 0202 0404 0303 0303 0202 0402 0302 0101 0204 0303 0202 0101 0404 0301 0404 0402 0203 0202 0303 0202 0101 0203 0302 0101 0101 0302 0401 0303 0101 0404 0404 0203 0202 0404 0204 0404 0102 0303 0101 0202 0302 0202 0404 0204 0202 0101 0101 0202 0204 0202 0303 0202 0101 0404 0202 0303 0101 0202 
95 , 0302 0101 0101 0202 0202 0202 0201 0403 0303 0303 0201 0303 0202 0102 0303 0303 0404 0403 0404 0403 0404 0104 0203 0404 0303 0303 0202 0202 0203 0104 0202 0303 0202 0303 0404 0301 0404 0202 0303 0202 0303 0302 0103 0303 0302 0101 0303 0303 0401 0303 0101 0204 0404 0302 0202 0404 0404 0304 0101 0303 0101 0101 0302 0202 0404 0402 0202 0401 0101 0202 0202 0204 0301 0302 0101 0404 0202 0303 0101 0202 
96 , 0203 0101 0101 0102 0102 0202 0201 0303 0303 0301 0202 0103 0102 0102 0303 0303 0404 0404 0101 0404 0404 0404 0202 0404 0303 0203 0201 0204 0303 0101 0202 0303 0202 0303 0404 0103 0404 0202 0203 0202 0203 0202 0101 0202 0202 0101 0301 0302 0404 0403 0101 0404 0404 0303 0202 0404 0404 0304 0101 0303 0101 0201 0303 0203 0404 0402 0202 0101 0101 0202 0404 0202 0301 0202 0101 0404 0202 0303 0201 0302 
97 , 0202 0102 0103 0202 0202 0402 0102 0303 0303 0101 0202 0301 0101 0101 0303 0303 0404 0403 0101 0404 0404 0404 0202 0404 0303 0302 0201 0202 0302 0404 0204 0203 0202 0303 0404 0103 0404 0202 0303 0202 0303 0202 0103 0202 0202 0101 0103 0202 0401 0304 0101 0204 0404 0303 0202 0404 0404 0304 0201 0303 0101 0101 0203 0202 0404 0404 0203 0101 0101 0202 0202 0204 0303 0202 0401 0404 0202 0303 0201 0202 
98 , 0303 0102 0303 0202 0102 0204 0202 0304 0303 0101 0101 0303 0101 0101 0303 0303 0404 0303 0401 0404 0104 0404 0202 0404 0303 0303 0202 0402 0303 0104 0402 0303 0202 0303 0404 0101 0404 0202 0303 0202 0303 0202 0301 0203 0202 0101 0101 0203 0101 0303 0401 0404 0404 0302 0202 0404 0204 0404 0102 0303 0101 0101 0202 0202 0404 0204 0202 0101 0101 0202 0204 0202 0303 0302 0101 0104 0202 0303 0101 0202 
99 , 0302 0102 0103 0202 0202 0204 0202 0304 0303 0103 0201 0303 0101 0102 0303 0303 0404 0404 0101 0404 0404 0404 0202 0404 0303 0303 0102 0402 0303 0104 0202 0303 0202 0303 0404 0101 0404 0204 0303 0202 0303 0202 0301 0303 0202 0101 0301 0202 0101 0303 0101 0404 0404 0302 0202 0404 0402 0404 0202 0303 0101 0101 0303 0202 0104 0404 0202 0101 0101 0202 0204 0404 0303 0202 0401 0404 0202 0301 0101 0202 
100 , 0203 0101 0301 0202 0202 0202 0201 0304 0303 0303 0202 0303 0201 0101 0303 0301 0402 0404 0401 0404 0404 0404 0202 0404 0303 0303 0101 0402 0303 0101 0202 0303 0202 0303 0404 0103 0404 0202 0302 0202 0302 0202 0101 0303 0202 0101 0301 0203 0101 0303 0101 0402 0404 0302 0202 0404 0404 0404 0202 0303 0101 0202 0302 0202 0404 0402 0203 0101 0101 0202 0202 0402 0303 0302 0104 0404 0202 0103 0101 0202 
101 , 0303 0101 0101 0202 0202 0202 0202 0303 0303 0303 0101 0303 0201 0101 0303 0303 0404 0404 0101 0404 0404 0401 0203 0404 0303 0303 0102 0404 0203 0104 0202 0203 0202 0303 0404 0301 0404 0202 0303 0202 0302 0202 0101 0203 0202 0101 0301 0203 0101 0303 0101 0204 0404 0303 0302 0104 0402 0304 0201 0303 0101 0202 0202 0202 0404 0202 0202 0101 0101 0202 0202 0202 0303 0203 0101 0104 0202 0303 0101 0202 
102 , 0303 0101 0303 0202 0202 0402 0202 0303 0303 0301 0102 0303 0201 0101 0103 0103 0404 0304 0101 0404 0404 0404 0202 0304 0103 0303 0202 0204 0303 0101 0202 0202 0202 0303 0404 0301 0404 0202 0303 0202 0303 0202 0301 0203 0202 0101 0301 0302 0101 0303 0101 0404 0404 0203 0203 0404 0402 0404 0101 0303 0201 0102 0303 0202 0404 0404 0202 0401 0101 0201 0402 0204 0301 0302 0401 0401 0202 0303 0102 0202 
103 , 0203 0201 0101 0202 0202 0202 0101 0303 0302 0103 0201 0303 0101 0101 0301 0303 0404 0404 0104 0404 0404 0101 0202 0404 0303 0303 0201 0402 0203 0101 0204 0303 0202 0103 0404 0301 0304 0202 0303 0202 0303 0202 0301 0303 0202 0101 0303 0202 0104 0303 0101 0404 0404 0302 0302 0404 0404 0404 0102 0303 0101 0101 0303 0202 0404 0402 0202 0401 0101 0202 0402 0204 0303 0202 0101 0404 0202 0303 0101 0203 
104 , 0303 0201 0101 0202 0202 0202 0202 0404 0303 0301 0202 0301 0101 0102 0303 0303 0404 0404 0101 0404 0404 0401 0302 0404 0303 0303 0202 0402 0202 0101 0202 0203 0202 0303 0404 0301 0404 0202 0303 0202 0303 0202 0303 0202 0202 0101 0103 0202 0401 0303 0401 0404 0404 0303 0202 0404 0404 0404 0101 0303 0102 0202 0203 0302 0404 0202 0202 0101 0101 0202 0402 0202 0303 0202 0101 0404 0202 0103 0101 0202 
105 , 0302 0101 0103 0202 0202 0202 0201 0304 0303 0101 0101 0103 0101 0101 0303 0301 0404 0403 0101 0404 0404 0401 0202 0404 0303 0303 0202 0404 0303 0401 0202 0303 0202 0303 0404 0303 0403 0202 0303 0202 0303 0203 0301 0302 0203 0101 0303 0302 0401 0303 0101 0404 0404 0303 0202 0404 0404 0404 0102 0304 0101 0101 0302 0202 0404 0402 0202 0101 0101 0202 0202 0204 0103 0203 0101 0404 0203 0303 0201 0203 
106 , 0303 0101 0303 0202 0202 0202 0202 0403 0303 0103 0201 0303 0102 0101 0103 0303 0404 0403 0404 0403 0404 0401 0202 0404 0303 0303 0101 0404 0302 0101 0402 0303 0202 0303 0404 0101 0403 0202 0203 0202 0303 0202 0301 0302 0202 0101 0303 0302 0101 0303 0101 0404 0402 0303 0203 0404 0404 0404 0201 0303 0101 0102 0303 0202 0404 0402 0202 0101 0101 0202 0204 0204 0303 0202 0401 0404 0202 0303 0101 0303 
107 , 0303 0101 0103 0202 0202 0202 0102 0304 0303 0303 0101 0303 0101 0101 0301 0303 0404 0404 0101 0404 0404 0104 0202 0404 0301 0303 0102 0404 0302 0104 0202 0203 0202 0303 0101 0301 0404 0202 0303 0202 0203 0202 0101 0202 0202 0101 0103 0202 0101 0303 0101 0402 0204 0303 0202 0404 0402 0404 0101 0303 0102 0102 0202 0202 0404 0404 0203 0401 0104 0202 0404 0202 0103 0302 0101 0404 0202 0303 0101 0202 
108 , 0302 0101 0303 0202 0202 0202 0201 0403 0303 0301 0101 0303 0201 0201 0303 0301 0204 0403 0104 0404 0404 0401 0202 0403 0303 0303 0102 0402 0203 0101 0204 0303 0202 0303 0104 0301 0404 0402 0303 0202 0303 0302 0101 0203 0203 0104 0303 0302 0401 0303 0101 0404 0404 0303 0302 0404 0204 0404 0202 0303 0101 0101 0303 0202 0404 0202 0202 0101 0101 0202 0402 0402 0303 0302 0401 0404 0203 0303 0101 0202 
109 , 0302 0101 0103 0202 0101 0202 0202 0403 0303 0103 0201 0103 0201 0102 0303 0303 0404 0303 0101 0404 0401 0101 0202 0404 0303 0303 0202 0202 0203 0101 0202 0303 0202 0303 0404 0301 0304 0202 0203 0202 0302 0302 0103 0203 0302 0101 0303 0202 0101 0303 0101 0404 0404 0303 0202 0404 0402 0404 0101 0303 0201 0101 0302 0202 0404 0402 0202 0104 0101 0202 0204 0204 0301 0202 0401 0404 0202 0303 0101 0302 
110 , 0303 0101 0101 0202 0202 0204 0201 0303 0303 0103 0201 0303 0201 0102 0303 0303 0404 0404 0104 0404 0404 0404 0203 0404 0303 0303 0202 0402 0303 0401 0202 0303 0202 0301 0404 0101 0404 0202 0303 0202 0202 0202 0101 0203 0202 0101 0303 0303 0101 0303 0101 0404 0404 0303 0203 0404 0404 0403 0101 0303 0101 0102 0302 0202 0404 0202 0302 0101 0101 0102 0402 0402 0303 0202 0101 0404 0202 0303 0101 0302 
111 , 0303 0101 0103 0202 0202 0402 0202 0303 0303 0301 0102 0303 0102 0202 0303 0101 0404 0403 0101 0404 0404 0401 0202 0404 0101 0303 0202 0202 0202 0101 0202 0203 0202 0303 0404 0303 0404 0202 0303 0202 0303 0202 0303 0202 0202 0101 0303 0303 0101 0303 0101 0404 0404 0203 0202 0404 0404 0404 0101 0303 0201 0102 0302 0302 0404 0404 0202 0401 0101 0102 0402 0202 0301 0303 0401 0404 0202 0303 0101 0303 
112 , 0202 0101 0101 0202 0102 0402 0102 0303 0303 0303 0201 0303 0101 0101 0301 0103 0204 0404 0104 0404 0404 0104 0203 0404 0303 0303 0201 0202 0303 0101 0204 0203 0202 0303 0404 0301 0404 0202 0303 0202 0302 0302 0101 0303 0202 0101 0103 0302 0101 0303 0101 0404 0404 0303 0202 0404 0404 0404 0202 0303 0102 0101 0203 0202 0404 0202 0202 0401 0101 0202 0202 0404 0303 0302 0101 0404 0302 0303 0101 0203 
113 , 0203 0202 0103 0202 0102 0202 0102 0303 0303 0303 0102 0303 0102 0102 0103 0301 0404 0404 0104 0404 0404 0401 0202 0404 0303 0303 0102 0404 0203 0101 0204 0303 0202 0103 0404 0101 0404 0202 0203 0202 0303 0302 0303 0302 0202 0101 0103 0302 0101 0303 0101 0404 0404 0303 0202 0404 0204 0404 0101 0303 0101 0101 0203 0202 0404 0202 0302 0101 0101 0202 0202 0202 0303 0202 0101 0404 0202 0301 0101 0302 
114 , 0302 0201 0103 0102 0202 0202 0202 0404 0303 0101 0202 0303 0102 0102 0303 0303 0404 0403 0101 0404 0404 0401 0302 0404 0303 0303 0202 0202 0302 0101 0202 0203 0202 0303 0404 0301 0404 0202 0303 0302 0203 0202 0103 0202 0202 0101 0103 0203 0101 0303 0401 0404 0404 0303 0202 0404 0402 0404 0201 0303 0102 0202 0203 0203 0404 0402 0202 0101 0101 0202 0402 0204 0303 0202 0101 0404 0202 0303 0101 0202 
115 , 0302 0202 0101 0202 0202 0402 0201 0304 0303 0301 0201 0303 0102 0201 0303 0303 0402 0304 0401 0404 0404 0404 0202 0404 0303 0303 0202 0204 0303 0104 0202 0203 0402 0303 0101 0301 0404 0202 0303 0202 0203 0202 0301 0202 0202 0101 0303 0203 0101 0303 0401 0404 0404 0303 0302 0404 0404 0403 0101 0303 0101 0101 0302 0302 0404 0404 0202 0101 0101 0202 0202 0404 0303 0203 0101 0104 0202 0103 0101 0202 
116 , 0302 0102 0101 0202 0202 0202 0102 0303 0303 0303 0201 0301 0202 0101 0303 0103 0404 0304 0104 0404 0104 0404 0202 0404 0303 0303 0102 0402 0303 0101 0202 0303 0202 0303 0404 0103 0404 0202 0303 0202 0303 0202 0103 0202 0202 0101 0303 0202 0101 0303 0401 0402 0404 0303 0202 0401 0404 0404 0102 0303 0101 0201 0303 0302 0404 0404 0202 0101 0101 0202 0402 0402 0303 0202 0101 0104 0202 0303 0101 0302 
117 , 0303 0101 0101 0202 0202 0202 0101 0303 0203 0303 0202 0303 0202 0101 0103 0303 0404 0304 0104 0403 0404 0104 0202 0404 0303 0303 0202 0402 0203 0404 0204 0303 0202 0103 0404 0101 0404 0202 0303 0202 0303 0202 0101 0203 0202 0101 0103 0202 0104 0303 0101 0404 0404 0303 0202 0404 0404 0404 0202 0303 0101 0202 0302 0202 0404 0204 0202 0101 0101 0102 0404 0202 0103 0302 0104 0104 0202 0103 0101 0203 
118 , 0202 0201 0301 0202 0202 0202 0101 0403 0303 0103 0202 0303 0201 0202 0303 0303 0402 0404 0101 0404 0404 0104 0302 0404 0303 0303 0102 0202 0202 0101 0202 0303 0202 0303 0404 0301 0404 0202 0303 0202 0303 0202 0101 0302 0203 0401 0303 0202 0401 0303 0101 0404 0404 0203 0202 0404 0402 0404 0102 0303 0101 0101 0202 0202 0404 0402 0303 0101 0101 0201 0402 0402 0303 0302 0101 0404 0202 0303 0101 0202 
119 , 0302 0101 0301 0202 0202 0202 0102 0403 0303 0301 0102 0303 0201 0101 0303 0303 0402 0404 0101 0404 0404 0404 0302 0404 0103 0303 0202 0204 0303 0101 0202 0303 0202 0303 0404 0101 0404 0202 0303 0202 0302 0202 0101 0303 0302 0101 0101 0202 0101 0403 0101 0404 0404 0303 0202 0404 0404 0403 0201 0303 0101 0102 0303 0202 0404 0404 0202 0101 0101 0201 0202 0402 0303 0202 0101 0404 0202 0303 0101 0202 
120 , 0203 0101 0301 0202 0201 0402 0102 0404 0303 0303 0202 0303 0102 0101 0103 0301 0402 0404 0401 0404 0404 0104 0202 0404 0303 0303 0101 0202 0203 0101 0402 0303 0202 0303 0104 0103 0404 0202 0303 0202 0302 0202 0301 0203 0202 0101 0301 0202 0101 0304 0101 0404 0204 0303 0203 0404 0204 0404 0201 0303 0201 0202 0302 0202 0401 0402 0203 0101 0101 0202 0404 0202 0103 0203 0101 0404 0302 0303 0101 0302 
121 , 0302 0101 0303 0202 0102 0202 0202 0304 0303 0301 0201 0301 0102 0202 0303 0303 0404 0303 0101 0404 0404 0101 0203 0404 0303 0303 0202 0202 0302 0101 0202 0303 0202 0303 0104 0103 0404 0202 0303 0202 0302 0202 0301 0303 0302 0101 0303 0202 0104 0303 0101 0404 0404 0203 0202 0404 0402 0404 0202 0303 0101 0202 0303 0202 0404 0402 0202 0101 0401 0202 0202 0204 0303 0202 0101 0404 0202 0303 0101 0303 
122 , 0303 0101 0101 0202 0202 0402 0202 0303 0303 0303 0101 0303 0101 0201 0103 0103 0404 0403 0101 0404 0404 0401 0202 0404 0103 0303 0202 0204 0303 0104 0202 0203 0202 0303 0404 0103 0404 0202 0303 0203 0302 0202 0301 0202 0202 0401 0103 0302 0101 0303 0101 0404 0404 0202 0202 0401 0402 0404 0101 0303 0101 0102 0302 0202 0404 0402 0202 0401 0101 0102 0404 0202 0303 0303 0401 0404 0202 0303 0102 0202 
123 , 0202 0101 0101 0202 0202 0202 0202 0303 0302 0301 0102 0303 0102 0201 0303 0301 0204 0403 0104 0404 0404 0401 0203 0404 0303 0303 0102 0204 0303 0101 0202 0302 0202 0303 0104 0301 0404 0202 0303 0202 0303 0302 0303 0302 0202 0101 0101 0202 0101 0303 0401 0404 0404 0303 0202 0404 0404 0403 0201 0303 0101 0102 0303 0203 0404 0404 0202 0101 0401 0202 0404 0204 0303 0202 0101 0404 0202 0303 0101 0203 
124 , 0302 0101 0101 0202 0202 0202 0202 0403 0303 0301 0102 0303 0201 0201 0303 0303 0204 0304 0101 0304 0404 0404 0202 0404 0303 0302 0202 0202 0302 0104 0202 0203 0202 0303 0104 0303 0404 0204 0303 0202 0203 0202 0303 0302 0302 0101 0303 0302 0101 0304 0101 0404 0204 0303 0202 0404 0204 0403 0201 0403 0101 0101 0203 0202 0404 0404 0203 0101 0101 0202 0204 0404 0103 0202 0401 0404 0202 0303 0101 0203 
125 , 0302 0101 0103 0202 0202 0202 0201 0403 0203 0303 0101 0303 0202 0102 0303 0303 0404 0404 0104 0404 0404 0104 0303 0404 0303 0303 0201 0204 0302 0104 0202 0203 0204 0303 0404 0303 0404 0202 0303 0202 0203 0202 0303 0302 0202 0101 0303 0202 0104 0303 0101 0404 0202 0303 0202 0404 0404 0404 0202 0303 0101 0101 0203 0202 0404 0402 0202 0101 0101 0202 0202 0402 0101 0202 0401 0401 0202 0303 0101 0202 
126 , 0203 0101 0301 0202 0201 0202 0201 0403 0303 0303 0101 0303 0202 0201 0103 0303 0404 0304 0101 0404 0404 0404 0202 0404 0303 0303 0202 0404 0303 0101 0204 0303 0202 0103 0401 0301 0404 0402 0303 0202 0303 0202 0101 0203 0202 0401 0103 0302 0101 0303 0101 0404 0404 0303 0202 0404 0204 0404 0101 0303 0101 0102 0302 0202 0404 0204 0202 0101 0101 0202 0404 0202 0303 0202 0104 0404 0202 0303 0101 0202 
127 , 0302 0101 0101 0202 0202 0202 0102 0403 0303 0103 0101 0301 0201 0201 0303 0303 0204 0304 0104 0404 0404 0404 0302 0404 0303 0303 0202 0204 0303 0401 0202 0303 0202 0303 0101 0301 0404 0202 0303 0202 0202 0202 0303 0302 0302 0101 0301 0303 0101 0303 0101 0404 0202 0203 0202 0404 0204 0404 0201 0403 0101 0102 0203 0202 0404 0204 0202 0101 0101 0202 0202 0402 0103 0202 0101 0404 0202 0301 0101 0202 
128 , 0203 0201 0103 0202 0202 0202 0202 0303 0303 0103 0101 0103 0201 0101 0303 0103 0204 0304 0101 0404 0404 0404 0202 0404 0303 0303 0202 0202 0302 0401 0202 0302 0202 0303 0404 0301 0404 0202 0303 0202 0303 0202 0101 0203 0302 0104 0303 0203 0104 0403 0101 0404 0404 0303 0202 0404 0404 0403 0102 0303 0101 0201 0303 0202 0104 0204 0202 0101 0101 0202 0204 0202 0301 0202 0101 0404 0202 0301 0101 0203 
129 , 0302 0101 0301 0202 0101 0202 0201 0403 0302 0303 0101 0303 0201 0101 0303 0103 0404 0403 0104 0404 0404 0101 0202 0404 0103 0303 0202 0202 0303 0101 0202 0303 0202 0103 0404 0303 0404 0202 0302 0203 0303 0202 0103 0202 0302 0101 0101 0202 0101 0403 0101 0402 0404 0303 0202 0404 0404 0404 0202 0303 0101 0101 0302 0202 0401 0404 0203 0101 0101 0202 0202 0402 0303 0202 0104 0404 0202 0303 0101 0202 
130 , 0302 0101 0103 0201 0102 0202 0201 0303 0303 0101 0101 0103 0202 0101 0303 0303 0404 0304 0401 0404 0404 0401 0202 0404 0303 0303 0202 0402 0302 0101 0402 0303 0402 0303 0404 0101 0404 0402 0303 0202 0303 0202 0301 0302 0202 0101 0303 0202 0401 0303 0101 0404 0402 0303 0203 0404 0404 0404 0102 0303 0101 0102 0203 0202 0404 0202 0202 0101 0101 0202 0204 0204 0303 0302 0101 0104 0202 0303 0102 0202 
131 , 0302 0201 0101 0202 0102 0202 0102 0303 0302 0301 0202 0303 0202 0201 0303 0303 0404 0403 0104 0404 0404 0101 0303 0404 0303 0303 0202 0204 0303 0104 0202 0303 0202 0103 0404 0301 0404 0202 0203 0202 0303 0302 0301 0302 0202 0101 0301 0202 0101 0303 0101 0404 0404 0303 0202 0404 0404 0403 0201 0303 0102 0101 0303 0203 0404 0204 0202 0101 0101 0202 0204 0204 0303 0202 0101 0404 0202 0303 0101 0202 
132 , 0202 0101 0101 0202 0202 0204 0202 0303 0303 0303 0102 0103 0201 0101 0303 0303 0404 0304 0101 0404 0404 0101 0303 0404 0303 0303 0102 0402 0302 0101 0202 0203 0202 0303 0104 0301 0404 0202 0303 0202 0303 0202 0101 0203 0202 0101 0103 0202 0101 0403 0101 0402 0204 0303 0202 0401 0404 0404 0202 0303 0101 0101 0202 0202 0404 0404 0202 0101 0101 0202 0202 0202 0303 0302 0401 0404 0202 0103 0102 0202 
133 , 0303 0101 0101 0202 0202 0202 0202 0304 0303 0303 0102 0303 0101 0101 0303 0303 0404 0404 0101 0404 0404 0101 0202 0304 0303 0303 0101 0404 0303 0401 0402 0303 0202 0103 0404 0303 0404 0202 0303 0202 0303 0302 0303 0203 0302 0101 0101 0203 0104 0303 0101 0204 0202 0303 0202 0401 0204 0404 0102 0403 0101 0202 0302 0202 0104 0402 0202 0401 0101 0202 0202 0204 0303 0203 0101 0404 0202 0101 0102 0302 
134 , 0203 0101 0101 0202 0202 0202 0202 0304 0303 0303 0102 0303 0101 0101 0303 0101 0404 0404 0101 0404 0404 0404 0202 0404 0103 0303 0202 0202 0202 0101 0202 0203 0202 0303 0404 0301 0303 0202 0303 0202 0303 0202 0301 0202 0203 0101 0303 0302 0101 0303 0101 0404 0404 0303 0202 0404 0404 0403 0102 0303 0202 0101 0303 0202 0404 0402 0202 0401 0101 0102 0402 0202 0303 0302 0401 0404 0202 0301 0101 0203 
135 , 0303 0201 0103 0202 0102 0202 0101 0303 0203 0303 0102 0301 0101 0102 0301 0303 0404 0404 0104 0404 0404 0404 0202 0404 0301 0303 0102 0402 0203 0101 0202 0302 0202 0103 0404 0301 0404 0202 0203 0202 0303 0302 0101 0303 0202 0101 0103 0303 0101 0303 0101 0404 0404 0303 0202 0404 0404 0404 0201 0303 0101 0102 0202 0202 0404 0204 0302 0101 0101 0202 0202 0202 0303 0202 0101 0404 0203 0303 0101 0202 
136 , 0302 0201 0101 0202 0102 0202 0202 0303 0203 0301 0102 0303 0101 0101 0303 0303 0404 0304 0101 0404 0404 0101 0202 0404 0303 0303 0202 0404 0302 0101 0202 0302 0202 0303 0104 0101 0404 0202 0303 0202 0202 0202 0101 0303 0202 0101 0301 0302 0101 0403 0101 0404 0404 0303 0203 0404 0402 0403 0201 0303 0101 0101 0203 0302 0404 0402 0202 0101 0101 0201 0202 0404 0303 0202 0101 0404 0202 0303 0101 0202 
137 , 0303 0101 0101 0202 0202 0202 0202 0303 0303 0101 0202 0303 0201 0101 0303 0301 0404 0404 0404 0404 0104 0401 0202 0404 0303 0303 0102 0404 0303 0101 0202 0302 0202 0303 0404 0303 0404 0204 0203 0302 0303 0203 0303 0202 0202 0104 0301 0203 0104 0303 0101 0404 0402 0203 0202 0401 0404 0404 0202 0403 0101 0102 0302 0202 0404 0404 0202 0401 0101 0202 0402 0204 0303 0203 0101 0404 0202 0301 0101 0202 
138 , 0302 0101 0103 0202 0201 0202 0102 0304 0203 0303 0202 0303 0201 0101 0103 0303 0404 0403 0101 0404 0404 0404 0202 0404 0303 0203 0202 0402 0303 0101 0202 0303 0202 0103 0404 0103 0404 0202 0203 0203 0302 0202 0101 0203 0302 0101 0101 0202 0101 0304 0101 0404 0404 0303 0202 0404 0404 0404 0202 0303 0101 0101 0203 0202 0404 0202 0202 0104 0101 0102 0202 0202 0303 0202 0104 0104 0202 0101 0101 0203 
139 , 0302 0102 0101 0102 0202 0204 0202 0303 0303 0103 0201 0303 0201 0201 0303 0303 0404 0304 0404 0404 0404 0401 0203 0404 0303 0303 0201 0402 0303 0401 0202 0303 0202 0303 0404 0101 0404 0402 0303 0202 0303 0202 0101 0203 0202 0101 0303 0202 0101 0303 0401 0404 0402 0303 0202 0401 0204 0404 0102 0303 0101 0101 0202 0202 0404 0404 0202 0101 0104 0202 0202 0202 0303 0303 0101 0404 0202 0303 0102 0202 
140 , 0302 0101 0303 0202 0201 0202 0102 0403 0303 0303 0201 0303 0101 0102 0103 0303 0402 0304 0101 0404 0401 0101 0303 0404 0303 0303 0202 0202 0202 0101 0202 0303 0202 0303 0101 0101 0404 0202 0203 0202 0302 0202 0303 0203 0202 0101 0303 0302 0401 0303 0101 0404 0404 0303 0202 0404 0204 0404 0202 0303 0101 0201 0302 0202 0404 0202 0202 0104 0104 0202 0202 0204 0101 0202 0101 0404 0202 0303 0101 0202 
141 , 0202 0101 0101 0202 0102 0202 0202 0303 0303 0101 0201 0101 0201 0101 0303 0301 0402 0304 0401 0404 0404 0401 0202 0404 0303 0302 0202 0402 0303 0404 0202 0303 0202 0303 0404 0103 0404 0202 0303 0202 0303 0203 0103 0302 0202 0101 0303 0203 0401 0304 0101 0404 0404 0303 0202 0404 0404 0404 0101 0303 0101 0101 0303 0202 0404 0202 0202 0101 0101 0202 0202 0202 0303 0202 0101 0404 0202 0303 0102 0202 
142 , 0303 0201 0301 0202 0102 0202 0102 0303 0303 0303 0101 0303 0101 0101 0303 0303 0404 0403 0104 0404 0404 0404 0203 0404 0303 0303 0202 0404 0203 0104 0202 0303 0202 0103 0404 0303 0404 0402 0303 0203 0303 0302 0101 0202 0202 0104 0301 0303 0101 0303 0101 0404 0404 0303 0202 0404 0404 0404 0201 0303 0101 0102 0202 0202 0404 0202 0302 0101 0101 0202 0204 0202 0303 0202 0101 0404 0202 0303 0101 0302 
143 , 0303 0101 0101 0202 0202 0204 0101 0403 0203 0303 0202 0301 0202 0102 0303 0303 0404 0304 0101 0404 0404 0104 0203 0404 0301 0203 0202 0402 0203 0104 0202 0302 0202 0303 0401 0101 0404 0202 0303 0202 0303 0202 0101 0203 0302 0101 0303 0202 0101 0303 0101 0404 0204 0303 0202 0404 0404 0404 0201 0403 0101 0102 0302 0202 0104 0404 0202 0101 0101 0102 0402 0202 0303 0202 0101 0104 0203 0103 0101 0202 
144 , 0203 0201 0103 0202 0202 0202 0202 0304 0303 0303 0202 0303 0201 0101 0301 0303 0404 0304 0101 0404 0404 0104 0202 0404 0301 0303 0201 0202 0302 0404 0402 0303 0202 0303 0401 0101 0404 0202 0303 0202 0303 0202 0301 0202 0202 0101 0303 0203 0101 0303 0101 0202 0404 0203 0202 0404 0404 0404 0201 0303 0101 0102 0302 0302 0104 0404 0203 0101 0401 0202 0402 0202 0303 0202 0101 0404 0203 0303 0101 0202 
145 , 0202 0101 0103 0202 0202 0202 0102 0403 0303 0303 0101 0303 0101 0101 0303 0301 0402 0403 0401 0404 0404 0104 0303 0404 0303 0303 0201 0204 0303 0101 0202 0303 0204 0103 0404 0101 0404 0202 0303 0202 0303 0302 0101 0302 0202 0401 0101 0203 0101 0303 0101 0404 0404 0303 0202 0401 0402 0404 0102 0303 0101 0101 0302 0202 0404 0402 0202 0101 0101 0202 0202 0402 0103 0202 0104 0404 0202 0303 0101 0202 
146 , 0303 0101 0103 0202 0101 0402 0102 0303 0303 0303 0202 0303 0202 0101 0103 0303 0204 0404 0104 0404 0404 0104 0202 0403 0303 0303 0201 0204 0303 0104 0204 0303 0202 0303 0404 0303 0404 0202 0203 0202 0303 0302 0103 0302 0202 0101 0103 0303 0101 0303 0101 0404 0204 0303 0202 0404 0402 0404 0101 0303 0101 0102 0202 0202 0404 0402 0202 0101 0101 0202 0204 0402 0303 0302 0101 0404 0302 0303 0101 0202 
147 , 0303 0101 0103 0202 0202 0202 0202 0403 0302 0303 0102 0303 0201 0101 0303 0303 0202 0303 0104 0403 0404 0104 0302 0404 0303 0303 0202 0404 0302 0101 0202 0303 0202 0303 0104 0103 0404 0204 0303 0202 0303 0202 0301 0303 0202 0101 0301 0202 0104 0303 0101 0404 0204 0203 0202 0404 0202 0403 0202 0303 0101 0101 0203 0202 0404 0202 0202 0101 0101 0202 0202 0202 0103 0202 0101 0104 0202 0303 0101 0302 
148 , 0302 0102 0301 0202 0102 0202 0202 0303 0303 0103 0202 0303 0202 0201 0103 0303 0402 0404 0104 0404 0404 0401 0202 0404 0303 0303 0102 0204 0303 0101 0204 0303 0202 0303 0404 0103 0404 0202 0203 0202 0303 0202 0301 0302 0202 0101 0303 0302 0101 0303 0101 0404 0404 0303 0203 0404 0402 0404 0201 0303 0101 0101 0303 0202 0104 0402 0202 0101 0101 0202 0202 0404 0301 0202 0101 0404 0203 0303 0101 0302 
149 , 0203 0101 0101 0202 0101 0202 0101 0403 0203 0303 0202 0303 0102 0101 0303 0101 0402 0304 0401 0404 0404 0404 0202 0404 0303 0303 0202 0404 0303 0101 0202 0303 0202 0301 0104 0103 0404 0202 0303 0202 0302 0202 0101 0203 0202 0101 0101 0203 0401 0304 0101 0404 0404 0303 0203 0404 0204 0403 0201 0303 0101 0202 0302 0203 0404 0204 0303 0101 0101 0202 0202 0202 0303 0203 0404 0404 0202 0301 0101 0202 
150 , 0303 0101 0101 0202 0102 0204 0202 0404 0303 0101 0101 0103 0102 0202 0103 0103 0404 0304 0101 0404 0401 0404 0202 0404 0303 0303 0202 0204 0302 0104 0202 0303 0202 0303 0404 0301 0404 0204 0203 0302 0203 0202 0103 0203 0202 0101 0301 0203 0101 0303 0101 0404 0404 0302 0202 0404 0404 0404 0102 0403 0101 0201 0303 0202 0404 0204 0202 0101 0101 0202 0204 0402 0303 0202 0101 0404 0202 0303 0101 0202 
151 , 0202 0101 0301 0102 0101 0202 0101 0403 0303 0303 0101 0303 0102 0101 0303 0303 0402 0404 0101 0304 0104 0104 0202 0304 0303 0303 0201 0204 0303 0401 0202 0303 0202 0303 0404 0103 0404 0202 0303 0202 0303 0302 0101 0303 0202 0101 0301 0202 0101 0304 0101 0404 0404 0302 0203 0404 0204 0404 0102 0303 0101 0202 0302 0203 0404 0404 0303 0101 0101 0202 0202 0202 0103 0203 0101 0404 0202 0303 0101 0302 
152 , 0202 0101 0103 0202 0202 0202 0102 0404 0303 0301 0102 0301 0102 0201 0103 0303 0204 0404 0104 0404 0404 0104 0202 0404 0303 0303 0102 0402 0303 0104 0202 0303 0202 0303 0104 0301 0404 0202 0303 0202 0302 0202 0301 0302 0202 0101 0101 0202 0104 0303 0101 0404 0404 0303 0202 0404 0404 0403 0102 0303 0101 0101 0303 0202 0404 0402 0202 0101 0101 0202 0402 0204 0303 0203 0101 0401 0202 0301 0101 0202 
153 , 0303 0101 0101 0202 0202 0402 0102 0303 0303 0301 0202 0303 0201 0101 0303 0103 0204 0404 0401 0404 0404 0104 0202 0404 0303 0303 0201 0204 0303 0401 0202 0202 0202 0303 0104 0301 0404 0202 0203 0202 0302 0302 0101 0303 0302 0401 0103 0302 0101 0303 0101 0404 0404 0303 0202 0404 0404 0404 0101 0303 0101 0102 0303 0202 0404 0402 0202 0401 0101 0201 0202 0204 0303 0302 0101 0401 0202 0303 0102 0202 
154 , 0202 0201 0101 0202 0202 0202 0201 0404 0303 0101 0201 0303 0102 0101 0303 0303 0404 0403 0104 0304 0404 0104 0203 0404 0303 0203 0202 0404 0302 0401 0202 0203 0202 0303 0401 0101 0404 0202 0303 0202 0302 0203 0101 0203 0203 0101 0301 0203 0104 0303 0101 0404 0404 0302 0202 0404 0204 0304 0201 0303 0101 0101 0302 0202 0404 0404 0202 0101 0101 0102 0202 0202 0303 0202 0101 0101 0202 0303 0101 0302 
155 , 0202 0102 0301 0202 0201 0204 0101 0303 0303 0103 0102 0103 0101 0102 0303 0303 0204 0304 0101 0404 0404 0404 0303 0404 0303 0303 0202 0202 0303 0404 0402 0303 0202 0303 0404 0101 0404 0202 0303 0202 0303 0202 0101 0202 0202 0101 0303 0302 0101 0303 0101 0402 0404 0303 0203 0404 0404 0403 0202 0303 0101 0101 0202 0202 0404 0202 0202 0101 0101 0102 0202 0204 0303 0202 0401 0404 0202 0303 0101 0302 
156 , 0203 0201 0103 0202 0102 0202 0201 0303 0303 0301 0102 0101 0202 0102 0301 0303 0204 0303 0101 0404 0404 0401 0202 0404 0303 0302 0201 0402 0202 0401 0202 0303 0202 0303 0104 0103 0404 0202 0303 0202 0203 0302 0301 0202 0302 0104 0303 0202 0101 0303 0101 0404 0404 0303 0202 0404 0404 0404 0101 0303 0101 0101 0303 0202 0404 0402 0203 0101 0101 0202 0202 0204 0303 0202 0101 0101 0203 0303 0101 0202 
157 , 0303 0201 0101 0202 0202 0202 0202 0303 0303 0301 0201 0301 0102 0102 0303 0303 0404 0403 0104 0404 0404 0101 0202 0404 0303 0303 0101 0402 0303 0101 0204 0303 0202 0301 0401 0101 0404 0202 0302 0202 0303 0202 0103 0202 0202 0101 0103 0202 0101 0403 0101 0404 0404 0303 0202 0404 0404 0404 0102 0303 0101 0201 0202 0302 0404 0402 0202 0101 0401 0202 0402 0204 0303 0202 0104 0404 0203 0303 0101 0202 
158 , 0303 0101 0303 0202 0202 0202 0102 0403 0302 0303 0202 0303 0102 0102 0303 0303 0402 0304 0104 0403 0404 0104 0302 0404 0303 0203 0202 0404 0202 0401 0202 0303 0202 0303 0401 0103 0404 0202 0303 0202 0203 0202 0101 0303 0203 0101 0101 0302 0404 0303 0101 0204 0404 0303 0202 0404 0402 0404 0202 0303 0101 0201 0303 0202 0404 0402 0202 0101 0101 0201 0202 0402 0303 0302 0101 0404 0202 0303 0101 0203 
159 , 0202 0101 0301 0202 0102 0202 0102 0303 0303 0303 0102 0303 0102 0202 0303 0301 0202 0404 0104 0404 0404 0401 0302 0404 0301 0303 0102 0404 0203 0101 0202 0303 0202 0303 0401 0301 0404 0402 0303 0202 0303 0202 0103 0302 0202 0101 0301 0302 0104 0303 0101 0404 0404 0303 0303 0404 0402 0404 0202 0303 0201 0101 0303 0202 0404 0204 0202 0101 0101 0102 0402 0204 0303 0202 0401 0404 0203 0303 0101 0202 
160 , 0303 0101 0303 0102 0102 0202 0202 0403 0303 0301 0202 0103 0101 0101 0303 0303 0402 0304 0101 0404 0404 0404 0202 0404 0303 0303 0202 0402 0302 0401 0202 0302 0202 0303 0404 0101 0304 0202 0302 0202 0203 0202 0101 0203 0202 0401 0301 0303 0104 0303 0101 0404 0404 0303 0202 0404 0402 0403 0101 0303 0102 0102 0203 0202 0404 0402 0202 0101 0101 0202 0402 0202 0301 0202 0101 0401 0202 0303 0101 0303 
161 , 0303 0101 0101 0202 0202 0202 0201 0404 0303 0303 0201 0103 0102 0102 0103 0303 0204 0404 0404 0403 0404 0404 0203 0404 0303 0303 0101 0404 0302 0104 0202 0303 0402 0303 0404 0103 0404 0202 0203 0202 0303 0202 0303 0303 0202 0401 0303 0303 0104 0303 0104 0404 0404 0302 0202 0404 0404 0404 0201 0303 0101 0101 0202 0202 0104 0204 0202 0101 0101 0202 0202 0204 0301 0202 0401 0401 0203 0303 0101 0302 
162 , 0303 0101 0103 0202 0201 0204 0202 0303 0302 0103 0102 0301 0202 0101 0303 0303 0202 0304 0104 0304 0404 0101 0203 0404 0303 0303 0201 0202 0303 0401 0204 0303 0202 0303 0104 0101 0404 0202 0303 0202 0203 0203 0303 0302 0202 0101 0303 0203 0401 0303 0101 0404 0204 0303 0202 0404 0404 0404 0201 0303 0101 0101 0203 0302 0404 0204 0202 0104 0104 0201 0202 0202 0103 0202 0404 0404 0202 0303 0101 0302 
163 , 0303 0202 0301 0202 0202 0202 0101 0303 0303 0301 0201 0303 0202 0201 0303 0103 0204 0304 0101 0404 0404 0101 0302 0404 0303 0303 0102 0402 0303 0101 0202 0303 0202 0303 0404 0303 0403 0204 0303 0202 0303 0302 0303 0302 0203 0401 0103 0202 0101 0303 0401 0402 0404 0303 0202 0404 0404 0404 0202 0303 0201 0101 0303 0202 0404 0204 0202 0101 0101 0202 0202 0404 0303 0202 0101 0404 0202 0103 0101 0202 
164 , 0202 0101 0103 0202 0201 0202 0102 0303 0302 0301 0102 0303 0102 0101 0303 0303 0202 0404 0101 0403 0404 0404 0302 0404 0303 0303 0202 0204 0302 0401 0202 0302 0202 0303 0401 0103 0404 0404 0302 0202 0303 0202 0101 0203 0203 0101 0301 0203 0104 0303 0101 0404 0404 0303 0202 0404 0402 0404 0201 0303 0101 0101 0203 0203 0404 0402 0203 0101 0401 0201 0202 0202 0303 0202 0101 0404 0202 0303 0101 0203 
165 , 0303 0101 0103 0202 0202 0202 0201 0303 0303 0101 0202 0303 0201 0102 0103 0303 0404 0303 0101 0404 0404 0404 0202 0404 0303 0303 0202 0402 0302 0401 0202 0303 0202 0303 0404 0101 0404 0202 0303 0202 0203 0202 0101 0203 0203 0101 0303 0302 0401 0303 0101 0404 0402 0303 0202 0404 0402 0404 0102 0303 0102 0102 0202 0202 0404 0402 0203 0101 0101 0202 0202 0202 0103 0202 0404 0404 0202 0303 0101 0203 
166 , 0203 0101 0101 0202 0101 0402 0202 0303 0303 0103 0101 0303 0101 0101 0103 0303 0204 0403 0401 0404 0404 0104 0302 0404 0303 0303 0202 0204 0303 0101 0204 0303 0204 0303 0104 0303 0403 0202 0303 0203 0303 0302 0103 0302 0303 0401 0101 0302 0101 0303 0101 0404 0204 0303 0202 0404 0404 0404 0201 0303 0101 0102 0203 0202 0404 0402 0202 0101 0101 0202 0204 0202 0303 0302 0101 0404 0302 0303 0101 0203 
167 , 0203 0101 0101 0202 0102 0402 0202 0304 0303 0103 0201 0303 0202 0101 0303 0303 0204 0304 0104 0404 0404 0104 0302 0404 0303 0303 0202 0204 0303 0404 0202 0303 0202 0303 0104 0301 0404 0202 0203 0202 0302 0302 0101 0302 0202 0101 0103 0302 0101 0303 0101 0404 0204 0302 0202 0404 0404 0404 0201 0303 0101 0102 0202 0202 0404 0402 0202 0401 0101 0202 0204 0402 0303 0303 0101 0404 0202 0303 0101 0202 
168 , 0303 0101 0303 0202 0202 0402 0202 0304 0303 0101 0102 0303 0101 0102 0103 0103 0404 0403 0101 0304 0404 0401 0202 0404 0303 0303 0202 0202 0302 0101 0202 0203 0202 0303 0404 0101 0304 0202 0303 0202 0303 0202 0303 0202 0202 0401 0303 0302 0101 0303 0101 0404 0404 0303 0202 0404 0404 0404 0101 0303 0202 0102 0303 0203 0404 0402 0202 0401 0101 0202 0402 0202 0303 0302 0101 0404 0202 0303 0101 0303 
169 , 0203 0101 0303 0202 0202 0202 0201 0303 0302 0103 0101 0303 0101 0201 0103 0103 0404 0403 0104 0303 0404 0404 0202 0304 0103 0303 0201 0202 0303 0101 0202 0302 0202 0303 0404 0303 0304 0202 0303 0202 0303 0202 0301 0203 0202 0401 0301 0303 0104 0303 0101 0404 0404 0303 0202 0404 0402 0404 0102 0303 0201 0101 0302 0202 0404 0204 0202 0404 0101 0202 0402 0202 0303 0302 0404 0404 0202 0303 0101 0302 
170 , 0303 0201 0103 0202 0102 0202 0201 0303 0203 0303 0201 0301 0101 0101 0303 0303 0404 0404 0404 0404 0404 0401 0202 0404 0303 0303 0202 0404 0303 0101 0202 0303 0202 0303 0401 0103 0404 0202 0203 0203 0202 0302 0101 0302 0202 0101 0301 0303 0101 0403 0101 0404 0404 0303 0202 0404 0404 0404 0101 0303 0101 0102 0203 0302 0404 0404 0203 0101 0101 0202 0202 0202 0303 0202 0101 0404 0202 0301 0101 0202 
171 , 0302 0102 0303 0202 0101 0202 0201 0303 0303 0301 0202 0103 0102 0201 0303 0303 0204 0403 0401 0404 0104 0104 0203 0404 0303 0303 0101 0402 0302 0101 0202 0303 0202 0303 0104 0103 0404 0202 0303 0202 0303 0202 0301 0302 0202 0101 0103 0303 0101 0403 0101 0404 0404 0203 0202 0404 0404 0404 0202 0303 0101 0101 0303 0202 0404 0402 0202 0101 0101 0202 0204 0202 0303 0202 0401 0404 0203 0303 0101 0302 
172 , 0303 0101 0303 0202 0201 0202 0101 0303 0303 0303 0201 0303 0202 0101 0303 0303 0404 0404 0101 0404 0404 0104 0202 0404 0303 0303 0202 0402 0202 0401 0202 0303 0202 0103 0401 0101 0404 0202 0303 0202 0303 0202 0101 0202 0202 0101 0303 0202 0104 0303 0101 0404 0204 0303 0202 0404 0404 0404 0202 0303 0101 0102 0302 0202 0404 0204 0202 0101 0101 0202 0404 0202 0303 0302 0104 0404 0202 0103 0101 0202 
173 , 0302 0101 0101 0202 0101 0402 0201 0303 0303 0303 0202 0303 0102 0101 0103 0103 0204 0403 0401 0404 0404 0104 0202 0404 0303 0303 0202 0204 0303 0101 0202 0203 0204 0303 0404 0303 0404 0202 0303 0202 0302 0302 0101 0303 0302 0401 0101 0302 0101 0304 0101 0404 0404 0303 0202 0404 0404 0404 0102 0303 0101 0101 0202 0202 0404 0202 0202 0104 0101 0202 0202 0202 0303 0302 0104 0404 0302 0303 0101 0203 
174 , 0303 0101 0301 0202 0202 0202 0202 0303 0203 0303 0202 0303 0202 0101 0303 0303 0404 0404 0404 0404 0404 0404 0202 0404 0103 0303 0202 0404 0303 0104 0402 0203 0202 0303 0404 0301 0404 0202 0303 0202 0303 0202 0101 0302 0202 0101 0101 0202 0104 0303 0101 0404 0404 0303 0202 0404 0204 0404 0202 0303 0101 0102 0202 0202 0104 0402 0202 0101 0101 0201 0204 0404 0303 0202 0101 0404 0202 0303 0101 0303 
175 , 0203 0102 0103 0201 0101 0402 0201 0303 0303 0301 0102 0301 0201 0101 0101 0103 0204 0403 0401 0404 0404 0101 0202 0404 0303 0303 0201 0204 0302 0101 0202 0203 0202 0303 0404 0301 0404 0202 0203 0202 0303 0302 0101 0302 0202 0104 0103 0302 0104 0303 0101 0404 0404 0303 0202 0404 0404 0404 0102 0303 0101 0101 0302 0202 0404 0402 0203 0101 0101 0202 0204 0202 0303 0302 0101 0401 0303 0303 0101 0202 
176 , 0302 0101 0103 0202 0201 0202 0202 0303 0303 0103 0201 0103 0101 0101 0303 0303 0404 0404 0101 0404 0404 0404 0202 0404 0303 0303 0201 0204 0303 0101 0202 0303 0202 0303 0104 0103 0404 0202 0303 0202 0303 0202 0103 0303 0202 0101 0301 0202 0101 0303 0101 0404 0404 0303 0202 0404 0404 0404 0201 0303 0101 0102 0303 0202 0404 0202 0202 0101 0101 0102 0202 0202 0303 0202 0101 0401 0202 0303 0101 0303 
177 , 0203 0102 0101 0202 0201 0404 0102 0303 0303 0101 0101 0303 0102 0101 0303 0303 0402 0404 0101 0404 0404 0404 0303 0404 0303 0303 0201 0202 0303 0401 0204 0303 0202 0303 0404 0101 0404 0202 0303 0302 0303 0202 0103 0303 0202 0101 0101 0203 0404 0303 0101 0404 0404 0302 0202 0404 0404 0304 0202 0303 0101 0101 0202 0203 0404 0404 0202 0101 0401 0202 0202 0202 0303 0202 0104 0404 0202 0303 0201 0202 
178 , 0302 0101 0301 0202 0202 0402 0202 0303 0303 0103 0102 0303 0101 0201 0303 0103 0402 0304 0101 0304 0404 0401 0203 0404 0303 0303 0202 0204 0302 0101 0202 0203 0202 0303 0404 0301 0304 0202 0303 0202 0302 0202 0301 0203 0202 0101 0103 0302 0101 0303 0101 0404 0404 0203 0203 0404 0404 0404 0101 0303 0101 0102 0303 0202 0404 0204 0202 0401 0101 0201 0402 0202 0301 0302 0101 0404 0202 0303 0102 0202 
179 , 0203 0201 0103 0202 0202 0202 0202 0303 0303 0301 0202 0303 0101 0201 0303 0303 0402 0404 0104 0404 0404 0404 0202 0404 0303 0303 0202 0402 0302 0101 0202 0203 0202 0303 0404 0301 0404 0202 0203 0202 0203 0202 0101 0203 0202 0101 0303 0203 0101 0303 0401 0204 0404 0303 0202 0404 0202 0403 0102 0303 0101 0102 0203 0202 0404 0404 0302 0101 0101 0202 0204 0402 0301 0202 0101 0104 0202 0101 0101 0202 
180 , 0303 0101 0101 0201 0202 0204 0102 0403 0303 0301 0101 0303 0201 0101 0303 0303 0204 0403 0101 0404 0404 0401 0302 0404 0303 0303 0202 0202 0302 0404 0202 0303 0202 0303 0104 0103 0404 0202 0302 0202 0303 0203 0301 0303 0202 0101 0301 0203 0101 0303 0101 0404 0202 0303 0202 0404 0204 0404 0201 0304 0101 0101 0203 0202 0404 0202 0202 0101 0101 0202 0202 0202 0103 0202 0404 0104 0203 0303 0101 0302 
181 , 0203 0101 0103 0202 0202 0202 0202 0403 0303 0103 0201 0303 0101 0101 0303 0303 0404 0404 0101 0304 0404 0104 0202 0404 0303 0303 0201 0202 0302 0401 0202 0202 0202 0303 0404 0103 0404 0204 0303 0202 0303 0202 0101 0203 0202 0101 0301 0203 0101 0303 0101 0404 0404 0303 0202 0401 0404 0404 0101 0303 0101 0101 0302 0202 0404 0404 0202 0101 0101 0102 0402 0402 0103 0202 0104 0404 0202 0303 0101 0202 
182 , 0203 0101 0303 0202 0202 0202 0201 0403 0303 0101 0101 0301 0202 0201 0103 0303 0404 0303 0104 0404 0401 0401 0202 0403 0303 0303 0202 0402 0303 0101 0204 0303 0202 0301 0404 0101 0404 0202 0302 0202 0303 0202 0101 0203 0202 0101 0103 0302 0401 0303 0104 0404 0404 0202 0202 0404 0404 0404 0102 0303 0101 0201 0202 0202 0404 0202 0202 0101 0101 0201 0402 0204 0303 0202 0104 0404 0202 0103 0101 0202 
183 , 0302 0102 0101 0202 0201 0202 0201 0303 0303 0303 0102 0303 0101 0102 0301 0103 0204 0304 0404 0404 0404 0404 0303 0404 0303 0303 0201 0202 0203 0404 0402 0303 0202 0301 0404 0101 0404 0202 0303 0202 0303 0202 0303 0303 0202 0101 0303 0303 0101 0303 0101 0402 0404 0303 0202 0404 0402 0403 0101 0303 0101 0202 0202 0202 0404 0202 0203 0101 0101 0102 0202 0204 0301 0202 0101 0404 0202 0303 0101 0302 
184 , 0202 0101 0103 0202 0202 0402 0202 0303 0303 0303 0201 0303 0101 0101 0303 0303 0204 0404 0401 0403 0404 0404 0203 0403 0303 0303 0202 0204 0303 0101 0202 0303 0202 0303 0404 0103 0404 0202 0303 0202 0303 0202 0103 0202 0202 0101 0103 0202 0401 0303 0101 0404 0404 0303 0202 0404 0404 0304 0202 0303 0101 0101 0202 0202 0404 0402 0202 0101 0401 0202 0202 0204 0303 0202 0404 0404 0202 0303 0101 0202 
185 , 0203 0101 0101 0202 0202 0202 0102 0303 0303 0303 0101 0303 0101 0101 0303 0303 0404 0403 0101 0404 0404 0401 0202 0403 0303 0303 0102 0404 0302 0101 0202 0203 0204 0303 0404 0103 0404 0402 0303 0202 0203 0203 0103 0302 0202 0101 0301 0303 0101 0303 0401 0404 0404 0303 0202 0404 0404 0404 0202 0303 0101 0201 0302 0202 0404 0202 0202 0101 0101 0202 0202 0404 0303 0302 0104 0404 0202 0103 0101 0202 
186 , 0202 0201 0103 0202 0202 0202 0101 0403 0303 0303 0201 0303 0202 0101 0103 0303 0404 0404 0101 0404 0404 0101 0202 0404 0303 0303 0202 0404 0203 0104 0204 0303 0202 0303 0404 0303 0303 0202 0303 0202 0303 0202 0303 0302 0203 0401 0103 0202 0101 0303 0101 0404 0404 0303 0302 0404 0204 0404 0102 0303 0101 0101 0302 0202 0404 0402 0202 0401 0401 0202 0402 0404 0303 0202 0101 0404 0202 0303 0101 0202 
187 , 0302 0102 0101 0202 0201 0202 0102 0404 0203 0303 0102 0301 0101 0101 0301 0303 0404 0403 0404 0403 0404 0104 0202 0404 0103 0303 0202 0204 0302 0104 0202 0303 0202 0303 0404 0101 0404 0202 0303 0202 0203 0202 0103 0302 0202 0401 0103 0202 0101 0403 0101 0404 0404 0303 0202 0404 0404 0404 0102 0303 0101 0101 0303 0202 0404 0402 0202 0101 0101 0202 0202 0404 0303 0202 0104 0404 0202 0301 0101 0202 
188 , 0302 0102 0101 0202 0202 0202 0202 0403 0203 0301 0102 0303 0201 0102 0303 0103 0404 0403 0401 0404 0404 0104 0202 0404 0303 0303 0201 0202 0303 0101 0202 0303 0202 0303 0404 0301 0404 0202 0303 0202 0203 0202 0101 0303 0202 0101 0101 0202 0104 0403 0101 0404 0404 0303 0202 0404 0404 0404 0201 0303 0101 0101 0203 0202 0404 0402 0202 0101 0101 0202 0404 0402 0303 0202 0101 0404 0202 0301 0101 0202 
189 , 0203 0201 0101 0202 0102 0202 0202 0304 0203 0103 0202 0301 0101 0201 0303 0103 0404 0404 0401 0404 0404 0104 0302 0404 0303 0303 0202 0402 0303 0101 0202 0303 0202 0303 0104 0101 0404 0202 0303 0202 0303 0202 0301 0202 0203 0101 0101 0202 0401 0303 0101 0404 0404 0302 0202 0404 0204 0404 0202 0303 0102 0201 0303 0202 0404 0402 0202 0101 0101 0102 0202 0202 0303 0202 0401 0404 0202 0301 0101 0203 
190 , 0203 0201 0301 0202 0102 0202 0201 0303 0303 0301 0201 0301 0201 0201 0303 0303 0402 0404 0101 0404 0404 0104 0302 0404 0303 0303 0202 0204 0303 0104 0202 0303 0202 0303 0404 0301 0404 0202 0203 0202 0303 0302 0301 0203 0202 0101 0101 0202 0101 0303 0401 0404 0404 0303 0202 0404 0402 0404 0201 0303 0201 0101 0302 0202 0404 0202 0202 0101 0104 0202 0204 0202 0303 0202 0104 0404 0202 0303 0101 0202 
191 , 0303 0201 0103 0201 0202 0202 0101 0303 0203 0303 0102 0303 0201 0101 0303 0303 0404 0303 0101 0404 0404 0101 0203 0404 0303 0303 0202 0202 0202 0101 0202 0202 0202 0303 0404 0303 0404 0202 0303 0202 0303 0302 0103 0302 0302 0101 0303 0202 0104 0303 0101 0404 0404 0303 0202 0404 0404 0404 0201 0303 0101 0102 0302 0202 0404 0202 0202 0101 0101 0202 0402 0202 0303 0302 0101 0404 0202 0303 0101 0303 
192 , 0303 0101 0101 0202 0202 0202 0202 0303 0303 0303 0202 0303 0102 0101 0303 0303 0404 0304 0104 0403 0404 0104 0202 0404 0303 0303 0102 0404 0303 0104 0404 0303 0202 0301 0404 0301 0304 0202 0303 0202 0303 0302 0301 0202 0202 0101 0103 0302 0104 0303 0101 0204 0204 0303 0202 0104 0404 0404 0102 0403 0101 0202 0302 0202 0104 0404 0202 0101 0101 0201 0204 0202 0303 0202 0101 0404 0202 0303 0101 0302 
193 , 0303 0101 0301 0202 0101 0204 0201 0304 0303 0303 0202 0103 0101 0102 0103 0303 0404 0304 0401 0404 0404 0104 0202 0404 0303 0303 0201 0402 0303 0104 0202 0303 0202 0301 0404 0101 0404 0202 0303 0202 0202 0202 0101 0203 0302 0101 0103 0202 0101 0403 0101 0404 0404 0203 0202 0404 0404 0403 0202 0303 0101 0101 0202 0202 0404 0404 0203 0101 0101 0202 0202 0402 0301 0202 0101 0404 0202 0303 0101 0302 
194 , 0203 0102 0103 0202 0102 0204 0102 0404 0203 0301 0101 0301 0102 0201 0103 0103 0404 0403 0101 0304 0401 0404 0302 0404 0303 0303 0202 0404 0203 0404 0202 0303 0202 0303 0404 0101 0404 0204 0303 0202 0303 0202 0103 0203 0203 0101 0301 0203 0101 0303 0101 0404 0404 0303 0202 0404 0202 0404 0102 0303 0101 0101 0203 0202 0404 0404 0202 0101 0101 0202 0402 0202 0303 0202 0101 0404 0202 0301 0101 0202 
195 , 0303 0101 0103 0202 0202 0202 0201 0303 0303 0301 0201 0303 0102 0202 0303 0303 0404 0403 0404 0403 0404 0104 0203 0304 0303 0303 0102 0404 0302 0104 0202 0303 0202 0303 0404 0103 0404 0202 0203 0202 0303 0202 0303 0303 0202 0101 0303 0203 0101 0303 0404 0404 0404 0202 0202 0404 0404 0404 0101 0303 0101 0101 0303 0202 0404 0404 0202 0401 0101 0202 0202 0202 0301 0202 0101 0401 0203 0303 0101 0302 
196 , 0302 0201 0101 0202 0102 0202 0202 0303 0303 0303 0101 0303 0101 0101 0303 0103 0402 0304 0101 0404 0404 0104 0203 0404 0303 0303 0201 0404 0302 0401 0202 0303 0202 0303 0104 0103 0404 0204 0303 0202 0203 0202 0101 0302 0202 0101 0301 0303 0401 0403 0101 0404 0404 0303 0202 0401 0404 0404 0201 0303 0101 0101 0302 0302 0404 0402 0202 0101 0101 0202 0202 0202 0303 0202 0104 0404 0202 0303 0101 0202 
197 , 0202 0201 0303 0202 0201 0202 0102 0403 0203 0303 0102 0301 0101 0101 0303 0103 0404 0303 0104 0304 0104 0104 0202 0304 0303 0303 0202 0404 0303 0101 0202 0303 0204 0303 0404 0101 0404 0202 0303 0202 0303 0302 0101 0203 0202 0401 0301 0202 0101 0303 0101 0404 0204 0303 0302 0404 0404 0404 0102 0303 0101 0201 0303 0302 0404 0402 0202 0101 0101 0202 0202 0402 0103 0203 0104 0404 0202 0303 0101 0203 
198 , 0202 0101 0101 0202 0201 0202 0202 0303 0303 0303 0102 0303 0201 0201 0103 0103 0404 0404 0104 0404 0404 0404 0202 0404 0103 0303 0201 0204 0203 0104 0202 0303 0204 0303 0404 0303 0304 0202 0303 0203 0302 0202 0301 0203 0203 0401 0301 0302 0101 0303 0101 0404 0402 0203 0202 0404 0404 0404 0101 0303 0201 0102 0303 0202 0404 0202 0202 0401 0101 0202 0402 0202 0303 0302 0401 0401 0202 0303 0101 0303 
199 , 0302 0101 0101 0102 0102 0202 0202 0404 0303 0101 0201 0103 0102 0101 0303 0303 0404 0403 0101 0404 0404 0401 0202 0404 0303 0203 0202 0404 0302 0101 0202 0303 0202 0303 0404 0301 0404 0202 0303 0202 0202 0202 0103 0202 0202 0401 0303 0303 0401 0403 0101 0404 0404 0303 0302 0404 0404 0304 0101 0303 0101 0101 0302 0202 0401 0404 0202 0101 0101 0202 0202 0202 0303 0202 0101 0401 0202 0303 0101 0302 
200 , 0302 0101 0101 0202 0101 0202 0102 0303 0303 0303 0102 0303 0101 0101 0303 0303 0404 0404 0104 0404 0404 0404 0202 0404 0303 0303 0202 0404 0203 0101 0202 0302 0204 0103 0104 0103 0403 0402 0303 0202 0302 0302 0301 0303 0202 0101 0101 0302 0101 0303 0101 0404 0402 0303 0202 0404 0204 0404 0101 0303 0101 0102 0202 0202 0404 0202 0302 0101 0101 0202 0202 0202 0303 0202 0101 0404 0202 0303 0101 0303 
