Auto-generated genotype output.
1
2
3
4
5
6
7
8
9
10
11
12
13
14
15
16
17
18
19
20
21
22
23
24
25
26
27
28
29
30
31
32
33
34
35
36
37
38
39
40
Pop
1 , 0202 0101 0301 0202 0201 0202 0202 0404 0303 0101 0101 0103 0101 0202 0303 0301 0204 0404 0401 0403 0404 0404 0302 0404 0303 0303 0202 0404 0303 0101 0202 0303 0202 0303 0404 0301 0404 0402 0303 0302 
2 , 0203 0101 0301 0202 0202 0202 0201 0304 0303 0103 0201 0303 0102 0201 0303 0301 0402 0404 0104 0404 0404 0101 0303 0404 0303 0303 0202 0402 0203 0101 0202 0302 0202 0303 0104 0101 0403 0204 0203 0302 
3 , 0303 0101 0303 0202 0202 0202 0101 0303 0303 0103 0202 0103 0202 0202 0303 0303 0404 0404 0101 0404 0404 0404 0302 0404 0303 0303 0201 0404 0203 0101 0202 0303 0202 0303 0401 0101 0404 0202 0203 0202 
4 , 0202 0101 0101 0202 0201 0202 0202 0304 0203 0303 0102 0103 0201 0101 0301 0303 0404 0404 0101 0304 0404 0401 0302 0404 0303 0303 0102 0204 0303 0104 0202 0303 0202 0303 0404 0103 0404 0204 0303 0202 
5 , 0303 0101 0303 0202 0101 0202 0102 0304 0303 0303 0102 0303 0101 0101 0303 0303 0404 0403 0101 0404 0404 0404 0302 0404 0303 0303 0102 0404 0303 0404 0202 0303 0202 0103 0404 0301 0403 0204 0303 0202 
6 , 0202 0101 0101 0202 0102 0402 0202 0404 0303 0103 0101 0303 0101 0202 0103 0303 0204 0303 0104 0404 0401 0404 0202 0404 0303 0303 0102 0204 0203 0104 0202 0303 0402 0303 0404 0303 0404 0204 0303 0202 
7 , 0302 0201 0101 0102 0102 0202 0102 0304 0303 0303 0101 0103 0102 0101 0303 0303 0404 0404 0101 0404 0404 0404 0202 0404 0303 0303 0101 0202 0202 0101 0202 0303 0204 0303 0404 0101 0404 0202 0202 0202 
8 , 0303 0101 0301 0202 0202 0202 0101 0403 0303 0303 0202 0303 0101 0101 0301 0103 0402 0404 0101 0404 0404 0404 0202 0404 0303 0303 0201 0204 0303 0401 0202 0203 0202 0103 0101 0101 0404 0202 0203 0202 
9 , 0302 0102 0101 0202 0202 0202 0201 0303 0303 0301 0202 0301 0102 0101 0303 0303 0404 0404 0104 0404 0404 0404 0302 0404 0303 0303 0201 0402 0302 0101 0202 0303 0202 0303 0401 0103 0404 0204 0303 0202 
10 , 0303 0101 0301 0202 0201 0202 0102 0303 0303 0101 0102 0303 0101 0102 0303 0103 0404 0403 0404 0404 0404 0404 0302 0404 0103 0303 0201 0202 0303 0104 0202 0303 0202 0303 0404 0301 0304 0202 0302 0202 
11 , 0203 0101 0101 0202 0202 0402 0201 0304 0303 0303 0102 0103 0102 0201 0303 0303 0404 0403 0401 0304 0404 0404 0302 0404 0303 0303 0102 0204 0203 0101 0202 0302 0202 0301 0404 0103 0404 0202 0303 0202 
12 , 0203 0101 0103 0202 0202 0202 0202 0303 0303 0103 0102 0303 0101 0201 0301 0303 0404 0304 0101 0404 0401 0401 0302 0404 0303 0303 0202 0204 0203 0404 0202 0303 0402 0303 0404 0301 0404 0202 0302 0202 
13 , 0303 0101 0101 0202 0102 0202 0201 0304 0303 0101 0201 0303 0101 0101 0303 0303 0404 0304 0104 0304 0404 0104 0202 0304 0303 0303 0102 0404 0303 0404 0202 0303 0202 0303 0104 0103 0404 0204 0303 0202 
14 , 0302 0101 0301 0202 0202 0202 0202 0303 0303 0301 0202 0303 0201 0101 0303 0303 0404 0404 0404 0404 0404 0404 0202 0404 0303 0302 0101 0404 0202 0404 0202 0303 0202 0303 0404 0303 0404 0204 0303 0302 
15 , 0303 0102 0303 0201 0102 0202 0202 0304 0303 0303 0202 0101 0101 0201 0103 0303 0404 0403 0104 0404 0404 0104 0202 0404 0303 0303 0202 0404 0303 0101 0202 0303 0202 0303 0104 0103 0404 0404 0303 0302 
16 , 0202 0101 0303 0202 0201 0202 0202 0403 0303 0303 0202 0103 0201 0101 0303 0303 0204 0403 0401 0404 0404 0404 0303 0404 0303 0303 0202 0404 0303 0104 0202 0303 0204 0303 0404 0303 0304 0402 0303 0202 
17 , 0202 0102 0301 0202 0202 0202 0201 0403 0203 0301 0102 0301 0201 0101 0301 0103 0404 0404 0104 0404 0401 0404 0202 0404 0303 0303 0201 0404 0202 0104 0202 0303 0402 0303 0101 0303 0404 0202 0203 0202 
18 , 0303 0101 0101 0202 0102 0202 0201 0303 0303 0103 0202 0303 0101 0102 0301 0303 0404 0404 0401 0404 0404 0404 0202 0304 0301 0303 0202 0202 0303 0101 0202 0302 0202 0303 0404 0103 0404 0202 0203 0202 
19 , 0303 0101 0101 0202 0101 0202 0202 0304 0303 0301 0202 0303 0102 0101 0101 0303 0404 0404 0401 0404 0404 0101 0202 0304 0303 0303 0202 0404 0303 0101 0202 0303 0402 0303 0404 0303 0404 0202 0303 0202 
20 , 0302 0202 0101 0202 0202 0202 0202 0403 0303 0103 0202 0303 0202 0102 0301 0303 0404 0404 0101 0404 0404 0101 0302 0404 0303 0303 0102 0404 0203 0101 0402 0302 0402 0303 0401 0103 0404 0204 0303 0202 
21 , 0303 0101 0101 0202 0202 0202 0202 0304 0303 0303 0201 0301 0101 0201 0303 0301 0404 0304 0101 0404 0404 0404 0202 0404 0303 0303 0102 0204 0302 0101 0402 0302 0202 0103 0404 0301 0403 0202 0303 0202 
22 , 0202 0101 0301 0202 0102 0402 0202 0303 0202 0101 0201 0303 0101 0201 0303 0303 0404 0304 0101 0404 0401 0104 0302 0404 0303 0303 0102 0204 0203 0101 0204 0303 0404 0303 0404 0303 0404 0204 0303 0202 
23 , 0303 0101 0101 0202 0202 0202 0102 0304 0302 0103 0102 0303 0201 0201 0103 0303 0404 0404 0104 0404 0404 0401 0302 0404 0303 0303 0202 0402 0203 0401 0402 0303 0202 0303 0404 0103 0404 0202 0303 0202 
24 , 0203 0101 0101 0202 0201 0202 0201 0304 0303 0101 0101 0303 0101 0201 0103 0303 0404 0404 0104 0404 0401 0104 0302 0404 0303 0303 0202 0204 0203 0404 0202 0303 0202 0303 0104 0301 0404 0202 0303 0202 
25 , 0202 0101 0103 0202 0201 0204 0102 0404 0302 0303 0202 0301 0101 0201 0303 0303 0404 0404 0404 0404 0404 0101 0202 0404 0303 0303 0202 0404 0303 0404 0202 0203 0202 0303 0401 0103 0304 0202 0303 0202 
26 , 0203 0101 0301 0202 0202 0202 0202 0303 0303 0103 0201 0303 0101 0202 0103 0303 0404 0303 0104 0404 0404 0104 0302 0404 0303 0303 0202 0404 0203 0401 0402 0302 0402 0303 0404 0101 0404 0202 0303 0203 
27 , 0202 0202 0301 0102 0202 0202 0102 0304 0303 0303 0101 0303 0102 0102 0303 0303 0404 0304 0104 0404 0404 0404 0202 0404 0301 0303 0201 0202 0203 0104 0202 0303 0202 0303 0401 0101 0404 0204 0203 0203 
28 , 0303 0101 0301 0202 0202 0202 0202 0304 0302 0301 0202 0103 0101 0201 0303 0301 0404 0403 0104 0404 0404 0404 0202 0404 0303 0303 0202 0204 0302 0101 0202 0303 0202 0103 0404 0301 0404 0202 0303 0302 
29 , 0302 0101 0303 0101 0102 0202 0101 0304 0303 0303 0102 0103 0201 0101 0303 0103 0202 0404 0104 0404 0404 0404 0302 0404 0303 0303 0201 0202 0302 0104 0202 0203 0202 0303 0404 0101 0304 0202 0303 0203 
30 , 0202 0102 0301 0202 0202 0204 0201 0303 0303 0101 0102 0303 0101 0201 0301 0303 0402 0304 0104 0404 0404 0101 0203 0404 0301 0303 0202 0404 0202 0401 0204 0303 0202 0303 0401 0103 0404 0202 0302 0202 
31 , 0302 0101 0303 0202 0202 0202 0102 0303 0303 0303 0102 0303 0202 0101 0303 0303 0404 0303 0104 0404 0404 0101 0202 0404 0303 0303 0202 0202 0303 0101 0204 0303 0202 0303 0404 0303 0403 0202 0303 0302 
32 , 0203 0101 0103 0202 0202 0202 0102 0303 0303 0303 0102 0303 0101 0101 0101 0303 0404 0404 0101 0404 0404 0401 0302 0404 0303 0303 0102 0402 0303 0104 0202 0303 0202 0303 0404 0301 0404 0202 0302 0202 
33 , 0202 0101 0103 0202 0201 0202 0201 0403 0203 0303 0202 0303 0102 0101 0303 0103 0404 0404 0101 0404 0404 0404 0302 0404 0303 0303 0102 0204 0303 0401 0202 0302 0202 0303 0104 0301 0404 0202 0302 0202 
34 , 0302 0102 0103 0202 0102 0202 0202 0403 0303 0103 0202 0301 0101 0101 0301 0303 0402 0403 0104 0404 0404 0404 0302 0404 0303 0303 0102 0202 0303 0101 0202 0303 0202 0303 0404 0103 0404 0202 0302 0202 
35 , 0303 0101 0101 0202 0201 0202 0202 0303 0303 0103 0102 0303 0101 0101 0301 0303 0404 0404 0401 0404 0404 0104 0302 0304 0303 0303 0202 0204 0303 0101 0202 0303 0202 0303 0404 0103 0303 0204 0302 0202 
36 , 0303 0102 0301 0202 0202 0202 0102 0304 0303 0101 0202 0103 0202 0101 0301 0103 0402 0304 0104 0404 0404 0404 0303 0404 0303 0303 0202 0204 0302 0104 0202 0302 0202 0303 0401 0303 0404 0202 0302 0202 
37 , 0303 0101 0103 0202 0102 0202 0202 0303 0303 0301 0201 0303 0202 0101 0303 0303 0404 0304 0104 0404 0404 0404 0203 0403 0303 0303 0202 0402 0302 0401 0202 0303 0202 0303 0104 0303 0404 0402 0203 0202 
38 , 0303 0101 0101 0202 0201 0202 0102 0304 0302 0303 0102 0303 0201 0101 0303 0301 0404 0304 0401 0404 0404 0401 0302 0404 0303 0303 0102 0202 0303 0104 0202 0303 0202 0301 0404 0303 0404 0202 0303 0202 
39 , 0202 0101 0303 0202 0102 0202 0202 0304 0302 0303 0202 0303 0101 0102 0101 0301 0404 0403 0104 0404 0404 0404 0202 0404 0303 0303 0202 0202 0302 0104 0202 0303 0202 0303 0104 0303 0404 0202 0303 0203 
40 , 0303 0102 0101 0201 0102 0202 0202 0403 0203 0301 0102 0303 0201 0101 0303 0103 0402 0403 0401 0404 0404 0404 0202 0404 0303 0303 0101 0404 0203 0101 0204 0303 0402 0303 0404 0301 0404 0202 0203 0202 
41 , 0302 0101 0101 0202 0101 0204 0202 0404 0302 0303 0102 0303 0102 0101 0303 0301 0202 0404 0104 0404 0404 0401 0202 0404 0301 0303 0202 0402 0203 0101 0202 0303 0202 0103 0404 0303 0404 0402 0303 0202 
42 , 0203 0201 0101 0202 0102 0202 0202 0403 0302 0303 0102 0301 0201 0202 0303 0101 0404 0403 0404 0404 0404 0104 0302 0404 0303 0303 0201 0402 0302 0404 0202 0302 0202 0303 0404 0103 0404 0202 0302 0202 
43 , 0302 0101 0303 0202 0202 0202 0202 0403 0203 0303 0202 0303 0201 0202 0303 0103 0404 0404 0101 0404 0404 0404 0203 0404 0303 0302 0102 0202 0203 0104 0202 0303 0402 0303 0104 0301 0404 0202 0203 0202 
44 , 0303 0102 0303 0202 0202 0202 0201 0304 0203 0103 0201 0303 0102 0102 0103 0301 0402 0404 0104 0404 0404 0404 0302 0404 0303 0303 0202 0404 0302 0104 0202 0303 0202 0303 0401 0103 0404 0202 0303 0202 
45 , 0303 0101 0301 0202 0201 0202 0101 0303 0303 0103 0202 0103 0101 0202 0303 0303 0404 0303 0401 0404 0404 0104 0202 0404 0303 0303 0201 0204 0303 0104 0402 0303 0202 0103 0404 0301 0404 0202 0303 0202 
46 , 0203 0101 0101 0202 0102 0204 0202 0303 0303 0303 0201 0303 0201 0202 0303 0101 0404 0304 0404 0404 0404 0401 0303 0404 0303 0303 0202 0202 0203 0101 0202 0202 0202 0303 0401 0101 0403 0202 0303 0203 
47 , 0302 0101 0101 0202 0201 0202 0101 0304 0202 0301 0201 0303 0201 0102 0301 0303 0204 0403 0404 0403 0401 0404 0202 0404 0303 0303 0102 0404 0303 0104 0202 0303 0202 0303 0404 0101 0404 0202 0303 0202 
48 , 0303 0201 0301 0202 0102 0202 0202 0303 0303 0303 0201 0101 0101 0201 0103 0303 0204 0403 0104 0404 0104 0401 0303 0303 0303 0303 0202 0404 0203 0101 0202 0303 0202 0103 0404 0101 0404 0202 0302 0202 
49 , 0202 0102 0301 0202 0201 0202 0201 0303 0303 0103 0101 0303 0102 0201 0301 0303 0404 0404 0101 0404 0401 0104 0303 0404 0303 0303 0202 0404 0303 0404 0202 0302 0402 0303 0404 0303 0404 0204 0303 0202 
50 , 0302 0101 0301 0202 0202 0202 0202 0403 0302 0301 0201 0303 0101 0202 0303 0303 0404 0404 0404 0403 0101 0104 0302 0404 0303 0303 0202 0404 0203 0101 0202 0203 0204 0303 0404 0103 0404 0202 0303 0202 
51 , 0302 0102 0103 0202 0102 0202 0102 0303 0303 0303 0102 0303 0101 0102 0103 0303 0404 0404 0104 0404 0404 0404 0303 0404 0303 0302 0102 0404 0303 0404 0202 0303 0202 0103 0401 0101 0404 0202 0303 0202 
52 , 0303 0101 0101 0202 0202 0202 0202 0303 0203 0303 0202 0303 0202 0102 0103 0303 0404 0404 0101 0404 0404 0404 0203 0404 0303 0303 0101 0404 0303 0101 0202 0303 0202 0301 0401 0101 0403 0202 0303 0202 
53 , 0302 0101 0101 0202 0202 0202 0202 0304 0202 0303 0202 0303 0201 0101 0303 0301 0402 0303 0401 0404 0404 0404 0202 0404 0303 0303 0202 0402 0302 0101 0202 0303 0202 0301 0404 0101 0404 0402 0303 0202 
54 , 0303 0102 0303 0202 0202 0202 0201 0303 0303 0103 0202 0301 0101 0102 0103 0303 0404 0403 0104 0404 0404 0401 0302 0404 0301 0302 0102 0402 0303 0101 0202 0303 0202 0303 0401 0101 0404 0202 0303 0202 
55 , 0203 0202 0301 0102 0102 0202 0202 0304 0202 0303 0202 0103 0201 0101 0303 0103 0404 0404 0104 0403 0404 0401 0302 0404 0303 0303 0201 0204 0303 0101 0202 0203 0202 0303 0404 0103 0404 0202 0303 0202 
56 , 0302 0101 0303 0202 0202 0202 0102 0303 0303 0103 0102 0301 0101 0101 0303 0103 0404 0304 0101 0404 0404 0404 0302 0404 0103 0303 0202 0202 0303 0104 0202 0303 0202 0303 0404 0101 0404 0202 0302 0202 
57 , 0202 0201 0303 0202 0102 0202 0202 0403 0302 0303 0202 0301 0202 0202 0303 0103 0404 0404 0101 0304 0404 0401 0302 0404 0303 0303 0202 0202 0302 0401 0202 0303 0202 0103 0404 0101 0404 0202 0303 0202 
58 , 0203 0101 0301 0202 0202 0202 0201 0304 0303 0301 0201 0101 0201 0201 0301 0301 0204 0404 0404 0404 0404 0401 0302 0403 0303 0303 0102 0404 0302 0104 0202 0303 0202 0303 0404 0301 0403 0402 0303 0302 
59 , 0203 0101 0303 0202 0201 0202 0102 0403 0302 0101 0102 0103 0101 0101 0301 0303 0204 0304 0101 0404 0404 0104 0303 0404 0303 0303 0202 0404 0303 0401 0204 0302 0202 0301 0404 0101 0404 0202 0303 0202 
60 , 0303 0101 0301 0202 0202 0202 0102 0303 0303 0103 0102 0103 0202 0102 0303 0303 0402 0404 0101 0404 0404 0401 0303 0404 0103 0302 0202 0204 0303 0101 0202 0303 0202 0301 0404 0303 0404 0202 0303 0202 
61 , 0302 0101 0103 0202 0101 0202 0102 0303 0303 0303 0202 0303 0201 0101 0303 0303 0404 0404 0404 0404 0404 0404 0302 0404 0303 0303 0202 0402 0302 0104 0202 0303 0202 0303 0104 0301 0404 0402 0303 0202 
62 , 0203 0101 0101 0202 0202 0202 0202 0303 0303 0301 0102 0303 0101 0101 0103 0303 0402 0403 0401 0404 0404 0404 0202 0404 0303 0302 0201 0402 0303 0401 0202 0303 0202 0303 0401 0301 0403 0204 0303 0202 
63 , 0303 0101 0101 0202 0201 0202 0202 0304 0303 0301 0102 0303 0201 0101 0303 0303 0404 0303 0101 0404 0404 0404 0202 0404 0303 0303 0202 0404 0302 0401 0202 0303 0202 0303 0104 0301 0403 0204 0203 0202 
64 , 0302 0101 0101 0202 0101 0202 0201 0303 0303 0103 0102 0303 0102 0102 0301 0303 0404 0403 0104 0404 0404 0104 0302 0404 0303 0303 0102 0204 0203 0101 0202 0303 0202 0303 0401 0103 0304 0202 0303 0202 
65 , 0302 0101 0101 0202 0202 0202 0102 0304 0203 0301 0202 0303 0102 0101 0301 0303 0402 0404 0101 0404 0404 0401 0203 0404 0303 0303 0202 0404 0302 0401 0202 0303 0202 0303 0401 0301 0404 0202 0303 0202 
66 , 0202 0201 0103 0202 0101 0202 0202 0403 0303 0303 0202 0303 0201 0201 0303 0103 0404 0403 0104 0404 0404 0404 0303 0404 0303 0303 0202 0404 0302 0404 0202 0302 0204 0303 0404 0101 0404 0202 0303 0202 
67 , 0303 0101 0103 0202 0202 0202 0102 0303 0303 0301 0202 0103 0102 0202 0303 0303 0404 0303 0104 0404 0404 0104 0202 0404 0303 0303 0202 0204 0302 0101 0402 0303 0204 0303 0401 0303 0404 0202 0303 0202 
68 , 0203 0102 0301 0201 0102 0202 0102 0403 0303 0101 0102 0303 0101 0101 0303 0103 0202 0303 0101 0404 0404 0404 0202 0404 0303 0303 0201 0204 0303 0401 0204 0203 0202 0103 0101 0101 0403 0204 0203 0202 
69 , 0303 0101 0301 0202 0201 0202 0202 0304 0303 0101 0201 0303 0201 0102 0303 0303 0204 0404 0104 0404 0404 0401 0202 0404 0303 0303 0202 0404 0303 0101 0202 0303 0202 0303 0404 0101 0404 0202 0303 0302 
70 , 0302 0101 0101 0202 0202 0202 0102 0403 0203 0303 0101 0303 0102 0101 0303 0303 0404 0403 0101 0304 0404 0404 0203 0404 0303 0303 0102 0404 0202 0101 0202 0203 0204 0303 0401 0301 0404 0402 0302 0202 
71 , 0303 0201 0303 0102 0101 0202 0101 0303 0203 0303 0102 0303 0201 0101 0303 0103 0404 0403 0101 0404 0404 0401 0202 0404 0303 0303 0202 0204 0203 0104 0202 0303 0202 0303 0104 0301 0404 0202 0203 0202 
72 , 0303 0101 0301 0202 0201 0202 0202 0303 0303 0101 0202 0103 0102 0201 0301 0303 0404 0403 0104 0404 0404 0104 0302 0404 0303 0303 0201 0402 0203 0101 0204 0303 0202 0303 0104 0301 0404 0202 0303 0302 
73 , 0203 0101 0101 0202 0202 0202 0101 0303 0303 0303 0101 0303 0101 0101 0303 0303 0404 0404 0404 0404 0404 0404 0202 0404 0301 0303 0202 0402 0303 0101 0202 0303 0202 0303 0101 0303 0404 0202 0303 0202 
74 , 0302 0101 0101 0202 0202 0202 0202 0303 0203 0303 0201 0301 0101 0101 0103 0303 0404 0404 0101 0404 0404 0404 0302 0404 0303 0303 0102 0402 0303 0101 0202 0303 0202 0301 0401 0101 0404 0202 0303 0202 
75 , 0303 0102 0101 0202 0202 0204 0101 0303 0303 0301 0202 0303 0101 0201 0101 0301 0404 0404 0104 0404 0404 0101 0303 0404 0301 0303 0102 0402 0202 0401 0404 0303 0402 0303 0104 0103 0404 0202 0302 0202 
76 , 0302 0201 0301 0202 0202 0202 0102 0403 0303 0101 0202 0103 0101 0101 0301 0303 0404 0304 0404 0404 0404 0101 0302 0404 0303 0303 0201 0404 0203 0401 0202 0302 0202 0303 0404 0101 0404 0204 0302 0202 
77 , 0303 0101 0301 0202 0202 0202 0201 0303 0302 0303 0202 0303 0201 0101 0301 0303 0404 0404 0104 0404 0404 0404 0302 0404 0303 0303 0202 0404 0303 0101 0204 0303 0202 0303 0404 0101 0403 0202 0303 0202 
78 , 0303 0101 0301 0202 0202 0202 0202 0303 0303 0103 0202 0303 0201 0102 0101 0303 0404 0404 0101 0404 0404 0104 0202 0404 0303 0303 0202 0204 0303 0401 0202 0303 0202 0303 0101 0101 0404 0202 0303 0302 
79 , 0303 0101 0101 0202 0202 0202 0102 0303 0303 0303 0202 0303 0102 0102 0303 0303 0404 0404 0101 0304 0404 0401 0203 0404 0303 0303 0202 0404 0203 0101 0202 0302 0202 0103 0401 0301 0403 0402 0303 0202 
80 , 0202 0102 0103 0202 0202 0402 0202 0303 0303 0303 0102 0303 0101 0102 0303 0303 0404 0404 0404 0404 0104 0404 0203 0404 0303 0302 0202 0402 0302 0101 0202 0203 0204 0303 0401 0301 0404 0402 0303 0202 
81 , 0203 0201 0101 0202 0101 0202 0202 0404 0303 0301 0201 0301 0101 0201 0103 0101 0404 0403 0104 0304 0404 0404 0303 0404 0303 0303 0202 0202 0303 0401 0202 0303 0202 0103 0404 0101 0404 0202 0302 0202 
82 , 0303 0101 0301 0202 0202 0202 0102 0303 0303 0103 0201 0303 0102 0101 0303 0303 0404 0403 0101 0404 0404 0104 0202 0404 0303 0303 0202 0204 0302 0101 0202 0303 0202 0303 0404 0303 0404 0202 0303 0302 
83 , 0302 0201 0303 0102 0201 0202 0202 0304 0303 0101 0201 0303 0202 0101 0303 0301 0404 0304 0104 0404 0404 0404 0303 0404 0303 0303 0201 0402 0303 0401 0202 0303 0202 0303 0404 0301 0403 0404 0303 0202 
84 , 0203 0201 0301 0202 0202 0202 0202 0303 0303 0103 0101 0103 0102 0101 0303 0303 0404 0304 0401 0404 0404 0401 0303 0404 0303 0302 0201 0404 0303 0401 0202 0302 0202 0303 0401 0101 0403 0202 0303 0202 
85 , 0303 0101 0101 0202 0202 0202 0202 0304 0203 0303 0202 0301 0201 0101 0303 0303 0404 0404 0101 0404 0404 0401 0202 0404 0303 0303 0102 0404 0302 0101 0202 0303 0202 0303 0404 0101 0404 0202 0303 0202 
86 , 0303 0101 0101 0202 0201 0202 0202 0303 0202 0101 0202 0303 0201 0102 0303 0303 0402 0403 0101 0404 0404 0404 0302 0404 0303 0303 0102 0402 0302 0104 0202 0303 0202 0303 0404 0101 0404 0202 0302 0202 
87 , 0303 0201 0301 0202 0202 0202 0102 0404 0303 0103 0101 0103 0101 0101 0303 0303 0404 0304 0104 0404 0404 0101 0302 0404 0303 0303 0202 0404 0303 0404 0202 0303 0202 0303 0404 0101 0404 0204 0303 0202 
88 , 0203 0101 0301 0202 0201 0202 0202 0304 0303 0301 0101 0303 0101 0101 0101 0303 0404 0404 0101 0404 0404 0404 0302 0404 0303 0303 0102 0404 0303 0401 0202 0303 0202 0103 0104 0301 0404 0202 0303 0202 
89 , 0302 0101 0103 0202 0201 0202 0202 0303 0203 0303 0102 0101 0202 0101 0303 0303 0402 0404 0401 0404 0404 0104 0202 0404 0303 0303 0202 0202 0303 0101 0202 0302 0202 0303 0404 0101 0404 0202 0302 0202 
90 , 0303 0101 0301 0202 0201 0202 0102 0303 0303 0301 0102 0303 0101 0101 0101 0303 0404 0404 0101 0404 0404 0104 0202 0404 0303 0303 0102 0404 0303 0101 0402 0303 0202 0303 0404 0101 0404 0204 0202 0202 
91 , 0303 0101 0303 0202 0102 0202 0101 0303 0303 0103 0202 0303 0202 0102 0103 0303 0404 0404 0401 0404 0404 0104 0202 0304 0303 0303 0202 0404 0303 0101 0202 0303 0202 0303 0101 0301 0404 0202 0303 0302 
92 , 0203 0101 0103 0202 0201 0202 0202 0404 0203 0303 0202 0303 0201 0101 0303 0103 0404 0404 0104 0404 0404 0401 0202 0404 0303 0303 0202 0202 0203 0101 0204 0303 0402 0303 0101 0103 0404 0202 0203 0202 
93 , 0202 0201 0103 0202 0202 0202 0101 0404 0303 0303 0102 0303 0102 0101 0303 0303 0404 0404 0101 0404 0404 0104 0202 0404 0303 0302 0202 0402 0302 0104 0202 0303 0202 0303 0404 0101 0404 0202 0303 0202 
94 , 0202 0101 0101 0202 0102 0202 0201 0403 0303 0303 0202 0303 0101 0101 0103 0303 0404 0404 0104 0404 0404 0404 0202 0404 0303 0302 0202 0404 0203 0104 0204 0303 0202 0303 0104 0301 0404 0202 0303 0202 
95 , 0303 0201 0301 0202 0202 0202 0202 0403 0202 0303 0202 0303 0202 0201 0101 0103 0404 0404 0104 0404 0404 0404 0202 0404 0303 0302 0202 0204 0203 0104 0204 0303 0402 0303 0404 0101 0403 0202 0203 0202 
96 , 0302 0102 0101 0202 0101 0202 0102 0303 0303 0303 0202 0303 0101 0202 0301 0303 0404 0404 0101 0404 0404 0104 0202 0404 0303 0303 0202 0404 0303 0401 0202 0202 0202 0303 0404 0303 0304 0204 0203 0202 
97 , 0302 0102 0103 0202 0202 0202 0101 0404 0303 0103 0202 0103 0202 0102 0303 0303 0404 0404 0101 0404 0404 0404 0203 0404 0303 0303 0102 0402 0303 0101 0402 0303 0202 0303 0401 0103 0404 0202 0303 0203 
98 , 0203 0201 0103 0101 0102 0202 0102 0403 0303 0301 0102 0101 0101 0101 0303 0303 0402 0404 0101 0404 0404 0104 0302 0404 0303 0303 0201 0404 0202 0101 0204 0303 0202 0303 0401 0101 0404 0404 0303 0202 
99 , 0303 0101 0301 0202 0201 0202 0102 0303 0303 0303 0201 0301 0101 0201 0301 0103 0404 0403 0401 0404 0104 0104 0302 0404 0301 0303 0202 0202 0202 0101 0202 0302 0202 0301 0404 0101 0404 0202 0303 0202 
100 , 0302 0201 0101 0102 0201 0202 0102 0303 0202 0301 0201 0303 0101 0102 0301 0303 0404 0303 0101 0403 0404 0104 0202 0404 0303 0303 0202 0204 0203 0104 0204 0303 0204 0303 0104 0103 0404 0202 0303 0202 
101 , 0203 0101 0101 0202 0202 0202 0101 0304 0303 0303 0101 0303 0201 0101 0303 0303 0404 0404 0104 0404 0401 0404 0302 0404 0303 0303 0202 0204 0303 0101 0202 0203 0202 0303 0404 0303 0404 0204 0303 0202 
102 , 0302 0101 0303 0202 0202 0202 0102 0304 0303 0301 0202 0303 0201 0201 0303 0301 0404 0403 0401 0404 0104 0404 0203 0404 0303 0303 0202 0204 0302 0104 0202 0203 0204 0303 0401 0101 0404 0202 0303 0202 
103 , 0203 0101 0101 0202 0202 0202 0201 0304 0303 0303 0102 0301 0202 0101 0101 0103 0404 0404 0401 0404 0404 0404 0202 0404 0301 0303 0202 0402 0303 0101 0202 0303 0202 0301 0401 0303 0404 0202 0303 0202 
104 , 0202 0101 0303 0202 0202 0202 0202 0303 0303 0103 0201 0103 0101 0201 0303 0303 0404 0404 0104 0404 0404 0104 0202 0404 0303 0303 0202 0402 0302 0104 0202 0203 0202 0103 0104 0303 0404 0202 0303 0202 
105 , 0202 0201 0103 0202 0102 0202 0202 0403 0203 0303 0202 0301 0201 0101 0303 0103 0402 0404 0101 0404 0401 0404 0203 0404 0303 0303 0102 0402 0203 0101 0202 0303 0202 0303 0104 0301 0404 0202 0203 0202 
106 , 0202 0101 0101 0202 0202 0202 0201 0304 0303 0303 0102 0303 0101 0102 0303 0303 0404 0304 0401 0404 0404 0401 0202 0404 0303 0303 0202 0404 0303 0104 0202 0302 0202 0303 0401 0303 0404 0202 0303 0202 
107 , 0303 0201 0301 0202 0202 0204 0201 0304 0303 0103 0202 0303 0101 0101 0101 0303 0402 0404 0404 0404 0404 0401 0302 0404 0303 0303 0201 0402 0302 0404 0202 0303 0202 0103 0404 0301 0404 0402 0203 0202 
108 , 0203 0101 0101 0202 0102 0202 0202 0403 0203 0303 0201 0303 0202 0102 0103 0103 0404 0404 0101 0404 0404 0401 0203 0404 0303 0303 0102 0204 0303 0401 0202 0303 0202 0301 0101 0303 0404 0202 0303 0202 
109 , 0202 0201 0101 0202 0202 0202 0102 0303 0303 0301 0102 0103 0101 0102 0303 0303 0404 0403 0404 0304 0404 0104 0302 0404 0303 0303 0202 0402 0303 0101 0202 0303 0204 0303 0404 0101 0404 0402 0303 0202 
110 , 0302 0101 0301 0202 0202 0202 0201 0303 0303 0303 0202 0303 0102 0102 0303 0301 0404 0404 0104 0404 0404 0401 0203 0404 0303 0303 0102 0404 0303 0101 0202 0303 0202 0303 0404 0101 0403 0202 0303 0202 
111 , 0203 0101 0101 0202 0201 0202 0202 0304 0203 0103 0201 0303 0201 0101 0303 0303 0404 0304 0404 0404 0401 0404 0202 0404 0303 0303 0202 0404 0303 0104 0202 0303 0202 0303 0404 0103 0404 0202 0303 0202 
112 , 0302 0101 0103 0202 0202 0402 0202 0303 0303 0303 0201 0101 0102 0101 0303 0301 0404 0404 0101 0404 0404 0101 0302 0404 0303 0203 0102 0204 0202 0104 0402 0303 0204 0303 0404 0101 0404 0202 0303 0202 
113 , 0203 0101 0101 0202 0202 0202 0102 0304 0203 0301 0101 0303 0102 0101 0301 0301 0202 0404 0401 0404 0404 0401 0202 0403 0303 0303 0102 0402 0202 0104 0202 0303 0202 0303 0401 0301 0403 0202 0203 0202 
114 , 0302 0101 0301 0202 0202 0202 0102 0303 0303 0103 0202 0303 0102 0201 0303 0303 0404 0404 0101 0404 0404 0401 0203 0404 0303 0303 0202 0202 0202 0101 0202 0303 0202 0303 0404 0301 0404 0202 0302 0302 
115 , 0202 0101 0101 0202 0102 0202 0202 0403 0303 0301 0201 0301 0101 0101 0103 0303 0402 0404 0104 0404 0404 0404 0202 0404 0303 0303 0202 0202 0302 0101 0204 0303 0202 0303 0401 0301 0404 0202 0303 0202 
116 , 0302 0101 0103 0202 0202 0202 0201 0303 0203 0303 0102 0303 0202 0202 0303 0303 0404 0304 0401 0404 0404 0104 0202 0404 0303 0303 0202 0404 0303 0101 0204 0302 0202 0303 0101 0103 0404 0202 0303 0202 
117 , 0203 0102 0303 0202 0202 0202 0202 0403 0303 0301 0202 0303 0102 0101 0303 0301 0404 0404 0401 0304 0404 0104 0203 0404 0303 0303 0102 0404 0302 0104 0202 0303 0204 0303 0104 0301 0404 0202 0303 0202 
118 , 0303 0102 0301 0202 0202 0202 0201 0303 0303 0101 0201 0103 0101 0201 0101 0303 0402 0404 0404 0304 0404 0101 0203 0404 0301 0303 0202 0402 0302 0104 0204 0303 0202 0103 0404 0303 0404 0202 0303 0202 
119 , 0302 0201 0301 0202 0201 0204 0202 0404 0302 0303 0102 0103 0101 0101 0303 0301 0204 0404 0401 0404 0404 0101 0302 0404 0303 0303 0202 0202 0203 0404 0204 0303 0202 0303 0401 0103 0404 0202 0303 0202 
120 , 0303 0101 0301 0202 0201 0202 0102 0303 0302 0301 0202 0301 0101 0101 0103 0303 0402 0403 0404 0404 0404 0104 0302 0404 0303 0303 0101 0402 0303 0401 0402 0303 0202 0303 0404 0101 0404 0402 0202 0202 
121 , 0203 0101 0101 0202 0202 0202 0202 0303 0303 0303 0102 0103 0101 0101 0101 0103 0404 0403 0401 0404 0404 0404 0202 0304 0303 0303 0102 0404 0302 0101 0202 0203 0202 0303 0404 0303 0403 0204 0303 0202 
122 , 0302 0101 0101 0202 0202 0202 0202 0304 0303 0303 0101 0303 0202 0101 0103 0103 0404 0304 0401 0404 0404 0404 0203 0404 0303 0303 0202 0404 0302 0101 0204 0303 0202 0303 0404 0101 0404 0202 0302 0202 
123 , 0302 0102 0101 0202 0202 0202 0102 0304 0303 0103 0201 0301 0101 0101 0303 0303 0404 0303 0404 0404 0404 0404 0202 0404 0303 0303 0202 0202 0302 0104 0202 0303 0202 0303 0404 0301 0404 0202 0303 0302 
124 , 0303 0101 0103 0202 0202 0202 0201 0303 0203 0301 0201 0303 0102 0102 0303 0301 0404 0404 0104 0404 0404 0401 0303 0404 0303 0303 0102 0402 0303 0101 0202 0302 0202 0303 0404 0101 0403 0202 0303 0202 
125 , 0203 0201 0101 0202 0202 0202 0202 0403 0303 0103 0201 0303 0201 0102 0103 0101 0404 0403 0101 0404 0404 0401 0203 0404 0303 0303 0202 0404 0303 0101 0202 0302 0202 0303 0401 0101 0403 0202 0303 0203 
126 , 0202 0201 0101 0202 0101 0202 0201 0303 0303 0303 0101 0103 0101 0102 0301 0103 0404 0403 0401 0403 0404 0104 0202 0404 0303 0303 0102 0404 0303 0101 0204 0203 0202 0303 0404 0301 0404 0202 0303 0202 
127 , 0202 0201 0301 0202 0202 0204 0201 0404 0202 0301 0102 0303 0101 0101 0303 0301 0404 0404 0401 0304 0404 0101 0202 0404 0303 0302 0101 0404 0303 0401 0202 0302 0202 0303 0404 0101 0404 0204 0303 0202 
128 , 0302 0102 0101 0202 0202 0402 0202 0304 0303 0303 0201 0103 0101 0101 0303 0303 0402 0403 0104 0404 0104 0401 0202 0404 0303 0303 0202 0402 0302 0104 0202 0203 0202 0303 0404 0301 0404 0402 0303 0202 
129 , 0203 0101 0101 0202 0202 0202 0202 0303 0303 0303 0102 0303 0202 0102 0103 0303 0402 0404 0401 0404 0404 0401 0203 0404 0303 0302 0201 0404 0203 0401 0202 0302 0202 0301 0404 0303 0403 0202 0303 0202 
130 , 0302 0101 0103 0202 0102 0202 0202 0303 0303 0303 0202 0301 0101 0101 0303 0303 0404 0404 0401 0404 0404 0404 0303 0404 0303 0303 0202 0402 0303 0101 0202 0203 0202 0303 0404 0301 0404 0202 0202 0202 
131 , 0302 0102 0101 0202 0201 0202 0201 0403 0303 0303 0201 0303 0102 0202 0301 0303 0404 0303 0401 0404 0401 0401 0202 0404 0103 0303 0202 0204 0303 0104 0202 0303 0202 0303 0401 0103 0404 0204 0303 0202 
132 , 0303 0201 0303 0102 0101 0202 0202 0303 0203 0303 0202 0103 0102 0101 0303 0101 0402 0404 0104 0404 0404 0401 0203 0404 0303 0303 0102 0202 0203 0101 0202 0303 0202 0303 0104 0101 0403 0204 0203 0202 
133 , 0202 0101 0301 0202 0102 0204 0102 0304 0303 0103 0102 0301 0101 0101 0303 0103 0402 0404 0104 0404 0404 0404 0202 0404 0303 0303 0201 0402 0302 0401 0202 0303 0202 0103 0104 0101 0404 0202 0202 0203 
134 , 0303 0102 0303 0201 0102 0202 0202 0303 0303 0103 0201 0301 0101 0101 0101 0303 0402 0303 0101 0404 0404 0404 0202 0404 0303 0303 0102 0402 0203 0101 0402 0303 0202 0303 0104 0101 0404 0204 0303 0202 
135 , 0303 0101 0301 0202 0201 0202 0201 0303 0203 0103 0202 0303 0101 0101 0101 0303 0404 0404 0101 0404 0404 0404 0302 0404 0303 0303 0202 0404 0303 0101 0202 0303 0202 0303 0404 0101 0404 0202 0303 0202 
136 , 0303 0102 0303 0202 0202 0202 0102 0303 0302 0103 0202 0101 0201 0201 0303 0303 0404 0404 0101 0403 0404 0101 0203 0404 0303 0303 0202 0204 0303 0101 0202 0303 0202 0303 0104 0101 0403 0402 0303 0202 
137 , 0303 0201 0303 0202 0102 0202 0202 0403 0303 0103 0202 0103 0201 0101 0101 0303 0202 0404 0101 0404 0104 0104 0302 0304 0303 0303 0202 0404 0203 0101 0202 0303 0402 0303 0401 0301 0404 0202 0303 0202 
138 , 0303 0202 0103 0202 0101 0202 0102 0303 0303 0303 0102 0101 0101 0102 0303 0301 0404 0404 0401 0303 0404 0101 0303 0404 0303 0303 0202 0404 0303 0101 0202 0303 0202 0303 0104 0101 0403 0402 0303 0203 
139 , 0202 0201 0103 0102 0101 0202 0102 0303 0303 0303 0102 0103 0101 0101 0303 0303 0404 0404 0401 0304 0404 0104 0302 0404 0303 0303 0202 0402 0303 0104 0202 0303 0204 0303 0101 0103 0404 0202 0303 0202 
140 , 0302 0102 0301 0202 0202 0202 0101 0303 0303 0301 0202 0303 0101 0101 0301 0301 0404 0304 0404 0404 0404 0401 0203 0404 0301 0303 0202 0202 0302 0101 0204 0303 0202 0301 0401 0303 0404 0202 0302 0202 
141 , 0302 0102 0101 0202 0202 0202 0101 0303 0303 0101 0101 0301 0201 0201 0101 0303 0404 0403 0104 0404 0401 0404 0302 0404 0303 0303 0201 0404 0203 0101 0202 0303 0202 0303 0401 0101 0404 0202 0303 0202 
142 , 0303 0101 0101 0202 0201 0202 0202 0304 0203 0301 0202 0303 0201 0101 0303 0303 0402 0403 0401 0404 0404 0404 0202 0404 0303 0303 0202 0402 0202 0404 0202 0302 0202 0303 0404 0303 0404 0202 0303 0202 
143 , 0202 0101 0301 0202 0202 0202 0202 0303 0303 0103 0201 0103 0202 0101 0303 0103 0404 0303 0401 0404 0404 0404 0302 0404 0303 0303 0201 0204 0203 0101 0204 0303 0202 0303 0404 0301 0404 0202 0303 0202 
144 , 0202 0201 0101 0102 0201 0202 0102 0304 0302 0303 0102 0103 0101 0101 0303 0301 0404 0404 0101 0304 0404 0101 0202 0404 0303 0303 0202 0402 0303 0104 0204 0303 0202 0301 0401 0103 0404 0202 0303 0202 
145 , 0203 0201 0103 0202 0202 0202 0202 0404 0302 0303 0102 0303 0101 0101 0303 0303 0404 0404 0101 0304 0404 0401 0302 0404 0303 0303 0102 0402 0203 0401 0202 0303 0202 0301 0104 0103 0404 0202 0303 0202 
146 , 0302 0101 0101 0202 0201 0202 0202 0304 0203 0301 0101 0303 0101 0202 0303 0303 0404 0303 0404 0404 0404 0104 0202 0404 0303 0303 0202 0404 0303 0104 0202 0303 0204 0303 0104 0101 0404 0402 0303 0202 
147 , 0303 0201 0101 0102 0101 0202 0202 0303 0303 0301 0201 0103 0201 0101 0303 0103 0404 0404 0104 0404 0404 0404 0202 0404 0303 0303 0202 0204 0203 0101 0202 0303 0202 0303 0404 0301 0404 0204 0303 0202 
148 , 0303 0101 0101 0202 0202 0202 0201 0303 0303 0301 0101 0303 0202 0201 0103 0301 0204 0404 0104 0304 0404 0404 0302 0404 0303 0303 0202 0402 0202 0101 0402 0203 0202 0303 0404 0103 0404 0202 0303 0202 
149 , 0203 0101 0103 0202 0202 0202 0202 0303 0303 0101 0101 0303 0102 0201 0103 0301 0404 0404 0104 0404 0404 0104 0302 0403 0303 0303 0201 0202 0202 0401 0202 0303 0402 0303 0104 0303 0404 0202 0303 0202 
150 , 0302 0101 0103 0202 0101 0202 0202 0303 0303 0103 0202 0303 0201 0201 0303 0103 0404 0403 0104 0404 0404 0404 0302 0404 0303 0303 0202 0204 0203 0104 0202 0202 0202 0303 0401 0301 0404 0202 0303 0202 
151 , 0302 0101 0103 0202 0102 0202 0201 0404 0203 0303 0102 0301 0101 0101 0103 0303 0404 0404 0104 0404 0404 0101 0303 0404 0301 0303 0202 0402 0303 0101 0202 0302 0202 0303 0101 0301 0404 0202 0303 0202 
152 , 0302 0101 0101 0202 0102 0402 0202 0303 0202 0301 0202 0303 0101 0101 0301 0303 0404 0404 0104 0404 0404 0104 0202 0404 0303 0303 0201 0202 0302 0101 0402 0303 0202 0303 0404 0103 0404 0202 0302 0202 
153 , 0202 0101 0103 0202 0202 0202 0202 0303 0303 0303 0102 0303 0201 0102 0303 0303 0404 0404 0104 0404 0404 0404 0203 0404 0303 0303 0102 0402 0203 0101 0202 0203 0204 0303 0401 0301 0404 0202 0303 0202 
154 , 0302 0101 0101 0202 0201 0202 0202 0304 0302 0303 0202 0301 0101 0201 0303 0301 0402 0404 0401 0404 0404 0401 0202 0404 0301 0303 0202 0202 0303 0101 0402 0303 0202 0303 0401 0303 0404 0202 0303 0302 
155 , 0202 0201 0103 0202 0202 0204 0202 0403 0303 0303 0101 0301 0102 0201 0303 0303 0404 0404 0101 0404 0404 0401 0202 0403 0303 0303 0102 0402 0302 0104 0202 0303 0202 0303 0404 0301 0404 0402 0203 0302 
156 , 0303 0101 0303 0202 0201 0204 0102 0304 0302 0103 0202 0301 0101 0101 0303 0303 0404 0304 0101 0404 0404 0401 0202 0404 0303 0303 0202 0202 0303 0101 0402 0303 0202 0301 0101 0303 0404 0202 0303 0302 
157 , 0303 0101 0301 0202 0201 0202 0102 0404 0303 0303 0102 0303 0101 0102 0103 0303 0204 0403 0401 0404 0404 0401 0303 0404 0303 0303 0202 0404 0303 0401 0202 0303 0202 0303 0404 0303 0404 0402 0303 0202 
158 , 0203 0102 0103 0202 0201 0202 0202 0303 0303 0101 0202 0303 0101 0202 0303 0301 0404 0304 0104 0403 0404 0101 0303 0404 0303 0303 0202 0204 0303 0401 0202 0303 0402 0303 0404 0101 0404 0202 0303 0202 
159 , 0303 0101 0101 0202 0201 0202 0202 0303 0203 0103 0101 0303 0101 0101 0303 0303 0404 0404 0101 0404 0404 0401 0303 0304 0303 0303 0102 0202 0303 0101 0202 0303 0202 0301 0401 0101 0304 0204 0303 0202 
160 , 0302 0101 0101 0202 0202 0202 0202 0303 0203 0303 0102 0303 0202 0101 0303 0303 0404 0404 0101 0404 0404 0101 0202 0404 0303 0303 0202 0204 0302 0101 0402 0303 0202 0303 0401 0101 0404 0202 0303 0202 
161 , 0203 0101 0101 0202 0101 0202 0202 0303 0303 0303 0101 0301 0101 0101 0303 0103 0404 0404 0401 0404 0404 0404 0203 0304 0103 0303 0102 0402 0303 0101 0202 0303 0202 0301 0401 0303 0404 0204 0302 0202 
162 , 0303 0101 0301 0202 0201 0202 0101 0303 0303 0101 0201 0103 0101 0101 0303 0103 0404 0404 0404 0404 0401 0404 0302 0404 0303 0303 0202 0204 0303 0104 0202 0303 0202 0303 0404 0301 0304 0204 0303 0202 
163 , 0302 0102 0303 0101 0202 0202 0202 0304 0302 0303 0202 0303 0201 0101 0103 0303 0402 0304 0104 0404 0404 0401 0302 0404 0303 0303 0201 0402 0303 0101 0204 0303 0202 0303 0401 0301 0404 0202 0203 0202 
164 , 0203 0101 0301 0202 0202 0202 0202 0303 0303 0101 0202 0301 0101 0101 0303 0303 0404 0404 0101 0404 0404 0104 0202 0404 0303 0302 0201 0202 0203 0101 0202 0303 0202 0303 0104 0101 0403 0204 0203 0302 
165 , 0202 0102 0101 0202 0202 0202 0202 0304 0303 0303 0202 0303 0201 0101 0303 0303 0204 0404 0401 0404 0404 0404 0203 0404 0303 0303 0201 0402 0303 0101 0204 0303 0202 0303 0404 0303 0304 0402 0303 0202 
166 , 0203 0101 0101 0202 0202 0202 0102 0303 0303 0103 0201 0103 0201 0101 0303 0303 0404 0404 0104 0404 0404 0101 0203 0404 0303 0303 0202 0404 0303 0101 0402 0202 0202 0303 0404 0101 0403 0202 0303 0202 
167 , 0303 0101 0303 0202 0201 0202 0101 0303 0303 0301 0202 0303 0101 0201 0103 0301 0402 0404 0104 0404 0404 0404 0203 0404 0303 0303 0102 0404 0303 0101 0402 0303 0202 0303 0404 0101 0403 0204 0203 0202 
168 , 0303 0101 0301 0202 0201 0202 0102 0403 0303 0301 0202 0303 0201 0101 0103 0303 0404 0403 0104 0404 0404 0404 0302 0404 0303 0303 0202 0402 0302 0104 0202 0302 0202 0103 0404 0303 0404 0202 0303 0202 
169 , 0202 0202 0303 0202 0102 0202 0201 0403 0303 0103 0102 0303 0201 0201 0103 0103 0404 0404 0101 0404 0404 0104 0302 0404 0303 0303 0202 0204 0303 0101 0202 0302 0202 0103 0404 0101 0404 0202 0303 0202 
170 , 0303 0101 0103 0202 0201 0202 0201 0303 0303 0303 0202 0303 0201 0101 0303 0303 0404 0403 0401 0404 0404 0404 0202 0404 0303 0303 0202 0404 0203 0404 0202 0303 0202 0303 0404 0101 0404 0404 0303 0302 
171 , 0302 0202 0103 0202 0101 0202 0102 0403 0302 0301 0202 0303 0101 0101 0101 0303 0404 0403 0101 0404 0104 0404 0203 0304 0303 0303 0202 0404 0303 0101 0204 0303 0202 0303 0401 0303 0404 0202 0303 0202 
172 , 0202 0101 0103 0202 0202 0202 0201 0303 0303 0303 0102 0301 0202 0101 0303 0303 0402 0403 0401 0404 0404 0404 0202 0404 0303 0303 0102 0402 0202 0401 0202 0303 0202 0303 0404 0101 0404 0402 0302 0302 
173 , 0303 0101 0301 0202 0202 0204 0202 0303 0203 0103 0201 0303 0101 0102 0303 0303 0404 0403 0101 0404 0404 0401 0203 0404 0303 0303 0102 0404 0303 0101 0202 0302 0202 0303 0404 0101 0403 0202 0303 0202 
174 , 0302 0101 0303 0202 0201 0202 0102 0303 0303 0303 0202 0303 0101 0201 0103 0303 0404 0404 0404 0404 0404 0104 0202 0404 0303 0303 0102 0404 0302 0104 0402 0303 0404 0303 0401 0101 0404 0402 0203 0202 
175 , 0302 0101 0301 0202 0102 0202 0101 0403 0303 0101 0101 0101 0201 0201 0103 0303 0404 0404 0101 0404 0104 0404 0302 0304 0303 0303 0202 0402 0203 0101 0202 0303 0402 0303 0401 0303 0404 0202 0303 0202 
176 , 0203 0101 0301 0202 0102 0202 0201 0403 0303 0301 0201 0303 0101 0101 0103 0303 0402 0404 0101 0404 0404 0404 0202 0404 0303 0303 0202 0402 0203 0101 0202 0303 0202 0301 0401 0303 0404 0202 0303 0202 
177 , 0203 0101 0301 0202 0202 0202 0202 0304 0303 0301 0201 0303 0201 0201 0303 0303 0404 0404 0101 0404 0404 0404 0302 0404 0303 0303 0202 0202 0202 0101 0202 0303 0202 0303 0104 0301 0404 0202 0203 0202 
178 , 0203 0102 0101 0202 0201 0202 0201 0404 0303 0303 0202 0303 0101 0102 0101 0303 0204 0404 0404 0404 0404 0404 0202 0404 0303 0303 0202 0204 0303 0101 0202 0303 0202 0303 0404 0303 0404 0204 0303 0202 
179 , 0303 0101 0303 0202 0202 0202 0102 0304 0303 0301 0202 0303 0202 0102 0303 0103 0402 0404 0404 0404 0404 0104 0302 0404 0303 0303 0202 0402 0203 0101 0202 0303 0202 0303 0401 0101 0404 0204 0303 0202 
180 , 0302 0101 0301 0202 0202 0202 0202 0404 0303 0303 0201 0303 0202 0201 0103 0303 0404 0404 0401 0404 0404 0101 0202 0404 0303 0303 0202 0402 0302 0101 0202 0203 0202 0303 0404 0101 0404 0202 0303 0202 
181 , 0202 0101 0303 0202 0201 0202 0202 0303 0303 0303 0202 0103 0101 0101 0303 0303 0404 0303 0404 0404 0404 0104 0202 0404 0303 0303 0202 0404 0302 0104 0202 0302 0204 0303 0401 0101 0404 0402 0303 0202 
182 , 0203 0101 0103 0202 0202 0202 0101 0303 0303 0303 0102 0303 0201 0102 0303 0303 0402 0404 0101 0404 0404 0404 0202 0404 0303 0303 0202 0404 0303 0401 0202 0303 0202 0303 0101 0303 0404 0402 0203 0202 
183 , 0303 0101 0301 0202 0201 0402 0202 0303 0302 0103 0102 0301 0101 0101 0303 0303 0404 0304 0101 0303 0404 0401 0303 0404 0303 0303 0202 0204 0203 0101 0202 0303 0202 0303 0404 0301 0404 0202 0303 0203 
184 , 0203 0101 0103 0202 0202 0202 0201 0403 0203 0303 0101 0103 0102 0201 0303 0301 0404 0404 0404 0404 0404 0404 0302 0404 0303 0303 0101 0202 0302 0101 0202 0303 0202 0303 0404 0101 0404 0202 0303 0202 
185 , 0303 0101 0101 0202 0201 0202 0202 0303 0303 0301 0102 0303 0201 0101 0301 0303 0404 0304 0401 0404 0404 0404 0202 0404 0303 0303 0202 0404 0303 0101 0202 0303 0202 0303 0404 0103 0404 0204 0302 0202 
186 , 0203 0201 0301 0202 0202 0202 0202 0404 0303 0301 0101 0303 0201 0201 0301 0101 0402 0404 0101 0404 0404 0401 0203 0404 0303 0303 0102 0204 0202 0104 0202 0303 0202 0303 0104 0301 0404 0202 0303 0202 
187 , 0302 0101 0303 0202 0202 0202 0102 0304 0302 0103 0202 0303 0202 0102 0303 0303 0404 0404 0101 0404 0404 0404 0202 0404 0303 0302 0202 0404 0302 0404 0202 0303 0202 0303 0404 0301 0404 0402 0203 0202 
188 , 0202 0101 0301 0202 0102 0202 0101 0303 0303 0301 0201 0301 0102 0101 0303 0303 0404 0304 0404 0404 0404 0404 0202 0404 0303 0303 0201 0202 0303 0404 0204 0303 0202 0303 0101 0103 0404 0202 0203 0202 
189 , 0202 0201 0103 0202 0202 0202 0202 0403 0303 0303 0202 0101 0102 0101 0301 0303 0204 0404 0101 0404 0404 0404 0202 0404 0303 0303 0101 0404 0303 0104 0204 0303 0202 0303 0404 0301 0304 0402 0302 0202 
190 , 0203 0201 0301 0202 0202 0202 0202 0404 0303 0303 0201 0303 0102 0101 0303 0303 0404 0403 0101 0304 0404 0404 0202 0404 0303 0303 0102 0402 0303 0101 0202 0302 0202 0301 0404 0303 0404 0202 0303 0202 
191 , 0302 0101 0101 0202 0202 0402 0102 0303 0303 0103 0202 0301 0101 0102 0303 0303 0404 0403 0104 0404 0404 0404 0302 0304 0303 0303 0102 0202 0303 0104 0202 0303 0204 0303 0404 0103 0304 0202 0303 0202 
192 , 0303 0101 0101 0202 0202 0202 0202 0404 0303 0303 0202 0301 0101 0101 0303 0303 0404 0404 0404 0404 0401 0401 0202 0404 0303 0203 0202 0404 0202 0101 0202 0302 0204 0303 0404 0303 0404 0202 0303 0202 
193 , 0303 0101 0301 0201 0202 0202 0102 0303 0303 0103 0102 0301 0201 0101 0303 0303 0404 0404 0101 0404 0404 0104 0202 0404 0303 0302 0201 0204 0303 0101 0202 0303 0202 0303 0401 0301 0403 0204 0303 0302 
194 , 0202 0101 0303 0202 0102 0202 0202 0403 0303 0303 0102 0303 0202 0101 0103 0103 0402 0403 0101 0404 0404 0404 0202 0404 0303 0303 0102 0404 0203 0101 0202 0303 0202 0303 0404 0101 0404 0202 0203 0202 
195 , 0302 0101 0103 0202 0202 0204 0202 0303 0302 0303 0102 0303 0102 0101 0301 0301 0404 0404 0101 0404 0404 0401 0302 0404 0303 0303 0102 0402 0302 0101 0202 0303 0202 0103 0104 0301 0404 0202 0303 0202 
196 , 0203 0101 0103 0202 0202 0402 0201 0303 0303 0303 0202 0301 0202 0102 0301 0103 0404 0404 0101 0404 0404 0404 0202 0404 0303 0303 0102 0202 0203 0101 0202 0203 0402 0303 0404 0103 0404 0202 0303 0202 
197 , 0303 0102 0303 0101 0102 0202 0102 0404 0303 0101 0202 0103 0201 0101 0303 0103 0404 0303 0101 0404 0404 0404 0202 0404 0303 0303 0201 0202 0302 0101 0202 0303 0202 0303 0401 0301 0403 0204 0303 0202 
198 , 0303 0102 0101 0202 0202 0202 0102 0303 0302 0101 0201 0303 0101 0201 0301 0303 0404 0403 0101 0404 0404 0404 0203 0404 0303 0303 0202 0404 0303 0101 0204 0303 0202 0301 0104 0301 0404 0202 0303 0202 
199 , 0303 0101 0301 0202 0201 0402 0202 0304 0303 0101 0102 0303 0102 0201 0303 0303 0204 0404 0101 0403 0404 0104 0202 0404 0303 0303 0202 0204 0303 0101 0202 0303 0202 0303 0404 0303 0404 0202 0303 0202 
200 , 0203 0102 0103 0202 0202 0204 0101 0403 0303 0301 0101 0303 0101 0101 0301 0303 0402 0404 0104 0404 0404 0101 0203 0404 0303 0303 0202 0404 0302 0404 0204 0203 0202 0303 0401 0103 0404 0202 0202 0202 
