Auto-generated genotype output.
1
2
3
4
5
6
7
8
9
10
11
12
13
14
15
16
17
18
19
20
21
22
23
24
25
26
27
28
29
30
31
32
33
34
35
36
37
38
39
40
41
42
43
44
45
46
47
48
49
50
51
52
53
54
55
56
57
58
59
60
61
62
63
64
65
66
67
68
69
70
71
72
73
74
75
76
77
78
79
80
Pop
1 , 0404 0301 0301 0202 0202 0404 0101 0304 0203 0404 0101 0303 0304 0404 0103 0303 0101 0301 0402 0303 0202 0204 0402 0101 0101 0404 0101 0202 0202 0101 0202 0202 0101 0301 0202 0202 0303 0404 0303 0101 0101 0301 0101 0101 0303 0103 0204 0404 0304 0401 0303 0202 0202 0202 0403 0202 0101 0303 0202 0404 0202 0101 0303 0104 0301 0404 0303 0303 0201 0204 0202 0204 0404 0204 0101 0303 0101 0303 0303 0303 
2 , 0404 0101 0301 0202 0202 0404 0202 0304 0303 0204 0101 0303 0403 0404 0101 0303 0103 0101 0402 0303 0202 0204 0402 0401 0103 0404 0101 0202 0204 0103 0202 0404 0101 0101 0102 0302 0303 0404 0404 0101 0101 0103 0101 0101 0304 0101 0404 0404 0403 0404 0301 0303 0202 0202 0404 0404 0101 0202 0202 0404 0202 0404 0303 0101 0101 0404 0303 0403 0101 0402 0302 0202 0401 0404 0401 0303 0401 0303 0403 0303 
3 , 0403 0103 0303 0201 0202 0404 0202 0403 0202 0404 0101 0302 0404 0304 0103 0303 0301 0101 0202 0403 0202 0402 0202 0101 0303 0401 0101 0202 0202 0303 0202 0402 0101 0101 0202 0202 0303 0404 0304 0104 0101 0101 0102 0101 0303 0101 0402 0404 0404 0101 0301 0202 0202 0202 0304 0202 0101 0202 0202 0104 0202 0401 0303 0104 0303 0404 0303 0304 0201 0204 0203 0202 0104 0404 0101 0303 0104 0303 0303 0303 
4 , 0404 0301 0103 0101 0202 0404 0202 0303 0302 0404 0101 0202 0404 0404 0101 0403 0101 0101 0202 0303 0202 0202 0202 0104 0103 0404 0101 0202 0202 0103 0202 0204 0102 0101 0201 0202 0303 0404 0304 0401 0101 0101 0102 0101 0303 0301 0204 0204 0304 0101 0101 0202 0202 0202 0404 0402 0102 0202 0202 0404 0202 0401 0303 0101 0103 0404 0302 0303 0201 0404 0302 0402 0404 0404 0101 0303 0101 0303 0303 0303 
5 , 0403 0101 0101 0102 0202 0404 0101 0303 0302 0404 0101 0202 0404 0404 0101 0303 0101 0101 0202 0303 0204 0204 0204 0101 0101 0404 0101 0202 0202 0103 0202 0204 0101 0101 0202 0202 0303 0403 0404 0101 0101 0303 0101 0201 0303 0301 0402 0404 0304 0104 0101 0302 0202 0202 0404 0404 0102 0202 0101 0404 0101 0101 0303 0101 0303 0404 0302 0303 0101 0404 0203 0204 0404 0204 0101 0303 0101 0303 0303 0203 
6 , 0404 0301 0101 0101 0202 0404 0201 0303 0303 0404 0101 0303 0404 0303 0303 0404 0301 0301 0204 0303 0202 0404 0202 0101 0101 0401 0101 0202 0202 0301 0202 0202 0101 0101 0202 0202 0303 0404 0404 0401 0101 0103 0101 0101 0303 0303 0202 0404 0403 0401 0103 0202 0302 0202 0404 0204 0101 0302 0101 0104 0101 0101 0303 0101 0303 0404 0303 0403 0101 0404 0302 0202 0401 0404 0101 0301 0101 0303 0403 0303 
7 , 0404 0101 0101 0101 0101 0404 0201 0303 0202 0402 0101 0303 0404 0404 0103 0304 0101 0101 0202 0303 0202 0404 0202 0104 0101 0401 0102 0202 0202 0301 0202 0402 0101 0101 0202 0302 0303 0404 0404 0101 0102 0301 0101 0101 0303 0101 0404 0404 0304 0401 0101 0202 0202 0202 0404 0204 0102 0302 0202 0404 0201 0401 0303 0101 0303 0402 0303 0303 0101 0402 0203 0202 0104 0402 0101 0303 0101 0303 0303 0303 
8 , 0404 0103 0101 0101 0102 0404 0102 0303 0202 0204 0101 0303 0404 0404 0101 0303 0301 0103 0202 0303 0202 0404 0402 0101 0101 0404 0101 0202 0204 0103 0202 0202 0101 0101 0202 0203 0303 0404 0303 0101 0101 0301 0101 0101 0303 0101 0204 0402 0304 0104 0301 0202 0203 0202 0404 0404 0101 0302 0102 0404 0202 0101 0303 0101 0101 0404 0303 0303 0101 0404 0202 0202 0404 0404 0101 0303 0101 0303 0303 0303 
9 , 0404 0301 0303 0201 0101 0404 0201 0303 0303 0404 0101 0303 0404 0403 0101 0303 0101 0101 0202 0303 0202 0202 0202 0101 0101 0401 0101 0102 0202 0301 0202 0202 0201 0101 0202 0202 0303 0404 0304 0401 0101 0303 0101 0201 0303 0301 0402 0402 0304 0101 0103 0202 0202 0202 0304 0402 0101 0202 0202 0404 0202 0101 0301 0104 0103 0404 0302 0304 0101 0202 0202 0202 0404 0404 0101 0101 0101 0301 0403 0303 
10 , 0404 0303 0103 0202 0102 0404 0102 0303 0303 0404 0102 0303 0403 0304 0101 0403 0101 0101 0402 0303 0204 0402 0202 0101 0101 0404 0102 0202 0202 0103 0202 0204 0101 0101 0202 0302 0303 0404 0304 0101 0201 0303 0101 0101 0304 0103 0404 0204 0303 0401 0103 0203 0202 0202 0403 0402 0202 0202 0101 0404 0201 0101 0303 0101 0103 0204 0303 0304 0201 0402 0302 0204 0104 0202 0101 0301 0401 0303 0304 0303 
11 , 0404 0301 0101 0202 0201 0404 0202 0304 0302 0204 0101 0303 0404 0403 0301 0304 0101 0101 0202 0303 0204 0202 0202 0101 0101 0401 0101 0202 0202 0101 0202 0204 0101 0101 0202 0202 0303 0404 0404 0104 0101 0301 0101 0101 0303 0101 0402 0404 0404 0404 0303 0202 0202 0202 0404 0404 0101 0203 0201 0404 0202 0101 0301 0101 0303 0404 0303 0404 0201 0404 0203 0402 0404 0204 0101 0303 0101 0303 0403 0302 
12 , 0403 0303 0101 0102 0201 0404 0101 0404 0302 0404 0201 0303 0303 0404 0103 0304 0301 0101 0202 0303 0204 0204 0202 0101 0101 0404 0101 0202 0202 0103 0203 0204 0101 0101 0202 0202 0303 0404 0304 0101 0101 0101 0101 0101 0303 0103 0404 0404 0304 0401 0303 0303 0202 0202 0304 0202 0102 0202 0201 0404 0102 0101 0303 0101 0303 0404 0303 0303 0101 0402 0202 0202 0404 0404 0101 0303 0101 0303 0304 0303 
13 , 0404 0301 0301 0102 0202 0404 0202 0403 0303 0404 0102 0203 0303 0404 0103 0304 0101 0101 0404 0304 0202 0402 0202 0101 0101 0404 0101 0202 0202 0101 0202 0204 0101 0101 0202 0202 0303 0404 0304 0101 0101 0103 0101 0101 0303 0101 0402 0204 0303 0101 0101 0202 0202 0202 0404 0204 0101 0202 0101 0404 0201 0101 0303 0101 0103 0404 0303 0403 0101 0404 0203 0202 0101 0202 0101 0303 0101 0303 0303 0303 
14 , 0404 0103 0301 0202 0202 0404 0101 0403 0202 0402 0101 0303 0303 0404 0101 0403 0101 0101 0204 0403 0202 0204 0202 0101 0101 0404 0101 0202 0202 0103 0203 0402 0101 0101 0202 0203 0303 0403 0404 0101 0101 0101 0201 0101 0403 0101 0404 0404 0303 0101 0101 0302 0202 0202 0404 0202 0201 0303 0102 0404 0202 0101 0303 0104 0303 0404 0303 0303 0102 0204 0202 0202 0104 0404 0101 0303 0101 0303 0404 0303 
15 , 0404 0301 0301 0101 0102 0404 0101 0303 0302 0402 0102 0302 0404 0304 0301 0403 0101 0101 0202 0303 0202 0202 0202 0101 0101 0104 0101 0202 0202 0301 0202 0204 0101 0301 0202 0202 0303 0404 0403 0101 0101 0303 0101 0101 0303 0301 0202 0204 0403 0104 0103 0202 0202 0202 0404 0402 0101 0202 0102 0404 0201 0101 0303 0101 0101 0404 0303 0303 0201 0404 0202 0202 0404 0402 0101 0303 0101 0303 0303 0303 
16 , 0404 0301 0101 0101 0202 0404 0102 0303 0303 0204 0101 0303 0404 0403 0101 0404 0103 0101 0202 0304 0202 0404 0402 0101 0103 0404 0101 0201 0202 0103 0202 0204 0102 0101 0202 0302 0303 0404 0303 0101 0101 0301 0101 0101 0303 0101 0402 0204 0404 0101 0101 0203 0202 0202 0404 0202 0101 0202 0101 0404 0202 0104 0103 0101 0103 0204 0303 0303 0102 0204 0202 0202 0404 0202 0101 0303 0101 0303 0303 0303 
17 , 0304 0301 0101 0102 0202 0404 0201 0303 0303 0404 0101 0202 0304 0304 0303 0304 0101 0101 0402 0304 0202 0404 0202 0101 0101 0404 0101 0202 0202 0301 0202 0202 0201 0101 0202 0202 0303 0404 0304 0101 0101 0103 0101 0101 0303 0301 0204 0404 0404 0101 0101 0202 0202 0202 0403 0404 0202 0202 0101 0404 0202 0101 0303 0101 0303 0404 0203 0303 0101 0404 0302 0404 0404 0404 0101 0303 0101 0303 0304 0303 
18 , 0304 0303 0101 0102 0201 0404 0201 0303 0303 0402 0101 0203 0403 0304 0301 0304 0101 0101 0204 0304 0202 0404 0202 0101 0101 0404 0101 0202 0202 0301 0202 0402 0201 0101 0202 0202 0303 0403 0304 0101 0101 0301 0101 0101 0303 0301 0402 0404 0404 0401 0103 0202 0203 0202 0404 0404 0202 0202 0102 0404 0202 0101 0303 0101 0303 0404 0203 0303 0102 0404 0302 0404 0101 0402 0101 0303 0101 0303 0303 0303 
19 , 0304 0301 0101 0202 0101 0204 0102 0304 0202 0404 0101 0303 0404 0403 0101 0403 0103 0101 0202 0303 0204 0202 0202 0101 0101 0401 0101 0202 0202 0301 0202 0402 0101 0101 0202 0202 0303 0404 0404 0101 0101 0101 0101 0201 0303 0101 0204 0204 0404 0104 0101 0202 0202 0102 0304 0402 0101 0203 0101 0404 0202 0104 0303 0401 0103 0402 0303 0303 0101 0404 0202 0202 0401 0204 0101 0303 0104 0303 0303 0302 
20 , 0304 0303 0301 0201 0202 0404 0102 0304 0302 0402 0101 0202 0303 0404 0101 0304 0101 0303 0402 0303 0202 0404 0202 0101 0101 0404 0101 0202 0202 0103 0202 0204 0101 0301 0201 0202 0303 0304 0404 0101 0101 0301 0201 0101 0303 0101 0404 0404 0304 0101 0303 0302 0202 0202 0303 0204 0102 0302 0202 0404 0201 0101 0301 0101 0301 0404 0303 0303 0101 0402 0202 0202 0404 0204 0101 0303 0101 0303 0403 0303 
21 , 0404 0301 0301 0201 0102 0404 0101 0303 0302 0204 0201 0303 0403 0404 0101 0304 0103 0101 0204 0403 0202 0202 0202 0101 0101 0404 0101 0202 0202 0303 0202 0402 0101 0101 0202 0202 0303 0303 0404 0101 0101 0103 0101 0101 0403 0101 0202 0404 0404 0101 0101 0202 0203 0202 0404 0202 0101 0202 0202 0401 0202 0401 0303 0101 0101 0204 0303 0304 0101 0204 0202 0404 0404 0204 0101 0303 0101 0303 0303 0303 
22 , 0404 0103 0303 0201 0102 0404 0101 0303 0302 0204 0102 0303 0404 0404 0103 0303 0101 0101 0202 0404 0202 0204 0202 0101 0101 0404 0101 0202 0202 0301 0302 0204 0101 0101 0202 0202 0302 0403 0404 0101 0101 0101 0102 0101 0403 0101 0202 0402 0404 0104 0101 0203 0202 0202 0404 0404 0101 0302 0102 0404 0202 0101 0303 0101 0103 0404 0303 0304 0102 0204 0203 0404 0404 0202 0101 0303 0101 0303 0304 0303 
23 , 0404 0101 0101 0202 0102 0404 0102 0303 0202 0204 0201 0303 0403 0403 0101 0303 0101 0101 0204 0403 0202 0204 0202 0101 0101 0104 0101 0202 0202 0101 0202 0204 0101 0301 0202 0202 0203 0404 0304 0101 0101 0103 0101 0101 0303 0301 0402 0204 0303 0101 0301 0202 0202 0202 0404 0204 0201 0202 0201 0404 0201 0101 0303 0101 0103 0404 0303 0403 0101 0202 0203 0202 0101 0402 0101 0303 0101 0303 0403 0303 
24 , 0404 0303 0103 0201 0202 0404 0102 0403 0302 0204 0201 0303 0304 0404 0101 0303 0301 0101 0404 0403 0404 0402 0202 0101 0101 0404 0101 0202 0202 0101 0203 0404 0102 0101 0202 0202 0303 0404 0403 0101 0202 0101 0101 0101 0303 0303 0402 0404 0404 0101 0101 0202 0202 0102 0404 0202 0101 0303 0102 0404 0202 0101 0303 0101 0103 0404 0203 0303 0201 0204 0202 0202 0104 0204 0101 0103 0101 0303 0304 0303 
25 , 0404 0301 0303 0102 0201 0404 0102 0303 0202 0404 0101 0203 0404 0404 0101 0304 0101 0101 0202 0304 0204 0204 0204 0104 0101 0404 0101 0202 0202 0101 0202 0202 0102 0101 0202 0202 0203 0404 0404 0401 0201 0303 0102 0101 0303 0101 0204 0404 0404 0101 0301 0202 0202 0202 0303 0402 0102 0302 0101 0404 0202 0101 0303 0101 0303 0404 0303 0403 0101 0204 0202 0202 0401 0404 0101 0303 0101 0103 0303 0302 
26 , 0403 0101 0301 0102 0101 0404 0101 0304 0302 0204 0101 0303 0304 0404 0101 0304 0101 0101 0202 0303 0402 0204 0202 0101 0101 0404 0101 0202 0204 0301 0202 0202 0101 0101 0202 0202 0303 0404 0304 0101 0101 0303 0102 0101 0303 0101 0402 0402 0403 0101 0103 0202 0202 0202 0404 0204 0101 0302 0102 0104 0201 0101 0303 0101 0103 0404 0303 0403 0102 0202 0202 0202 0404 0204 0101 0303 0101 0303 0404 0303 
27 , 0404 0103 0301 0202 0202 0404 0102 0304 0303 0204 0101 0303 0404 0404 0101 0304 0101 0101 0202 0303 0202 0402 0202 0101 0101 0104 0101 0202 0202 0103 0202 0402 0101 0101 0202 0202 0303 0403 0403 0101 0201 0103 0101 0102 0303 0301 0402 0404 0404 0101 0101 0303 0202 0202 0404 0202 0101 0203 0101 0404 0202 0104 0303 0101 0103 0404 0203 0303 0202 0204 0203 0204 0404 0204 0101 0303 0101 0303 0303 0303 
28 , 0304 0303 0103 0102 0101 0204 0201 0304 0303 0402 0101 0303 0303 0404 0301 0304 0101 0101 0202 0303 0204 0202 0204 0101 0101 0404 0101 0202 0202 0101 0202 0404 0202 0101 0202 0202 0303 0403 0403 0101 0101 0301 0201 0101 0303 0301 0402 0404 0303 0104 0103 0202 0202 0202 0404 0404 0101 0202 0201 0404 0202 0104 0301 0101 0303 0404 0303 0304 0201 0402 0303 0202 0104 0404 0104 0301 0101 0303 0304 0303 
29 , 0304 0101 0303 0102 0201 0404 0201 0303 0302 0204 0101 0302 0304 0303 0303 0304 0101 0101 0402 0303 0202 0202 0202 0101 0101 0101 0101 0202 0202 0301 0203 0402 0101 0101 0202 0203 0203 0404 0404 0101 0101 0103 0101 0101 0303 0101 0404 0404 0404 0101 0301 0202 0202 0202 0304 0402 0201 0303 0102 0404 0201 0401 0303 0401 0101 0404 0303 0403 0101 0204 0302 0402 0404 0404 0401 0303 0101 0303 0403 0303 
30 , 0404 0103 0101 0202 0102 0404 0101 0403 0203 0402 0101 0303 0403 0404 0101 0303 0101 0101 0204 0303 0202 0204 0402 0101 0101 0104 0101 0202 0202 0103 0302 0402 0101 0301 0202 0202 0303 0403 0304 0401 0101 0103 0101 0101 0304 0301 0404 0404 0404 0101 0301 0202 0202 0202 0404 0402 0201 0203 0102 0404 0202 0101 0303 0104 0103 0404 0303 0403 0102 0202 0202 0202 0404 0404 0101 0303 0101 0303 0303 0303 
31 , 0404 0301 0301 0101 0201 0404 0101 0403 0302 0204 0101 0203 0304 0404 0101 0404 0101 0303 0202 0303 0202 0204 0204 0101 0101 0404 0101 0201 0202 0101 0202 0404 0101 0101 0202 0202 0302 0404 0303 0101 0101 0103 0201 0101 0303 0101 0402 0404 0403 0101 0101 0202 0302 0202 0404 0202 0101 0203 0202 0404 0202 0101 0303 0101 0303 0404 0303 0303 0201 0204 0202 0402 0401 0404 0101 0303 0101 0303 0303 0203 
32 , 0404 0301 0303 0202 0202 0404 0101 0303 0302 0404 0101 0303 0304 0403 0101 0403 0101 0101 0402 0303 0202 0402 0202 0101 0101 0401 0101 0202 0202 0101 0203 0204 0101 0103 0202 0203 0303 0404 0404 0101 0101 0301 0101 0101 0303 0103 0404 0404 0403 0401 0301 0202 0202 0202 0404 0402 0101 0302 0202 0404 0102 0101 0101 0101 0303 0404 0302 0404 0101 0204 0202 0402 0401 0402 0101 0303 0101 0303 0304 0303 
33 , 0404 0303 0303 0102 0102 0404 0202 0303 0302 0402 0101 0302 0404 0404 0103 0303 0103 0101 0402 0404 0204 0404 0402 0104 0101 0404 0101 0201 0202 0301 0203 0202 0101 0101 0202 0202 0303 0404 0404 0104 0102 0101 0102 0101 0303 0101 0402 0204 0403 0401 0301 0302 0202 0202 0404 0204 0101 0203 0201 0404 0201 0101 0303 0101 0301 0402 0203 0403 0101 0404 0302 0202 0401 0202 0101 0303 0101 0303 0403 0303 
34 , 0404 0303 0303 0102 0102 0204 0101 0303 0203 0404 0101 0302 0304 0404 0301 0303 0101 0101 0202 0304 0202 0402 0202 0101 0101 0404 0101 0202 0202 0103 0202 0202 0101 0101 0202 0202 0303 0404 0303 0101 0101 0103 0101 0101 0303 0301 0404 0204 0404 0101 0303 0303 0203 0202 0403 0404 0101 0303 0201 0404 0102 0101 0303 0101 0103 0404 0303 0303 0201 0202 0303 0204 0104 0204 0101 0303 0101 0303 0404 0303 
35 , 0404 0101 0101 0102 0201 0404 0102 0303 0203 0204 0201 0303 0403 0403 0101 0303 0303 0101 0202 0403 0204 0204 0202 0101 0101 0404 0101 0202 0202 0103 0202 0204 0101 0101 0202 0202 0203 0404 0304 0101 0102 0103 0102 0101 0303 0103 0204 0404 0303 0104 0301 0202 0202 0202 0404 0204 0102 0203 0102 0404 0202 0101 0303 0101 0301 0404 0303 0303 0101 0204 0202 0202 0404 0204 0101 0303 0101 0303 0404 0302 
36 , 0404 0101 0303 0102 0101 0404 0202 0303 0302 0404 0101 0202 0304 0404 0101 0404 0301 0303 0204 0303 0202 0202 0402 0401 0101 0404 0101 0202 0202 0301 0202 0402 0101 0101 0202 0303 0303 0404 0304 0101 0101 0103 0201 0102 0303 0101 0404 0204 0303 0101 0101 0202 0202 0202 0404 0402 0101 0302 0102 0404 0102 0101 0303 0101 0303 0204 0303 0304 0101 0204 0202 0204 0104 0402 0101 0303 0101 0301 0304 0302 
37 , 0304 0301 0301 0102 0201 0404 0102 0303 0302 0404 0101 0303 0403 0403 0101 0304 0301 0301 0202 0303 0404 0202 0202 0101 0301 0101 0201 0202 0202 0301 0202 0402 0201 0101 0202 0202 0303 0404 0404 0104 0101 0301 0101 0101 0303 0301 0202 0404 0404 0104 0101 0302 0202 0202 0404 0404 0101 0202 0101 0404 0202 0104 0103 0101 0303 0202 0303 0303 0101 0204 0302 0202 0401 0404 0101 0303 0101 0303 0303 0303 
38 , 0403 0303 0101 0201 0202 0404 0102 0303 0303 0204 0101 0303 0304 0304 0303 0304 0101 0301 0202 0304 0204 0402 0204 0101 0301 0404 0102 0202 0402 0301 0203 0202 0101 0101 0202 0202 0303 0404 0304 0101 0101 0303 0101 0101 0303 0103 0404 0404 0404 0101 0103 0203 0202 0202 0404 0202 0201 0202 0202 0404 0202 0101 0303 0101 0103 0404 0303 0403 0201 0204 0202 0402 0404 0202 0101 0303 0101 0303 0303 0303 
39 , 0303 0101 0303 0101 0102 0404 0202 0303 0303 0204 0201 0302 0404 0404 0101 0303 0101 0103 0202 0304 0202 0204 0202 0101 0101 0404 0101 0102 0202 0103 0202 0202 0101 0103 0202 0202 0303 0304 0404 0101 0101 0301 0102 0101 0303 0101 0402 0404 0404 0101 0301 0303 0302 0202 0404 0204 0101 0203 0102 0104 0201 0101 0303 0101 0303 0404 0303 0404 0201 0202 0302 0202 0101 0402 0101 0303 0101 0303 0304 0303 
40 , 0404 0103 0301 0202 0102 0404 0202 0303 0203 0402 0101 0202 0403 0403 0101 0303 0103 0101 0402 0303 0202 0204 0202 0101 0101 0401 0101 0202 0202 0303 0202 0202 0101 0101 0202 0202 0303 0403 0403 0101 0101 0303 0101 0102 0303 0101 0202 0204 0404 0104 0101 0303 0202 0202 0404 0204 0101 0202 0101 0404 0201 0101 0103 0101 0103 0402 0203 0403 0101 0402 0202 0204 0404 0402 0101 0303 0401 0303 0304 0303 
41 , 0404 0103 0301 0201 0102 0404 0202 0303 0203 0204 0101 0303 0304 0404 0103 0404 0301 0101 0202 0303 0202 0202 0202 0101 0101 0404 0101 0102 0202 0101 0202 0402 0101 0101 0202 0302 0303 0304 0403 0101 0101 0101 0201 0101 0303 0101 0202 0404 0404 0101 0101 0202 0202 0202 0404 0204 0201 0302 0201 0404 0201 0101 0303 0101 0103 0404 0303 0303 0101 0204 0203 0204 0401 0404 0101 0303 0101 0301 0403 0302 
42 , 0404 0303 0103 0202 0202 0404 0102 0403 0202 0204 0101 0302 0404 0404 0101 0303 0103 0101 0204 0304 0202 0204 0202 0101 0101 0404 0101 0202 0202 0103 0202 0204 0101 0101 0202 0302 0303 0404 0404 0101 0101 0103 0102 0101 0303 0101 0204 0404 0404 0101 0301 0303 0202 0202 0404 0202 0102 0302 0101 0404 0202 0101 0103 0101 0303 0402 0203 0404 0201 0402 0202 0202 0401 0204 0101 0303 0101 0303 0303 0303 
43 , 0404 0101 0301 0101 0202 0404 0202 0303 0302 0404 0101 0203 0403 0404 0103 0304 0101 0301 0202 0303 0402 0402 0202 0101 0101 0404 0101 0202 0204 0303 0202 0202 0101 0101 0202 0202 0303 0404 0403 0101 0101 0303 0101 0101 0303 0301 0204 0404 0304 0401 0101 0202 0202 0102 0404 0204 0101 0202 0202 0404 0202 0101 0303 0101 0303 0404 0303 0304 0101 0404 0302 0204 0404 0204 0101 0303 0101 0303 0303 0202 
44 , 0404 0301 0103 0201 0202 0404 0101 0403 0202 0402 0202 0302 0304 0404 0101 0303 0101 0101 0202 0303 0202 0202 0402 0101 0101 0104 0102 0202 0202 0101 0302 0404 0101 0301 0202 0202 0303 0404 0303 0401 0101 0103 0101 0102 0303 0101 0402 0404 0403 0104 0103 0302 0202 0202 0404 0402 0101 0202 0102 0404 0101 0101 0303 0101 0301 0404 0303 0403 0101 0204 0202 0202 0104 0402 0101 0303 0101 0103 0303 0303 
45 , 0404 0303 0301 0101 0101 0404 0101 0303 0302 0404 0101 0303 0303 0304 0301 0404 0103 0101 0202 0303 0202 0202 0402 0101 0101 0104 0101 0202 0202 0303 0202 0202 0101 0301 0202 0202 0303 0404 0403 0101 0101 0303 0101 0101 0303 0301 0204 0404 0404 0101 0101 0202 0203 0202 0404 0402 0101 0202 0202 0401 0202 0101 0303 0101 0101 0404 0303 0304 0201 0402 0202 0204 0104 0404 0101 0303 0101 0303 0304 0302 
46 , 0404 0103 0101 0102 0201 0404 0102 0403 0202 0402 0201 0302 0404 0403 0101 0403 0101 0103 0202 0403 0204 0204 0204 0101 0101 0404 0101 0202 0202 0103 0202 0404 0101 0101 0202 0202 0303 0304 0303 0101 0101 0103 0101 0101 0403 0103 0204 0202 0403 0101 0103 0302 0202 0202 0404 0402 0202 0302 0202 0404 0202 0101 0303 0101 0301 0404 0303 0303 0101 0404 0202 0204 0404 0402 0101 0303 0101 0303 0304 0303 
47 , 0404 0103 0101 0202 0101 0404 0102 0304 0203 0204 0101 0202 0404 0404 0101 0303 0301 0101 0202 0303 0202 0402 0202 0401 0101 0404 0101 0202 0202 0303 0202 0404 0101 0101 0202 0202 0303 0404 0304 0101 0101 0101 0101 0101 0303 0103 0404 0404 0404 0101 0101 0203 0202 0202 0404 0402 0101 0202 0101 0404 0202 0101 0303 0101 0303 0404 0303 0303 0101 0202 0202 0202 0404 0404 0101 0303 0101 0303 0303 0303 
48 , 0304 0103 0303 0201 0202 0404 0102 0303 0302 0204 0101 0202 0404 0303 0101 0303 0103 0101 0202 0403 0402 0404 0202 0101 0301 0401 0102 0201 0202 0101 0302 0402 0102 0101 0202 0202 0303 0404 0403 0101 0101 0301 0101 0101 0403 0103 0204 0404 0404 0401 0301 0303 0202 0202 0404 0202 0201 0302 0102 0401 0101 0101 0303 0101 0303 0404 0303 0404 0201 0404 0202 0404 0101 0204 0101 0303 0101 0301 0303 0303 
49 , 0404 0301 0101 0201 0201 0204 0101 0303 0302 0204 0101 0203 0303 0304 0101 0303 0101 0301 0202 0304 0402 0404 0202 0101 0101 0401 0101 0202 0204 0303 0203 0204 0101 0101 0202 0202 0303 0404 0404 0101 0101 0101 0101 0101 0303 0103 0202 0404 0304 0101 0101 0202 0202 0102 0404 0404 0201 0202 0202 0104 0202 0101 0103 0101 0301 0404 0303 0403 0101 0402 0202 0202 0104 0404 0101 0303 0101 0303 0403 0302 
50 , 0304 0301 0103 0202 0202 0404 0101 0303 0303 0404 0101 0303 0304 0404 0303 0303 0101 0101 0202 0303 0202 0402 0204 0101 0101 0404 0101 0202 0202 0101 0202 0404 0101 0101 0202 0202 0303 0404 0303 0101 0101 0303 0101 0101 0303 0101 0204 0404 0304 0401 0303 0202 0202 0202 0304 0402 0102 0203 0202 0404 0202 0101 0301 0101 0301 0404 0303 0303 0101 0404 0202 0202 0404 0204 0101 0303 0101 0303 0304 0303 
51 , 0404 0101 0101 0102 0202 0404 0201 0303 0203 0404 0101 0302 0303 0404 0101 0403 0301 0101 0202 0404 0202 0404 0202 0101 0101 0404 0101 0202 0202 0103 0202 0402 0101 0101 0202 0202 0303 0404 0404 0101 0101 0103 0101 0102 0303 0103 0204 0204 0404 0104 0103 0302 0202 0202 0404 0202 0102 0203 0202 0404 0202 0104 0303 0101 0303 0404 0303 0303 0101 0404 0302 0202 0404 0402 0101 0303 0101 0303 0303 0303 
52 , 0404 0301 0101 0201 0102 0404 0101 0303 0202 0404 0201 0303 0403 0303 0101 0303 0101 0101 0402 0404 0202 0404 0202 0101 0101 0401 0101 0202 0202 0101 0202 0402 0101 0101 0201 0302 0303 0404 0303 0101 0101 0101 0201 0101 0303 0101 0202 0204 0303 0401 0101 0202 0202 0202 0403 0404 0202 0202 0202 0404 0201 0101 0303 0101 0303 0404 0303 0303 0101 0402 0302 0202 0404 0202 0101 0303 0401 0303 0304 0303 
53 , 0403 0303 0103 0202 0201 0404 0101 0303 0302 0404 0101 0303 0404 0404 0101 0403 0101 0101 0204 0303 0204 0402 0402 0101 0101 0404 0101 0202 0202 0103 0202 0402 0101 0101 0202 0202 0303 0404 0303 0104 0101 0303 0101 0101 0303 0101 0404 0204 0303 0104 0103 0203 0202 0202 0304 0202 0101 0203 0102 0404 0201 0101 0303 0101 0103 0204 0303 0303 0201 0404 0202 0202 0101 0204 0101 0303 0101 0303 0304 0302 
54 , 0403 0101 0101 0201 0201 0404 0102 0303 0303 0204 0101 0303 0403 0304 0101 0404 0101 0101 0204 0404 0404 0402 0202 0101 0101 0404 0101 0202 0202 0101 0203 0202 0101 0101 0202 0202 0303 0404 0304 0401 0101 0303 0101 0101 0303 0103 0204 0404 0403 0101 0101 0202 0202 0202 0404 0204 0201 0202 0201 0404 0201 0101 0303 0101 0301 0404 0303 0303 0102 0204 0302 0202 0404 0404 0101 0301 0101 0103 0403 0303 
55 , 0404 0103 0301 0102 0202 0404 0102 0303 0202 0204 0101 0202 0404 0404 0101 0304 0101 0103 0202 0303 0402 0204 0202 0101 0101 0404 0101 0202 0202 0103 0202 0204 0101 0301 0202 0302 0303 0404 0303 0104 0101 0301 0101 0201 0303 0101 0404 0404 0404 0401 0103 0202 0202 0202 0404 0404 0102 0302 0201 0404 0202 0101 0303 0101 0303 0404 0303 0403 0201 0402 0202 0202 0404 0402 0101 0303 0401 0103 0304 0303 
56 , 0404 0103 0301 0102 0202 0404 0201 0303 0202 0402 0101 0202 0303 0404 0301 0303 0301 0101 0402 0303 0402 0402 0202 0401 0101 0104 0101 0202 0202 0101 0202 0404 0101 0101 0202 0202 0303 0404 0403 0401 0101 0101 0101 0101 0303 0301 0404 0404 0404 0104 0303 0302 0202 0202 0304 0204 0101 0302 0102 0404 0101 0101 0303 0101 0101 0404 0303 0303 0102 0204 0302 0402 0404 0202 0101 0303 0101 0303 0403 0303 
57 , 0403 0103 0101 0202 0101 0404 0102 0304 0303 0204 0101 0202 0403 0404 0101 0303 0301 0101 0202 0304 0202 0404 0204 0101 0101 0404 0101 0202 0202 0103 0202 0402 0101 0101 0202 0202 0303 0403 0303 0101 0101 0101 0102 0101 0303 0101 0202 0404 0404 0101 0301 0203 0202 0202 0404 0404 0101 0203 0102 0401 0201 0101 0303 0101 0303 0404 0303 0304 0101 0202 0202 0202 0404 0402 0101 0303 0101 0303 0403 0303 
58 , 0304 0101 0103 0102 0101 0204 0102 0403 0202 0202 0101 0303 0304 0404 0103 0303 0101 0101 0204 0403 0204 0404 0202 0101 0101 0404 0101 0101 0202 0301 0202 0404 0101 0101 0202 0203 0303 0303 0303 0401 0101 0101 0101 0101 0304 0101 0404 0404 0403 0101 0301 0202 0302 0202 0404 0204 0201 0302 0201 0404 0202 0101 0103 0401 0101 0404 0303 0303 0101 0202 0203 0202 0401 0404 0101 0303 0401 0303 0404 0303 
59 , 0304 0103 0301 0201 0102 0204 0201 0303 0203 0402 0101 0302 0304 0404 0101 0303 0101 0101 0204 0303 0202 0204 0202 0101 0301 0404 0101 0202 0202 0103 0302 0402 0101 0101 0202 0202 0303 0404 0304 0401 0102 0103 0201 0101 0303 0101 0204 0404 0404 0101 0103 0202 0202 0202 0404 0402 0101 0202 0201 0401 0202 0401 0303 0101 0103 0404 0302 0303 0101 0402 0302 0204 0404 0202 0101 0303 0101 0303 0304 0303 
60 , 0404 0301 0301 0201 0101 0404 0201 0303 0302 0402 0101 0303 0304 0404 0303 0403 0103 0101 0202 0304 0204 0402 0402 0101 0101 0404 0101 0202 0202 0101 0202 0402 0101 0101 0102 0303 0303 0403 0304 0101 0101 0303 0101 0102 0303 0101 0404 0404 0303 0104 0101 0302 0202 0202 0304 0202 0101 0203 0201 0404 0201 0401 0303 0401 0303 0204 0303 0303 0101 0402 0203 0202 0104 0404 0104 0303 0101 0103 0404 0303 
61 , 0403 0301 0103 0202 0202 0402 0102 0303 0302 0402 0101 0203 0403 0404 0103 0303 0103 0101 0202 0304 0202 0202 0402 0101 0103 0401 0101 0201 0202 0101 0202 0404 0101 0101 0202 0202 0303 0403 0403 0104 0101 0301 0101 0101 0303 0101 0404 0202 0303 0101 0103 0203 0202 0202 0404 0202 0202 0202 0102 0404 0101 0104 0303 0101 0103 0404 0303 0303 0101 0204 0202 0202 0401 0404 0101 0303 0101 0301 0403 0302 
62 , 0404 0103 0101 0202 0102 0404 0201 0403 0303 0202 0101 0303 0403 0404 0303 0303 0101 0101 0202 0303 0202 0402 0202 0101 0101 0401 0101 0202 0202 0103 0202 0202 0101 0103 0202 0202 0303 0404 0403 0104 0101 0303 0102 0101 0303 0303 0404 0404 0404 0101 0303 0303 0202 0202 0404 0404 0102 0202 0202 0404 0202 0101 0303 0101 0103 0404 0303 0403 0101 0202 0203 0202 0101 0204 0101 0301 0101 0301 0304 0302 
63 , 0303 0101 0101 0201 0102 0404 0201 0303 0302 0402 0101 0302 0404 0404 0301 0304 0101 0101 0202 0303 0202 0404 0202 0101 0101 0404 0101 0202 0202 0103 0202 0204 0101 0101 0202 0203 0303 0304 0404 0101 0101 0301 0201 0101 0303 0101 0202 0404 0404 0101 0303 0202 0202 0202 0404 0204 0201 0303 0102 0404 0201 0101 0103 0101 0303 0404 0303 0303 0101 0402 0202 0202 0404 0404 0101 0303 0101 0303 0403 0303 
64 , 0404 0103 0101 0102 0202 0404 0101 0403 0203 0202 0101 0202 0303 0404 0101 0303 0301 0103 0204 0303 0202 0402 0202 0101 0101 0404 0101 0202 0202 0101 0202 0202 0201 0101 0202 0202 0303 0404 0303 0101 0101 0301 0101 0201 0304 0101 0404 0404 0404 0104 0101 0203 0202 0202 0403 0402 0102 0203 0202 0404 0202 0101 0303 0101 0301 0404 0303 0303 0202 0204 0302 0202 0401 0404 0101 0303 0101 0103 0304 0303 
65 , 0404 0303 0101 0202 0202 0204 0101 0303 0203 0404 0101 0303 0304 0404 0101 0403 0101 0101 0202 0404 0202 0402 0202 0101 0101 0104 0101 0202 0202 0303 0202 0202 0101 0101 0202 0202 0303 0404 0403 0101 0101 0103 0101 0101 0303 0101 0404 0404 0404 0404 0303 0203 0202 0202 0403 0204 0101 0203 0101 0404 0202 0401 0303 0101 0103 0202 0303 0303 0101 0204 0302 0204 0404 0404 0101 0303 0101 0303 0304 0303 
66 , 0404 0303 0103 0201 0202 0404 0102 0304 0203 0204 0101 0303 0404 0404 0301 0304 0101 0101 0204 0304 0202 0204 0202 0101 0101 0404 0101 0202 0202 0103 0202 0202 0101 0101 0202 0302 0303 0403 0304 0101 0101 0301 0101 0101 0303 0101 0402 0404 0403 0101 0301 0202 0202 0202 0404 0202 0102 0202 0101 0404 0202 0104 0301 0104 0301 0404 0203 0404 0202 0404 0303 0202 0401 0202 0104 0303 0101 0303 0304 0303 
67 , 0403 0101 0301 0102 0102 0404 0202 0304 0303 0402 0101 0202 0404 0404 0103 0303 0101 0301 0202 0303 0202 0202 0204 0101 0101 0404 0101 0102 0202 0101 0202 0204 0201 0101 0202 0202 0303 0404 0304 0101 0101 0301 0101 0101 0303 0101 0204 0402 0404 0101 0103 0202 0202 0102 0404 0202 0102 0203 0202 0404 0202 0101 0301 0104 0301 0404 0203 0303 0101 0404 0302 0202 0404 0404 0101 0303 0101 0303 0303 0303 
68 , 0304 0303 0101 0102 0202 0404 0202 0303 0303 0204 0101 0203 0403 0404 0101 0303 0101 0101 0202 0303 0202 0204 0204 0101 0101 0401 0101 0202 0202 0103 0202 0202 0101 0101 0202 0202 0303 0404 0303 0101 0101 0301 0101 0102 0303 0303 0402 0404 0304 0104 0103 0303 0202 0202 0404 0404 0102 0202 0201 0401 0101 0101 0303 0101 0303 0404 0303 0304 0101 0402 0303 0202 0104 0404 0101 0303 0101 0301 0404 0203 
69 , 0404 0301 0101 0101 0202 0404 0201 0303 0203 0404 0101 0302 0403 0404 0101 0304 0101 0103 0204 0303 0202 0204 0202 0101 0101 0401 0102 0202 0202 0101 0202 0204 0101 0101 0202 0202 0203 0404 0404 0101 0201 0103 0101 0102 0303 0101 0202 0404 0403 0101 0303 0302 0202 0202 0404 0404 0101 0203 0101 0104 0201 0101 0303 0101 0303 0404 0303 0303 0101 0204 0202 0202 0404 0402 0101 0301 0101 0103 0303 0302 
70 , 0404 0303 0101 0202 0201 0404 0101 0303 0303 0204 0101 0202 0303 0304 0101 0303 0103 0103 0402 0304 0402 0404 0202 0101 0101 0404 0101 0202 0202 0103 0202 0402 0101 0301 0202 0202 0303 0404 0403 0101 0201 0101 0101 0101 0303 0103 0204 0204 0304 0101 0103 0203 0203 0202 0403 0404 0201 0202 0201 0401 0202 0101 0303 0101 0303 0404 0303 0303 0101 0202 0202 0204 0404 0404 0101 0303 0101 0103 0304 0303 
71 , 0404 0303 0103 0102 0102 0404 0102 0403 0302 0402 0201 0302 0404 0404 0301 0404 0101 0101 0202 0403 0202 0404 0202 0101 0101 0404 0101 0201 0202 0101 0202 0404 0101 0101 0202 0202 0303 0304 0404 0101 0102 0303 0102 0101 0403 0101 0204 0204 0404 0101 0301 0302 0202 0202 0404 0402 0202 0302 0202 0401 0201 0101 0303 0101 0103 0404 0203 0303 0201 0202 0202 0202 0401 0404 0101 0103 0101 0303 0403 0303 
72 , 0404 0301 0103 0101 0202 0404 0101 0403 0303 0404 0201 0303 0304 0404 0103 0304 0101 0101 0402 0303 0202 0402 0202 0101 0101 0404 0101 0202 0202 0103 0302 0202 0101 0101 0202 0302 0303 0404 0304 0401 0102 0103 0101 0101 0403 0103 0402 0404 0304 0101 0301 0302 0202 0202 0304 0402 0101 0203 0201 0404 0102 0101 0303 0101 0303 0404 0303 0303 0201 0404 0202 0402 0401 0404 0101 0303 0101 0301 0303 0303 
73 , 0404 0103 0101 0102 0201 0404 0101 0303 0202 0204 0201 0302 0403 0404 0101 0304 0301 0101 0202 0303 0202 0204 0202 0101 0101 0401 0102 0202 0202 0101 0203 0404 0101 0101 0202 0202 0303 0404 0304 0101 0101 0301 0101 0101 0303 0103 0204 0404 0303 0101 0103 0203 0202 0202 0404 0204 0102 0202 0202 0404 0201 0401 0303 0101 0303 0402 0302 0304 0102 0204 0203 0202 0404 0204 0101 0303 0101 0303 0403 0303 
74 , 0303 0103 0303 0101 0202 0402 0102 0403 0202 0404 0201 0202 0304 0404 0101 0303 0301 0101 0202 0303 0202 0402 0202 0101 0303 0404 0101 0202 0402 0103 0202 0404 0101 0101 0102 0202 0303 0404 0303 0104 0101 0301 0102 0101 0303 0103 0402 0404 0304 0101 0101 0203 0202 0202 0404 0402 0101 0302 0101 0404 0202 0101 0303 0101 0303 0402 0303 0304 0101 0204 0303 0202 0401 0404 0101 0303 0404 0303 0303 0303 
75 , 0404 0103 0101 0102 0202 0404 0201 0303 0202 0402 0101 0203 0404 0404 0103 0303 0301 0101 0202 0303 0204 0404 0204 0101 0103 0404 0101 0202 0202 0301 0202 0402 0101 0101 0202 0202 0303 0404 0403 0101 0101 0301 0101 0101 0303 0101 0402 0404 0303 0401 0301 0202 0202 0202 0304 0204 0101 0302 0202 0404 0201 0101 0303 0101 0303 0404 0302 0303 0102 0202 0202 0202 0104 0202 0101 0303 0101 0303 0304 0302 
76 , 0404 0303 0301 0102 0202 0404 0202 0403 0202 0402 0101 0202 0404 0404 0301 0303 0101 0101 0202 0303 0204 0204 0204 0101 0101 0404 0101 0202 0202 0101 0202 0202 0101 0101 0202 0202 0303 0404 0304 0101 0101 0103 0101 0101 0303 0101 0204 0404 0404 0401 0303 0302 0202 0202 0403 0404 0102 0202 0102 0404 0202 0101 0303 0101 0303 0404 0203 0403 0201 0202 0302 0404 0404 0202 0101 0303 0101 0303 0304 0303 
77 , 0404 0103 0101 0202 0202 0404 0102 0303 0203 0404 0101 0303 0403 0404 0103 0403 0101 0103 0204 0303 0402 0202 0202 0101 0101 0404 0101 0202 0202 0301 0202 0202 0101 0103 0202 0202 0303 0403 0303 0101 0201 0103 0101 0101 0304 0301 0204 0404 0404 0101 0101 0203 0202 0202 0403 0202 0201 0202 0202 0404 0202 0401 0103 0401 0101 0404 0303 0403 0101 0204 0302 0202 0404 0204 0401 0303 0101 0303 0303 0303 
78 , 0404 0103 0103 0202 0202 0404 0102 0404 0203 0402 0101 0302 0304 0404 0101 0303 0103 0101 0202 0403 0202 0404 0402 0101 0101 0404 0101 0201 0202 0101 0303 0402 0101 0301 0201 0202 0303 0404 0304 0104 0101 0101 0101 0101 0303 0101 0402 0402 0304 0101 0101 0302 0202 0202 0404 0402 0101 0203 0101 0104 0201 0101 0303 0101 0301 0404 0303 0404 0101 0202 0202 0202 0401 0402 0101 0303 0101 0303 0403 0303 
79 , 0403 0303 0101 0102 0202 0404 0101 0303 0302 0402 0101 0203 0403 0404 0101 0404 0103 0101 0202 0304 0204 0404 0202 0101 0101 0401 0101 0202 0202 0101 0202 0202 0101 0101 0202 0202 0203 0404 0404 0404 0201 0303 0101 0101 0303 0101 0202 0404 0403 0101 0303 0202 0203 0202 0304 0402 0101 0202 0102 0404 0202 0101 0303 0101 0103 0402 0303 0303 0101 0202 0202 0202 0404 0404 0101 0303 0101 0303 0303 0303 
80 , 0404 0303 0103 0201 0102 0404 0102 0303 0203 0204 0101 0303 0403 0404 0101 0303 0101 0101 0202 0403 0202 0204 0202 0101 0101 0404 0101 0201 0202 0301 0202 0402 0101 0101 0202 0202 0303 0304 0404 0101 0102 0101 0102 0101 0403 0101 0402 0404 0403 0101 0101 0202 0202 0202 0404 0202 0101 0302 0201 0401 0202 0101 0303 0101 0303 0404 0303 0303 0101 0202 0202 0202 0404 0204 0101 0303 0101 0303 0303 0303 
81 , 0404 0101 0101 0202 0102 0404 0202 0303 0302 0404 0102 0303 0403 0303 0101 0303 0101 0303 0204 0404 0402 0202 0202 0101 0101 0404 0101 0202 0202 0101 0202 0404 0101 0301 0202 0202 0303 0304 0304 0101 0101 0303 0101 0201 0303 0101 0204 0404 0403 0101 0101 0202 0202 0202 0304 0404 0201 0202 0202 0404 0202 0101 0303 0401 0103 0404 0303 0303 0101 0402 0203 0202 0401 0202 0101 0303 0101 0103 0403 0303 
82 , 0404 0301 0101 0202 0201 0402 0102 0303 0302 0204 0101 0303 0303 0304 0101 0303 0303 0101 0402 0303 0402 0404 0202 0101 0101 0401 0102 0202 0202 0103 0202 0402 0102 0101 0202 0302 0303 0404 0303 0104 0201 0103 0102 0101 0304 0101 0204 0204 0303 0101 0103 0203 0202 0202 0404 0402 0201 0203 0201 0404 0202 0101 0303 0101 0103 0404 0303 0303 0101 0202 0302 0402 0401 0204 0101 0303 0101 0103 0403 0203 
83 , 0404 0301 0101 0201 0202 0404 0201 0303 0202 0402 0101 0302 0403 0404 0303 0403 0101 0101 0204 0403 0202 0404 0202 0101 0101 0404 0101 0202 0202 0301 0202 0202 0101 0101 0202 0302 0303 0303 0404 0101 0101 0301 0201 0101 0303 0101 0402 0404 0304 0101 0103 0203 0202 0202 0403 0202 0102 0302 0101 0404 0202 0101 0103 0101 0303 0204 0303 0304 0101 0402 0203 0202 0404 0404 0101 0303 0101 0303 0404 0303 
84 , 0404 0303 0101 0202 0202 0404 0101 0403 0203 0404 0101 0303 0403 0404 0101 0303 0103 0103 0402 0404 0202 0402 0202 0401 0101 0401 0101 0202 0202 0103 0202 0202 0101 0101 0102 0202 0303 0403 0304 0101 0201 0303 0101 0101 0403 0103 0202 0204 0304 0404 0301 0202 0202 0202 0404 0204 0101 0202 0102 0404 0202 0101 0303 0101 0301 0404 0203 0303 0101 0202 0202 0202 0401 0402 0101 0303 0101 0303 0303 0303 
85 , 0404 0303 0101 0202 0202 0404 0102 0303 0203 0404 0101 0303 0304 0404 0101 0303 0101 0101 0402 0303 0204 0402 0202 0104 0101 0401 0101 0202 0202 0103 0303 0204 0101 0101 0202 0302 0302 0404 0304 0401 0101 0103 0101 0101 0403 0101 0404 0404 0403 0101 0301 0303 0202 0202 0304 0404 0102 0202 0202 0404 0102 0101 0303 0101 0301 0404 0303 0304 0101 0404 0203 0404 0401 0402 0101 0303 0101 0301 0404 0303 
86 , 0404 0103 0101 0202 0101 0404 0101 0303 0303 0202 0101 0302 0404 0404 0101 0304 0101 0101 0204 0303 0202 0204 0202 0101 0103 0404 0101 0202 0202 0301 0202 0404 0101 0101 0202 0202 0303 0403 0404 0101 0101 0103 0202 0102 0403 0101 0204 0402 0404 0101 0101 0202 0203 0202 0404 0204 0101 0303 0201 0404 0102 0404 0303 0401 0103 0404 0303 0303 0101 0202 0202 0202 0404 0204 0101 0303 0101 0303 0304 0303 
87 , 0404 0103 0301 0102 0202 0404 0101 0403 0202 0202 0201 0203 0303 0404 0101 0403 0301 0101 0204 0303 0202 0204 0202 0101 0101 0404 0101 0201 0202 0103 0202 0202 0201 0301 0202 0203 0303 0403 0404 0101 0101 0301 0101 0101 0304 0101 0404 0404 0403 0101 0101 0202 0202 0202 0404 0402 0102 0203 0202 0404 0202 0401 0303 0104 0303 0404 0303 0303 0102 0202 0302 0202 0404 0404 0101 0303 0401 0103 0303 0303 
88 , 0304 0303 0101 0201 0202 0404 0101 0303 0202 0402 0101 0203 0303 0404 0303 0304 0101 0301 0202 0303 0202 0202 0402 0101 0101 0404 0101 0202 0202 0103 0203 0202 0101 0301 0202 0202 0303 0404 0303 0104 0101 0303 0201 0101 0303 0301 0404 0404 0304 0101 0101 0202 0202 0202 0304 0204 0101 0302 0202 0404 0202 0101 0303 0101 0303 0404 0303 0304 0202 0202 0202 0202 0401 0202 0101 0303 0101 0303 0304 0303 
89 , 0404 0303 0103 0202 0202 0404 0102 0303 0303 0402 0101 0302 0403 0404 0101 0304 0301 0301 0402 0403 0402 0204 0402 0101 0103 0404 0101 0202 0202 0103 0203 0402 0101 0101 0202 0202 0303 0404 0304 0101 0101 0303 0102 0101 0303 0101 0204 0404 0304 0101 0301 0202 0202 0202 0404 0202 0102 0202 0202 0404 0101 0101 0303 0101 0103 0404 0302 0403 0101 0202 0202 0202 0101 0204 0101 0303 0101 0103 0403 0303 
90 , 0304 0101 0101 0201 0202 0404 0201 0303 0202 0204 0101 0303 0403 0403 0101 0303 0101 0101 0404 0304 0402 0204 0202 0101 0101 0404 0101 0202 0202 0303 0202 0202 0101 0101 0201 0303 0303 0404 0403 0101 0101 0301 0101 0101 0303 0101 0204 0404 0303 0101 0101 0302 0202 0202 0304 0202 0101 0202 0202 0404 0202 0101 0303 0101 0303 0404 0303 0303 0101 0402 0202 0202 0404 0202 0101 0103 0101 0303 0404 0303 
91 , 0403 0101 0101 0201 0202 0404 0202 0303 0202 0402 0101 0303 0303 0404 0101 0403 0103 0101 0402 0303 0202 0202 0202 0101 0103 0401 0101 0201 0202 0301 0202 0204 0101 0101 0202 0202 0203 0304 0303 0101 0101 0101 0101 0101 0303 0103 0204 0402 0303 0101 0103 0303 0203 0202 0404 0202 0202 0303 0202 0404 0202 0104 0303 0101 0303 0404 0303 0403 0101 0204 0202 0202 0104 0404 0101 0303 0101 0303 0303 0302 
92 , 0404 0103 0301 0102 0102 0404 0201 0303 0202 0404 0101 0202 0404 0404 0101 0304 0101 0301 0204 0403 0202 0204 0202 0101 0101 0404 0101 0102 0202 0301 0202 0202 0101 0103 0201 0202 0303 0403 0304 0101 0101 0303 0201 0101 0303 0103 0204 0204 0304 0104 0101 0303 0202 0102 0404 0404 0101 0202 0102 0404 0202 0101 0303 0101 0303 0402 0303 0303 0202 0404 0303 0202 0404 0404 0101 0303 0101 0303 0304 0303 
93 , 0403 0301 0301 0202 0202 0402 0101 0303 0302 0404 0102 0202 0304 0404 0101 0304 0101 0101 0204 0303 0202 0404 0202 0401 0101 0404 0101 0202 0202 0103 0202 0204 0101 0101 0202 0202 0303 0304 0304 0101 0101 0301 0101 0102 0303 0101 0402 0402 0404 0101 0101 0203 0202 0202 0404 0202 0101 0202 0201 0404 0202 0101 0303 0101 0303 0402 0303 0304 0101 0204 0202 0202 0404 0404 0101 0303 0101 0303 0304 0303 
94 , 0403 0303 0101 0201 0201 0404 0102 0303 0203 0404 0101 0203 0404 0404 0101 0303 0301 0101 0202 0304 0204 0402 0402 0101 0301 0404 0102 0202 0202 0301 0203 0202 0101 0101 0202 0202 0303 0304 0404 0101 0101 0303 0101 0101 0303 0101 0204 0404 0303 0401 0101 0202 0202 0202 0404 0402 0101 0202 0101 0404 0202 0101 0303 0101 0303 0404 0303 0404 0102 0404 0202 0202 0404 0402 0101 0301 0101 0303 0303 0302 
95 , 0304 0103 0101 0201 0102 0404 0102 0303 0203 0404 0101 0303 0304 0404 0101 0304 0101 0101 0202 0403 0404 0202 0402 0101 0101 0404 0101 0202 0202 0101 0202 0202 0101 0101 0202 0202 0303 0404 0403 0101 0101 0103 0102 0101 0303 0103 0404 0404 0404 0101 0301 0202 0202 0202 0404 0402 0102 0202 0202 0404 0201 0104 0303 0101 0303 0404 0303 0303 0101 0404 0202 0202 0404 0204 0101 0303 0101 0303 0403 0303 
96 , 0404 0301 0301 0102 0201 0404 0102 0303 0202 0404 0102 0302 0403 0304 0101 0303 0101 0101 0202 0303 0202 0404 0202 0101 0301 0404 0101 0202 0202 0101 0202 0202 0101 0101 0201 0202 0303 0404 0403 0401 0101 0101 0101 0101 0303 0101 0204 0404 0403 0101 0103 0202 0202 0202 0304 0404 0102 0302 0102 0404 0202 0101 0301 0101 0103 0404 0202 0303 0201 0204 0202 0402 0404 0404 0101 0303 0101 0303 0403 0303 
97 , 0404 0301 0101 0202 0202 0404 0202 0304 0303 0204 0101 0303 0403 0404 0301 0303 0101 0101 0402 0303 0202 0204 0202 0101 0101 0404 0101 0202 0204 0101 0202 0404 0101 0101 0202 0303 0303 0404 0404 0101 0101 0103 0201 0101 0304 0101 0404 0404 0404 0404 0301 0302 0202 0202 0404 0404 0101 0202 0102 0404 0102 0404 0303 0101 0303 0404 0303 0303 0101 0402 0302 0202 0401 0404 0401 0303 0401 0303 0403 0303 
98 , 0403 0101 0103 0101 0202 0404 0102 0303 0203 0404 0101 0303 0404 0404 0101 0304 0101 0101 0202 0303 0204 0202 0202 0104 0101 0404 0101 0202 0202 0101 0202 0402 0101 0101 0202 0202 0303 0404 0303 0101 0101 0301 0101 0101 0303 0303 0204 0404 0404 0404 0101 0203 0202 0202 0404 0204 0102 0202 0202 0404 0201 0401 0303 0101 0303 0404 0303 0304 0101 0202 0202 0202 0404 0204 0101 0303 0101 0303 0403 0303 
99 , 0403 0303 0301 0102 0202 0404 0101 0303 0202 0404 0102 0302 0404 0404 0101 0404 0101 0101 0204 0304 0202 0402 0202 0101 0101 0404 0101 0202 0202 0103 0202 0204 0101 0101 0202 0202 0303 0404 0403 0404 0201 0301 0101 0101 0303 0101 0202 0402 0404 0101 0301 0303 0202 0202 0404 0202 0101 0202 0102 0104 0202 0101 0303 0101 0303 0402 0303 0304 0102 0204 0202 0204 0404 0404 0101 0303 0101 0303 0304 0303 
100 , 0404 0301 0101 0101 0202 0404 0202 0303 0203 0404 0101 0203 0403 0403 0101 0304 0103 0301 0204 0403 0202 0404 0202 0101 0103 0404 0101 0201 0202 0301 0202 0404 0102 0101 0202 0202 0303 0304 0404 0101 0101 0101 0102 0101 0303 0101 0404 0404 0303 0101 0101 0303 0202 0201 0404 0202 0201 0202 0101 0404 0102 0104 0303 0101 0303 0404 0303 0303 0202 0402 0302 0202 0104 0204 0101 0103 0101 0303 0403 0203 
101 , 0403 0103 0101 0202 0102 0404 0101 0303 0303 0404 0101 0202 0304 0404 0301 0303 0301 0103 0204 0303 0202 0404 0202 0101 0101 0404 0102 0201 0202 0101 0202 0402 0101 0301 0202 0202 0303 0404 0404 0101 0101 0303 0101 0202 0303 0301 0402 0204 0403 0101 0303 0302 0202 0202 0404 0204 0101 0303 0201 0404 0202 0101 0303 0401 0303 0404 0303 0303 0101 0404 0202 0202 0404 0204 0101 0303 0101 0303 0403 0302 
102 , 0404 0101 0301 0201 0201 0404 0202 0303 0303 0204 0101 0303 0304 0404 0103 0304 0101 0101 0202 0403 0202 0202 0202 0101 0301 0404 0101 0202 0202 0301 0202 0402 0101 0101 0202 0302 0303 0404 0304 0101 0101 0101 0101 0201 0303 0103 0402 0204 0404 0104 0101 0202 0202 0202 0304 0202 0102 0203 0201 0104 0201 0401 0303 0101 0303 0404 0303 0303 0201 0204 0203 0202 0401 0404 0101 0303 0101 0301 0303 0302 
103 , 0403 0103 0301 0201 0202 0404 0101 0303 0203 0402 0101 0202 0304 0403 0101 0303 0101 0101 0202 0403 0202 0402 0202 0401 0101 0404 0101 0202 0202 0101 0202 0202 0101 0101 0202 0202 0303 0404 0303 0101 0201 0303 0101 0101 0303 0101 0404 0404 0404 0404 0301 0202 0202 0201 0404 0204 0101 0202 0201 0404 0102 0104 0303 0101 0303 0404 0302 0303 0102 0204 0202 0202 0404 0402 0101 0303 0101 0303 0303 0203 
104 , 0403 0303 0101 0102 0202 0404 0202 0303 0203 0404 0101 0203 0403 0404 0101 0403 0101 0301 0202 0404 0204 0402 0202 0101 0101 0404 0101 0202 0202 0303 0202 0404 0101 0101 0202 0202 0303 0404 0404 0101 0101 0103 0102 0101 0303 0103 0204 0404 0403 0101 0101 0202 0202 0202 0303 0404 0102 0302 0201 0404 0202 0101 0303 0101 0303 0404 0303 0403 0102 0402 0202 0204 0404 0202 0401 0301 0101 0303 0304 0303 
105 , 0304 0103 0103 0202 0102 0404 0202 0304 0203 0402 0101 0302 0304 0404 0101 0403 0301 0101 0202 0304 0204 0204 0202 0104 0301 0401 0101 0202 0202 0103 0302 0402 0101 0101 0202 0202 0303 0404 0304 0404 0101 0103 0101 0101 0303 0101 0404 0404 0303 0101 0103 0202 0202 0202 0404 0204 0101 0203 0201 0404 0201 0401 0103 0401 0301 0402 0303 0303 0101 0404 0302 0202 0404 0402 0101 0303 0101 0303 0303 0303 
106 , 0304 0303 0101 0101 0102 0404 0201 0303 0202 0404 0101 0303 0404 0403 0103 0404 0101 0101 0404 0404 0402 0402 0202 0101 0101 0404 0101 0202 0204 0303 0202 0204 0101 0101 0102 0203 0203 0404 0403 0101 0101 0301 0101 0101 0303 0101 0404 0404 0404 0104 0101 0202 0202 0202 0404 0204 0201 0203 0202 0404 0102 0101 0303 0101 0101 0404 0203 0304 0101 0202 0202 0402 0104 0204 0101 0303 0101 0303 0403 0303 
107 , 0404 0103 0103 0202 0102 0404 0202 0403 0303 0204 0102 0302 0303 0404 0101 0303 0101 0101 0402 0403 0204 0202 0202 0101 0101 0404 0102 0202 0202 0103 0202 0404 0101 0101 0202 0202 0303 0403 0304 0101 0101 0301 0101 0101 0303 0101 0402 0404 0403 0101 0103 0203 0202 0202 0303 0204 0202 0202 0201 0404 0101 0101 0303 0101 0303 0404 0303 0303 0101 0402 0202 0404 0404 0202 0101 0301 0101 0303 0404 0303 
108 , 0403 0103 0103 0202 0201 0404 0202 0303 0302 0404 0101 0202 0404 0404 0103 0303 0101 0101 0202 0303 0202 0202 0202 0101 0101 0404 0101 0202 0202 0301 0202 0404 0101 0301 0202 0202 0303 0304 0403 0101 0101 0301 0101 0201 0303 0103 0204 0404 0304 0101 0303 0202 0202 0202 0404 0402 0202 0203 0202 0404 0202 0101 0301 0101 0103 0404 0303 0403 0101 0404 0202 0402 0104 0404 0101 0303 0101 0303 0403 0303 
109 , 0403 0303 0103 0101 0202 0404 0201 0303 0302 0402 0101 0302 0304 0304 0301 0403 0103 0301 0202 0304 0202 0402 0202 0101 0101 0404 0101 0202 0202 0301 0202 0204 0101 0101 0202 0202 0302 0404 0403 0401 0101 0101 0101 0102 0303 0301 0202 0404 0404 0404 0103 0202 0202 0202 0404 0204 0101 0202 0102 0104 0101 0101 0303 0101 0301 0404 0302 0303 0202 0404 0302 0202 0404 0402 0101 0303 0101 0303 0403 0303 
110 , 0403 0103 0301 0102 0102 0404 0101 0303 0202 0202 0101 0302 0403 0304 0101 0303 0101 0101 0202 0304 0202 0202 0202 0101 0101 0404 0102 0202 0202 0101 0202 0204 0101 0101 0202 0202 0303 0404 0303 0101 0101 0101 0101 0101 0303 0101 0402 0404 0304 0104 0103 0202 0202 0202 0404 0204 0101 0202 0102 0404 0202 0401 0303 0101 0301 0404 0202 0403 0101 0204 0202 0202 0404 0202 0101 0303 0101 0303 0403 0303 
111 , 0404 0301 0303 0102 0202 0404 0201 0303 0202 0402 0102 0202 0303 0404 0101 0403 0101 0101 0202 0403 0202 0402 0202 0101 0101 0404 0102 0202 0202 0101 0202 0404 0101 0101 0202 0202 0303 0304 0403 0101 0101 0101 0101 0101 0303 0101 0402 0404 0304 0104 0103 0302 0202 0202 0404 0204 0201 0202 0102 0404 0101 0101 0303 0101 0101 0404 0302 0303 0102 0404 0202 0204 0104 0202 0101 0303 0101 0303 0403 0203 
112 , 0404 0301 0101 0201 0201 0404 0102 0403 0203 0404 0101 0302 0404 0304 0101 0403 0101 0101 0202 0304 0202 0202 0204 0101 0301 0404 0201 0202 0202 0101 0202 0202 0101 0101 0202 0202 0303 0404 0304 0401 0101 0301 0101 0101 0303 0103 0202 0404 0304 0101 0101 0202 0202 0202 0404 0402 0201 0202 0101 0404 0201 0101 0103 0101 0303 0404 0303 0404 0202 0204 0202 0202 0404 0204 0101 0303 0101 0303 0303 0303 
113 , 0404 0301 0101 0202 0202 0404 0202 0303 0203 0202 0201 0303 0303 0303 0101 0303 0101 0303 0402 0303 0202 0204 0202 0101 0101 0404 0101 0202 0202 0303 0202 0202 0101 0101 0202 0202 0303 0404 0403 0101 0101 0101 0101 0102 0403 0101 0402 0404 0404 0101 0301 0303 0202 0202 0404 0404 0102 0302 0202 0404 0101 0101 0303 0101 0103 0402 0303 0303 0101 0202 0302 0202 0404 0202 0101 0303 0101 0303 0404 0303 
114 , 0404 0101 0103 0201 0202 0404 0202 0303 0302 0404 0101 0302 0304 0404 0101 0304 0301 0303 0202 0303 0204 0404 0202 0101 0101 0404 0101 0202 0202 0103 0202 0202 0101 0101 0202 0202 0303 0404 0404 0101 0101 0101 0102 0101 0303 0103 0404 0404 0403 0104 0301 0202 0202 0202 0403 0204 0102 0302 0202 0404 0102 0101 0103 0101 0303 0402 0303 0403 0201 0204 0203 0402 0401 0404 0101 0303 0101 0303 0403 0303 
115 , 0304 0303 0103 0202 0102 0404 0202 0303 0202 0404 0101 0203 0303 0403 0103 0403 0101 0101 0202 0304 0204 0402 0202 0104 0101 0404 0101 0202 0202 0301 0203 0402 0102 0101 0202 0202 0303 0404 0303 0401 0101 0101 0201 0101 0303 0101 0202 0404 0304 0101 0101 0203 0202 0202 0403 0404 0101 0202 0202 0404 0202 0404 0303 0401 0101 0404 0303 0304 0101 0404 0203 0202 0404 0202 0101 0303 0101 0303 0303 0303 
116 , 0304 0103 0101 0101 0201 0404 0102 0303 0303 0204 0101 0303 0404 0404 0101 0303 0101 0101 0402 0303 0202 0204 0202 0101 0101 0401 0201 0202 0202 0101 0202 0202 0101 0101 0202 0202 0303 0404 0403 0101 0101 0303 0101 0101 0303 0101 0404 0402 0303 0104 0101 0202 0202 0201 0404 0404 0102 0203 0102 0404 0102 0101 0303 0101 0301 0404 0303 0303 0101 0402 0202 0202 0104 0204 0101 0303 0101 0303 0304 0303 
117 , 0404 0303 0101 0202 0202 0404 0201 0403 0203 0404 0101 0303 0404 0404 0103 0304 0101 0101 0402 0403 0202 0202 0202 0401 0301 0404 0101 0202 0202 0101 0203 0204 0101 0101 0202 0302 0303 0404 0303 0101 0201 0301 0101 0101 0403 0101 0204 0204 0304 0104 0101 0202 0202 0202 0404 0202 0201 0202 0202 0404 0202 0101 0303 0101 0303 0404 0303 0304 0102 0202 0202 0202 0401 0404 0101 0301 0101 0303 0304 0303 
118 , 0404 0103 0301 0102 0202 0404 0101 0403 0202 0202 0201 0303 0403 0404 0101 0303 0103 0103 0202 0304 0402 0404 0202 0101 0101 0401 0101 0202 0202 0101 0202 0202 0101 0101 0202 0202 0303 0403 0303 0101 0101 0301 0101 0201 0303 0103 0404 0404 0404 0404 0101 0202 0202 0202 0404 0404 0101 0302 0201 0404 0202 0401 0303 0101 0303 0404 0303 0403 0101 0204 0303 0204 0401 0204 0101 0303 0101 0103 0304 0303 
119 , 0404 0103 0101 0102 0201 0404 0201 0303 0202 0404 0201 0203 0404 0404 0101 0303 0101 0101 0204 0303 0402 0404 0202 0101 0101 0404 0101 0202 0202 0101 0202 0404 0101 0101 0202 0202 0203 0403 0304 0101 0201 0103 0101 0102 0303 0101 0404 0402 0404 0101 0101 0303 0202 0202 0304 0404 0201 0202 0201 0404 0202 0104 0303 0101 0303 0404 0302 0403 0102 0402 0203 0202 0401 0204 0101 0303 0101 0301 0304 0303 
120 , 0404 0303 0101 0102 0201 0404 0201 0303 0203 0404 0101 0303 0404 0404 0101 0304 0101 0101 0202 0303 0204 0204 0202 0101 0101 0401 0102 0202 0202 0103 0202 0204 0101 0101 0202 0202 0203 0403 0404 0401 0101 0101 0101 0101 0303 0101 0204 0404 0404 0104 0303 0302 0202 0202 0404 0204 0101 0203 0101 0104 0201 0104 0303 0101 0103 0404 0303 0303 0101 0202 0202 0202 0401 0404 0101 0303 0101 0101 0303 0303 
121 , 0404 0101 0101 0101 0202 0404 0102 0303 0302 0202 0101 0303 0403 0404 0103 0303 0103 0101 0202 0303 0202 0404 0202 0101 0101 0401 0201 0201 0202 0101 0202 0204 0101 0101 0202 0202 0303 0403 0303 0104 0101 0103 0102 0201 0303 0303 0204 0404 0303 0404 0103 0202 0302 0202 0404 0402 0202 0203 0202 0404 0201 0104 0103 0101 0103 0404 0303 0303 0201 0404 0202 0202 0404 0404 0101 0303 0101 0303 0403 0302 
122 , 0404 0303 0101 0102 0102 0404 0201 0303 0203 0402 0101 0303 0303 0404 0101 0303 0301 0101 0202 0403 0402 0404 0202 0101 0101 0401 0101 0202 0202 0103 0302 0204 0101 0101 0202 0202 0303 0304 0303 0101 0101 0103 0101 0102 0303 0101 0404 0204 0304 0101 0103 0303 0302 0202 0404 0204 0202 0302 0202 0401 0201 0101 0103 0401 0303 0404 0303 0304 0101 0202 0202 0202 0401 0404 0101 0101 0401 0303 0304 0303 
123 , 0404 0303 0103 0201 0202 0404 0201 0303 0202 0404 0202 0303 0303 0304 0101 0403 0101 0103 0202 0403 0202 0204 0202 0101 0301 0404 0101 0202 0202 0301 0202 0404 0101 0101 0202 0202 0303 0403 0304 0101 0101 0101 0102 0101 0303 0103 0402 0404 0404 0104 0301 0203 0202 0202 0404 0402 0101 0203 0202 0404 0102 0101 0303 0104 0101 0404 0303 0404 0101 0402 0203 0204 0404 0202 0101 0301 0101 0103 0403 0303 
124 , 0404 0301 0103 0102 0201 0404 0102 0303 0303 0402 0101 0303 0303 0404 0101 0303 0101 0101 0402 0403 0204 0404 0202 0101 0101 0404 0201 0201 0202 0301 0202 0204 0101 0101 0202 0202 0303 0403 0403 0101 0101 0301 0102 0101 0304 0101 0404 0404 0403 0401 0301 0302 0202 0202 0404 0204 0102 0202 0101 0404 0202 0101 0103 0101 0301 0404 0203 0403 0102 0402 0202 0402 0404 0204 0104 0301 0101 0303 0404 0303 
125 , 0403 0303 0101 0202 0202 0404 0101 0303 0203 0204 0101 0303 0404 0404 0101 0303 0101 0101 0202 0403 0202 0204 0202 0101 0101 0404 0101 0202 0202 0301 0202 0402 0101 0101 0202 0202 0303 0304 0404 0104 0102 0101 0102 0101 0404 0103 0202 0404 0403 0104 0101 0202 0202 0201 0404 0404 0201 0302 0102 0404 0101 0101 0303 0401 0103 0202 0303 0303 0102 0204 0203 0204 0404 0204 0101 0303 0101 0303 0303 0303 
126 , 0404 0301 0303 0201 0201 0404 0101 0303 0302 0402 0101 0303 0303 0404 0101 0403 0301 0101 0204 0304 0202 0404 0202 0101 0101 0404 0101 0202 0202 0301 0202 0202 0101 0101 0202 0202 0302 0403 0403 0101 0101 0303 0101 0101 0303 0101 0402 0404 0404 0101 0103 0203 0203 0202 0403 0204 0102 0302 0202 0404 0201 0101 0303 0101 0303 0404 0303 0404 0201 0204 0203 0204 0401 0202 0101 0303 0101 0303 0303 0303 
127 , 0404 0301 0101 0202 0102 0404 0201 0303 0202 0404 0101 0303 0304 0404 0101 0304 0301 0101 0202 0403 0202 0204 0202 0101 0101 0401 0101 0202 0202 0101 0302 0402 0101 0101 0202 0202 0303 0404 0404 0104 0101 0103 0101 0101 0303 0101 0204 0204 0304 0101 0101 0302 0202 0202 0404 0204 0102 0203 0202 0404 0201 0401 0303 0101 0303 0404 0303 0304 0101 0204 0302 0402 0404 0402 0101 0303 0101 0303 0304 0303 
128 , 0304 0303 0301 0101 0202 0404 0102 0303 0302 0204 0101 0303 0304 0303 0101 0403 0301 0101 0202 0304 0402 0404 0202 0101 0303 0404 0101 0201 0202 0103 0302 0202 0102 0101 0202 0302 0303 0404 0403 0401 0201 0101 0101 0101 0403 0301 0204 0404 0404 0401 0101 0203 0202 0202 0403 0204 0202 0202 0102 0404 0102 0104 0303 0101 0101 0402 0303 0404 0202 0204 0202 0202 0104 0202 0101 0303 0101 0303 0304 0303 
129 , 0404 0301 0103 0101 0202 0404 0202 0304 0202 0404 0101 0302 0404 0404 0101 0304 0101 0101 0402 0403 0202 0202 0202 0101 0101 0404 0101 0202 0202 0303 0202 0402 0101 0101 0202 0202 0303 0404 0303 0101 0101 0101 0101 0101 0303 0103 0404 0402 0403 0401 0103 0202 0202 0202 0303 0404 0102 0202 0102 0404 0202 0101 0303 0401 0103 0404 0303 0304 0102 0204 0203 0202 0104 0204 0101 0303 0101 0103 0404 0303 
130 , 0404 0101 0103 0201 0102 0404 0202 0303 0203 0404 0101 0302 0404 0404 0101 0304 0301 0101 0202 0303 0202 0202 0202 0101 0101 0404 0101 0202 0202 0301 0302 0202 0101 0101 0202 0202 0303 0404 0403 0401 0101 0103 0101 0101 0303 0101 0402 0404 0404 0104 0101 0202 0202 0202 0404 0402 0101 0202 0202 0404 0202 0401 0103 0404 0303 0404 0303 0303 0101 0404 0203 0202 0401 0204 0101 0303 0101 0303 0303 0302 
131 , 0404 0301 0301 0202 0102 0404 0201 0303 0302 0404 0101 0303 0304 0304 0301 0403 0101 0303 0202 0304 0202 0402 0402 0101 0101 0401 0101 0201 0202 0101 0202 0402 0102 0101 0202 0302 0303 0404 0404 0101 0101 0303 0101 0101 0303 0101 0404 0404 0303 0404 0101 0202 0202 0202 0303 0202 0102 0202 0201 0404 0202 0401 0303 0101 0303 0204 0303 0303 0102 0404 0202 0204 0104 0204 0101 0303 0101 0303 0404 0303 
132 , 0404 0303 0101 0202 0202 0404 0202 0303 0302 0402 0101 0303 0404 0303 0101 0404 0101 0301 0202 0303 0202 0404 0202 0101 0101 0404 0101 0202 0202 0303 0202 0204 0101 0101 0202 0202 0303 0404 0403 0404 0101 0301 0101 0101 0303 0301 0204 0404 0304 0401 0101 0202 0202 0102 0404 0404 0102 0202 0101 0104 0101 0101 0303 0101 0303 0404 0303 0403 0201 0404 0302 0202 0401 0402 0101 0303 0104 0303 0403 0303 
133 , 0404 0101 0101 0201 0202 0404 0102 0403 0203 0404 0101 0303 0403 0404 0101 0303 0303 0101 0402 0303 0404 0202 0202 0101 0101 0404 0101 0202 0202 0101 0202 0204 0101 0101 0202 0202 0303 0304 0304 0101 0201 0101 0101 0101 0304 0101 0204 0404 0304 0104 0301 0302 0202 0202 0404 0202 0201 0202 0202 0404 0201 0401 0303 0104 0303 0404 0302 0403 0101 0404 0302 0202 0404 0402 0101 0303 0101 0303 0304 0303 
134 , 0404 0101 0101 0202 0102 0404 0202 0303 0203 0404 0101 0302 0404 0404 0101 0303 0301 0101 0202 0303 0202 0404 0202 0101 0101 0404 0101 0202 0202 0301 0202 0202 0101 0101 0202 0202 0303 0404 0404 0104 0101 0303 0101 0101 0304 0103 0402 0404 0303 0104 0101 0202 0202 0201 0404 0204 0102 0302 0202 0404 0201 0401 0303 0101 0303 0402 0303 0303 0102 0204 0202 0204 0104 0204 0101 0303 0101 0303 0303 0303 
135 , 0403 0303 0101 0101 0202 0404 0101 0303 0302 0404 0101 0303 0304 0304 0101 0303 0101 0101 0402 0303 0202 0402 0202 0101 0101 0401 0102 0201 0202 0101 0202 0202 0101 0101 0202 0302 0303 0404 0303 0104 0101 0301 0101 0101 0303 0101 0204 0204 0303 0104 0101 0202 0302 0202 0404 0404 0202 0203 0201 0404 0202 0101 0303 0101 0103 0404 0303 0303 0102 0204 0202 0204 0404 0404 0101 0303 0101 0103 0303 0303 
136 , 0404 0301 0101 0101 0202 0404 0201 0303 0302 0202 0101 0303 0403 0404 0101 0303 0301 0101 0202 0303 0202 0202 0202 0101 0101 0404 0102 0202 0202 0101 0202 0204 0101 0101 0202 0202 0302 0404 0303 0101 0101 0303 0201 0102 0303 0301 0404 0404 0303 0104 0303 0202 0202 0202 0404 0404 0101 0202 0202 0404 0101 0101 0303 0101 0301 0404 0302 0303 0101 0404 0302 0202 0104 0402 0101 0303 0101 0303 0303 0203 
137 , 0404 0103 0301 0202 0202 0404 0102 0303 0302 0402 0101 0302 0404 0404 0301 0304 0103 0103 0202 0303 0202 0404 0204 0101 0101 0404 0101 0202 0202 0103 0202 0402 0101 0301 0202 0202 0303 0404 0404 0104 0101 0301 0101 0101 0303 0303 0404 0202 0303 0101 0301 0302 0202 0202 0404 0202 0202 0302 0201 0404 0102 0101 0303 0401 0303 0404 0303 0403 0101 0402 0302 0202 0404 0202 0101 0303 0101 0303 0304 0303 
138 , 0404 0103 0103 0202 0102 0404 0202 0403 0302 0202 0101 0202 0404 0404 0101 0303 0101 0101 0202 0303 0202 0204 0202 0101 0101 0404 0102 0101 0202 0301 0202 0202 0101 0303 0201 0203 0303 0304 0303 0101 0101 0301 0101 0101 0303 0103 0204 0404 0404 0101 0101 0202 0202 0202 0404 0202 0101 0203 0201 0404 0202 0101 0303 0101 0103 0404 0302 0404 0101 0404 0202 0402 0104 0402 0101 0301 0104 0303 0403 0303 
139 , 0404 0101 0101 0202 0101 0404 0202 0303 0303 0402 0101 0203 0304 0404 0101 0303 0303 0101 0202 0303 0202 0402 0202 0101 0101 0401 0101 0202 0202 0301 0202 0402 0102 0103 0202 0202 0303 0404 0304 0104 0101 0301 0101 0201 0303 0103 0204 0404 0404 0404 0101 0202 0202 0202 0404 0404 0101 0302 0101 0404 0202 0101 0303 0101 0103 0404 0303 0303 0101 0202 0303 0202 0104 0402 0101 0303 0401 0303 0303 0303 
140 , 0404 0303 0103 0202 0102 0404 0202 0303 0203 0404 0101 0302 0404 0304 0301 0403 0101 0101 0204 0303 0404 0404 0402 0101 0101 0404 0101 0202 0202 0303 0202 0404 0101 0101 0202 0302 0303 0404 0404 0101 0101 0101 0102 0101 0303 0101 0404 0404 0304 0401 0101 0203 0202 0202 0304 0202 0102 0203 0201 0404 0202 0101 0303 0401 0303 0202 0303 0303 0101 0402 0202 0202 0101 0204 0101 0303 0101 0103 0403 0303 
141 , 0404 0103 0303 0202 0202 0404 0201 0303 0203 0404 0101 0203 0403 0304 0101 0303 0101 0101 0402 0404 0202 0202 0204 0101 0101 0404 0201 0202 0202 0303 0203 0202 0101 0101 0202 0202 0303 0404 0404 0101 0101 0301 0101 0102 0303 0301 0204 0204 0404 0101 0101 0202 0202 0202 0404 0204 0102 0202 0101 0404 0202 0101 0303 0101 0303 0404 0203 0303 0101 0402 0202 0202 0404 0404 0101 0303 0101 0303 0303 0303 
142 , 0304 0303 0101 0202 0201 0404 0102 0403 0302 0204 0101 0302 0404 0403 0301 0404 0101 0103 0202 0303 0202 0204 0204 0101 0101 0404 0101 0202 0202 0301 0202 0204 0101 0101 0202 0302 0203 0404 0404 0101 0101 0103 0101 0101 0303 0103 0404 0404 0304 0401 0103 0302 0302 0202 0403 0402 0202 0202 0201 0404 0202 0101 0303 0101 0301 0404 0203 0403 0101 0202 0202 0204 0404 0202 0101 0303 0101 0303 0403 0303 
143 , 0404 0101 0301 0202 0202 0404 0202 0303 0302 0204 0201 0303 0403 0403 0103 0404 0101 0101 0404 0303 0402 0402 0202 0101 0301 0404 0101 0202 0402 0101 0202 0204 0101 0101 0202 0202 0303 0404 0304 0101 0101 0303 0101 0101 0303 0101 0404 0404 0403 0101 0101 0302 0202 0102 0404 0204 0201 0202 0202 0404 0201 0101 0303 0101 0101 0404 0303 0303 0101 0402 0202 0202 0401 0204 0101 0301 0101 0303 0404 0303 
144 , 0304 0101 0303 0202 0201 0404 0102 0403 0303 0404 0101 0203 0304 0404 0103 0303 0101 0101 0404 0303 0204 0404 0202 0101 0101 0401 0101 0202 0202 0101 0202 0204 0101 0101 0202 0303 0303 0403 0403 0104 0101 0101 0102 0201 0304 0101 0404 0204 0304 0101 0101 0202 0202 0202 0404 0404 0202 0203 0101 0404 0101 0101 0303 0101 0301 0404 0303 0403 0102 0402 0203 0202 0104 0204 0104 0303 0101 0303 0304 0303 
145 , 0304 0103 0301 0102 0102 0404 0101 0403 0202 0404 0101 0203 0303 0404 0101 0304 0101 0101 0204 0303 0202 0404 0404 0101 0301 0404 0101 0102 0202 0101 0202 0404 0101 0101 0202 0203 0303 0404 0403 0101 0201 0103 0101 0101 0303 0101 0404 0402 0403 0101 0101 0202 0202 0202 0403 0204 0201 0202 0202 0404 0202 0101 0301 0101 0301 0402 0303 0403 0102 0404 0302 0202 0101 0404 0101 0303 0101 0303 0403 0303 
146 , 0404 0303 0101 0102 0201 0404 0102 0303 0203 0402 0102 0303 0304 0304 0103 0403 0101 0101 0402 0403 0404 0404 0202 0101 0101 0404 0101 0201 0202 0301 0202 0404 0101 0101 0202 0202 0303 0403 0303 0404 0101 0301 0102 0101 0303 0101 0204 0404 0303 0101 0101 0202 0202 0202 0404 0402 0101 0203 0201 0404 0201 0101 0303 0401 0301 0404 0303 0403 0102 0202 0302 0202 0401 0404 0101 0101 0101 0303 0404 0303 
147 , 0304 0101 0101 0202 0102 0204 0201 0403 0203 0204 0101 0302 0304 0404 0103 0304 0301 0101 0204 0403 0402 0404 0202 0101 0101 0404 0101 0201 0202 0101 0202 0204 0101 0101 0202 0202 0303 0304 0304 0401 0101 0103 0101 0101 0403 0101 0402 0204 0303 0101 0303 0202 0302 0202 0404 0204 0201 0303 0201 0404 0202 0101 0103 0101 0303 0404 0303 0303 0101 0204 0202 0202 0401 0402 0101 0303 0401 0303 0403 0303 
148 , 0404 0101 0103 0202 0101 0404 0101 0304 0202 0404 0101 0302 0403 0404 0103 0303 0101 0101 0402 0303 0402 0202 0402 0101 0101 0404 0101 0102 0202 0301 0202 0404 0101 0101 0202 0202 0303 0404 0404 0104 0101 0303 0101 0101 0303 0103 0204 0402 0404 0401 0303 0202 0202 0202 0403 0202 0102 0203 0202 0404 0102 0101 0301 0104 0101 0404 0203 0303 0101 0204 0202 0202 0404 0204 0101 0303 0101 0303 0403 0203 
149 , 0404 0301 0301 0102 0202 0404 0102 0403 0302 0402 0101 0202 0404 0404 0101 0404 0101 0101 0204 0303 0202 0404 0202 0101 0101 0404 0101 0202 0202 0103 0202 0202 0101 0101 0202 0202 0303 0303 0304 0401 0102 0101 0101 0201 0303 0103 0204 0204 0304 0101 0301 0202 0202 0202 0403 0404 0101 0203 0102 0404 0102 0101 0303 0101 0303 0404 0303 0303 0101 0402 0303 0202 0401 0402 0101 0303 0104 0303 0303 0203 
150 , 0404 0301 0303 0202 0201 0404 0201 0303 0303 0204 0201 0203 0403 0404 0101 0304 0101 0101 0402 0304 0202 0202 0202 0101 0101 0401 0101 0202 0202 0101 0202 0202 0201 0101 0201 0202 0303 0304 0403 0101 0101 0303 0101 0101 0303 0101 0404 0404 0404 0401 0101 0302 0303 0202 0404 0402 0201 0202 0202 0404 0202 0101 0301 0101 0301 0404 0303 0403 0202 0204 0202 0204 0104 0404 0101 0303 0101 0303 0303 0303 
151 , 0404 0103 0301 0101 0202 0404 0201 0303 0202 0402 0201 0203 0404 0404 0101 0404 0101 0103 0202 0403 0202 0404 0204 0104 0101 0404 0102 0201 0202 0301 0202 0404 0101 0301 0202 0202 0203 0404 0304 0101 0201 0103 0101 0101 0303 0101 0402 0404 0403 0104 0103 0302 0202 0202 0304 0204 0101 0303 0202 0404 0202 0104 0301 0101 0301 0402 0303 0403 0102 0404 0202 0202 0401 0204 0401 0303 0101 0303 0303 0303 
152 , 0403 0301 0103 0202 0202 0404 0202 0303 0303 0204 0101 0302 0404 0404 0101 0403 0101 0101 0402 0304 0202 0204 0202 0101 0101 0404 0101 0202 0202 0303 0202 0202 0101 0101 0202 0302 0303 0404 0303 0401 0201 0301 0102 0101 0303 0101 0402 0404 0404 0101 0101 0203 0202 0202 0404 0404 0101 0202 0201 0404 0201 0101 0303 0401 0303 0404 0303 0304 0101 0402 0202 0202 0101 0402 0101 0303 0101 0303 0304 0302 
153 , 0304 0303 0301 0201 0202 0404 0201 0303 0202 0404 0101 0203 0403 0404 0101 0304 0101 0101 0204 0404 0202 0204 0204 0101 0101 0404 0101 0202 0202 0301 0202 0202 0101 0101 0202 0203 0303 0404 0404 0101 0201 0301 0201 0102 0403 0301 0402 0402 0404 0101 0101 0202 0202 0202 0403 0204 0101 0202 0202 0404 0202 0101 0301 0101 0301 0404 0203 0404 0101 0402 0202 0202 0401 0204 0101 0303 0104 0303 0303 0303 
154 , 0404 0303 0303 0102 0102 0404 0202 0303 0203 0402 0101 0202 0404 0404 0101 0403 0103 0101 0202 0304 0204 0204 0202 0104 0301 0401 0101 0202 0202 0303 0202 0202 0101 0101 0201 0202 0303 0403 0404 0104 0102 0301 0102 0101 0303 0101 0402 0404 0403 0101 0303 0202 0202 0202 0404 0204 0101 0303 0101 0404 0202 0101 0303 0101 0301 0402 0303 0403 0101 0402 0202 0202 0404 0202 0101 0303 0101 0303 0403 0303 
155 , 0404 0303 0103 0201 0102 0404 0202 0303 0303 0204 0101 0202 0404 0404 0101 0304 0301 0101 0202 0403 0204 0202 0202 0101 0101 0404 0101 0202 0202 0103 0202 0404 0101 0101 0202 0202 0203 0404 0403 0101 0101 0101 0101 0102 0303 0101 0402 0404 0404 0101 0101 0303 0202 0202 0403 0402 0101 0203 0201 0404 0201 0404 0301 0104 0303 0404 0303 0303 0102 0404 0303 0204 0404 0404 0101 0303 0101 0303 0304 0303 
156 , 0403 0303 0101 0202 0202 0404 0202 0404 0202 0402 0101 0203 0403 0404 0101 0403 0101 0101 0202 0303 0202 0202 0204 0101 0301 0401 0101 0202 0202 0101 0202 0202 0101 0101 0202 0203 0303 0404 0404 0104 0101 0303 0101 0101 0303 0101 0402 0404 0303 0104 0303 0203 0202 0202 0404 0404 0201 0202 0202 0404 0101 0101 0103 0101 0103 0404 0303 0303 0201 0202 0202 0202 0401 0204 0101 0303 0401 0103 0304 0302 
157 , 0304 0301 0303 0201 0202 0404 0202 0303 0202 0404 0101 0202 0403 0404 0101 0304 0101 0103 0202 0303 0202 0202 0202 0101 0101 0404 0201 0202 0202 0103 0202 0202 0101 0101 0202 0202 0303 0404 0403 0101 0201 0101 0202 0201 0403 0103 0204 0402 0303 0401 0303 0202 0202 0202 0403 0204 0101 0202 0102 0404 0202 0401 0303 0101 0303 0404 0203 0304 0102 0204 0203 0202 0401 0204 0101 0303 0101 0303 0303 0303 
158 , 0404 0301 0101 0202 0102 0404 0202 0303 0202 0204 0102 0203 0303 0303 0303 0304 0101 0101 0404 0304 0202 0402 0202 0101 0101 0404 0101 0202 0202 0301 0202 0404 0101 0101 0202 0202 0303 0404 0304 0101 0201 0303 0101 0101 0303 0101 0404 0204 0403 0401 0303 0302 0202 0202 0404 0404 0101 0202 0201 0404 0201 0101 0303 0101 0301 0404 0203 0303 0101 0204 0202 0202 0401 0402 0101 0303 0101 0303 0403 0303 
159 , 0404 0301 0101 0101 0201 0404 0101 0303 0202 0404 0102 0303 0403 0404 0301 0304 0101 0101 0204 0304 0202 0204 0204 0101 0103 0401 0101 0202 0202 0101 0202 0204 0101 0101 0202 0303 0303 0404 0303 0101 0101 0101 0101 0102 0303 0101 0402 0402 0403 0401 0301 0202 0202 0202 0403 0204 0101 0202 0102 0404 0202 0101 0301 0101 0301 0404 0203 0403 0202 0202 0202 0202 0401 0204 0101 0303 0104 0303 0303 0303 
160 , 0404 0303 0103 0102 0102 0404 0202 0303 0303 0404 0101 0302 0403 0404 0101 0303 0101 0101 0202 0403 0404 0204 0402 0101 0101 0404 0101 0202 0202 0303 0202 0204 0101 0101 0202 0202 0303 0403 0304 0104 0101 0103 0101 0201 0303 0101 0404 0204 0404 0401 0101 0302 0202 0202 0404 0402 0102 0202 0201 0404 0202 0101 0303 0101 0303 0404 0203 0304 0201 0202 0202 0202 0401 0204 0101 0303 0101 0303 0303 0303 
161 , 0404 0101 0101 0202 0102 0404 0202 0303 0202 0204 0102 0303 0403 0403 0101 0404 0101 0303 0204 0303 0202 0404 0402 0101 0101 0104 0101 0202 0202 0101 0202 0404 0101 0101 0202 0302 0303 0404 0304 0101 0101 0103 0101 0101 0303 0101 0204 0204 0303 0101 0303 0302 0202 0202 0404 0204 0101 0202 0101 0404 0201 0101 0303 0101 0103 0404 0303 0303 0101 0204 0202 0202 0401 0404 0101 0303 0101 0303 0304 0303 
162 , 0404 0303 0301 0101 0201 0404 0102 0303 0202 0404 0101 0203 0403 0404 0301 0404 0101 0101 0202 0303 0202 0202 0202 0104 0101 0404 0101 0202 0202 0303 0202 0202 0101 0301 0202 0202 0303 0304 0404 0401 0101 0103 0101 0101 0303 0103 0404 0404 0404 0401 0101 0202 0202 0202 0404 0402 0101 0202 0101 0404 0201 0101 0301 0401 0303 0404 0303 0404 0101 0404 0302 0202 0401 0202 0101 0303 0101 0303 0404 0203 
163 , 0404 0303 0301 0202 0101 0404 0102 0403 0202 0404 0101 0303 0304 0403 0103 0303 0101 0103 0204 0303 0202 0404 0202 0101 0301 0404 0101 0202 0202 0101 0202 0204 0101 0101 0202 0202 0303 0404 0404 0401 0101 0103 0101 0101 0303 0101 0204 0404 0403 0104 0103 0203 0202 0202 0404 0402 0201 0302 0102 0404 0201 0101 0303 0101 0103 0404 0203 0303 0201 0204 0302 0404 0404 0202 0101 0303 0101 0303 0403 0303 
164 , 0403 0301 0103 0202 0102 0404 0201 0303 0203 0402 0101 0202 0404 0404 0101 0303 0103 0101 0202 0304 0202 0204 0204 0101 0103 0101 0102 0202 0202 0303 0202 0202 0101 0101 0202 0302 0203 0304 0304 0404 0101 0301 0202 0101 0303 0103 0404 0404 0403 0104 0101 0203 0202 0202 0404 0202 0101 0202 0102 0404 0202 0101 0303 0401 0301 0404 0303 0303 0101 0404 0202 0204 0404 0402 0101 0303 0101 0303 0404 0303 
165 , 0404 0101 0101 0201 0102 0404 0201 0303 0303 0204 0101 0303 0404 0404 0301 0304 0101 0101 0202 0403 0402 0402 0202 0101 0101 0404 0101 0202 0202 0101 0202 0202 0101 0101 0202 0202 0303 0404 0403 0101 0102 0301 0101 0101 0303 0303 0402 0404 0404 0104 0101 0202 0202 0202 0404 0204 0101 0203 0201 0404 0202 0101 0303 0104 0103 0404 0303 0403 0101 0404 0303 0202 0104 0404 0101 0303 0101 0301 0403 0303 
166 , 0404 0103 0301 0101 0102 0404 0201 0303 0303 0404 0101 0203 0403 0403 0101 0304 0101 0101 0404 0404 0204 0204 0202 0101 0101 0404 0201 0201 0202 0103 0202 0202 0101 0101 0202 0202 0303 0403 0403 0101 0101 0301 0101 0101 0303 0101 0202 0204 0403 0104 0101 0302 0302 0202 0404 0202 0102 0202 0102 0404 0202 0101 0103 0401 0103 0404 0202 0304 0101 0404 0202 0202 0404 0404 0101 0303 0401 0301 0303 0303 
167 , 0404 0303 0101 0102 0101 0404 0102 0303 0302 0404 0101 0302 0404 0403 0101 0403 0103 0101 0202 0403 0204 0404 0404 0101 0101 0404 0101 0202 0202 0303 0202 0202 0101 0101 0202 0202 0303 0404 0304 0104 0101 0103 0101 0101 0303 0103 0404 0404 0303 0401 0101 0302 0202 0202 0404 0402 0102 0202 0101 0404 0202 0101 0103 0101 0301 0404 0203 0303 0201 0204 0202 0402 0404 0402 0101 0303 0101 0303 0303 0303 
168 , 0404 0103 0303 0201 0202 0404 0201 0303 0302 0204 0101 0303 0304 0403 0103 0303 0101 0101 0204 0404 0202 0402 0202 0101 0301 0404 0101 0202 0204 0303 0202 0402 0101 0101 0202 0203 0303 0404 0403 0101 0101 0101 0101 0101 0303 0101 0404 0202 0404 0104 0301 0202 0203 0202 0304 0204 0101 0203 0202 0404 0202 0401 0303 0101 0301 0404 0303 0303 0201 0204 0202 0202 0404 0404 0101 0303 0101 0303 0303 0303 
169 , 0404 0103 0301 0102 0202 0404 0202 0303 0202 0404 0101 0203 0403 0404 0101 0404 0101 0101 0202 0303 0402 0404 0404 0101 0101 0404 0101 0202 0202 0103 0202 0402 0101 0301 0202 0202 0203 0404 0404 0104 0202 0103 0101 0102 0303 0101 0202 0404 0403 0101 0101 0202 0202 0202 0304 0402 0201 0202 0202 0401 0201 0101 0303 0101 0303 0404 0302 0403 0101 0402 0202 0202 0101 0202 0101 0303 0101 0303 0304 0302 
170 , 0403 0303 0101 0202 0102 0404 0201 0303 0203 0204 0101 0202 0304 0404 0301 0303 0101 0301 0202 0303 0202 0402 0202 0101 0101 0404 0102 0102 0202 0301 0202 0402 0102 0101 0202 0202 0203 0404 0304 0101 0102 0303 0102 0101 0304 0103 0202 0204 0403 0404 0303 0302 0202 0201 0404 0204 0102 0202 0202 0404 0101 0101 0303 0101 0303 0404 0303 0303 0102 0404 0203 0204 0404 0204 0101 0303 0101 0303 0303 0303 
171 , 0403 0103 0101 0101 0202 0404 0101 0303 0203 0404 0101 0203 0404 0403 0101 0304 0301 0101 0202 0403 0204 0404 0202 0101 0101 0404 0101 0202 0202 0103 0302 0402 0101 0101 0202 0203 0303 0403 0404 0101 0101 0101 0101 0101 0303 0101 0404 0204 0303 0104 0101 0302 0202 0202 0404 0202 0202 0302 0101 0404 0202 0101 0303 0101 0301 0404 0302 0303 0101 0204 0203 0202 0404 0404 0101 0303 0101 0301 0303 0303 
172 , 0304 0303 0303 0102 0202 0204 0101 0303 0202 0404 0101 0303 0403 0404 0101 0303 0101 0101 0202 0403 0204 0204 0204 0101 0101 0401 0101 0202 0202 0303 0202 0202 0101 0101 0202 0202 0303 0404 0404 0101 0101 0101 0201 0102 0303 0103 0402 0404 0404 0404 0103 0203 0202 0202 0304 0204 0202 0202 0202 0401 0202 0104 0303 0401 0101 0404 0303 0404 0201 0202 0202 0202 0404 0204 0101 0303 0101 0101 0404 0303 
173 , 0304 0303 0101 0102 0202 0404 0101 0404 0302 0404 0101 0303 0403 0404 0101 0404 0101 0101 0202 0303 0204 0402 0202 0101 0101 0404 0101 0202 0202 0101 0202 0202 0101 0101 0102 0202 0303 0404 0304 0101 0101 0301 0101 0101 0303 0101 0404 0404 0304 0101 0301 0203 0202 0202 0404 0402 0101 0302 0201 0404 0102 0101 0303 0101 0303 0404 0303 0403 0101 0202 0303 0402 0404 0404 0101 0303 0101 0303 0303 0303 
174 , 0303 0303 0101 0202 0202 0404 0201 0303 0202 0404 0102 0303 0404 0404 0101 0404 0301 0303 0204 0403 0204 0404 0202 0101 0101 0404 0101 0202 0204 0301 0202 0202 0201 0101 0201 0202 0303 0403 0303 0401 0101 0303 0101 0101 0303 0103 0404 0404 0403 0104 0301 0203 0202 0202 0404 0404 0101 0302 0102 0404 0202 0101 0303 0101 0303 0402 0303 0303 0202 0402 0202 0202 0404 0404 0101 0303 0401 0303 0303 0303 
175 , 0404 0103 0103 0202 0201 0404 0201 0303 0302 0402 0101 0302 0304 0404 0101 0404 0101 0101 0202 0403 0204 0402 0202 0101 0101 0404 0101 0202 0202 0301 0202 0204 0101 0101 0202 0202 0302 0404 0404 0101 0101 0303 0101 0201 0303 0101 0404 0404 0304 0401 0301 0202 0202 0202 0403 0204 0102 0302 0201 0404 0202 0101 0303 0104 0301 0204 0303 0403 0102 0202 0303 0202 0404 0402 0101 0303 0101 0303 0304 0303 
176 , 0404 0103 0303 0201 0201 0404 0102 0303 0203 0404 0101 0202 0404 0404 0101 0304 0101 0101 0402 0303 0202 0204 0202 0101 0101 0404 0101 0202 0202 0101 0202 0202 0101 0101 0202 0202 0303 0404 0404 0101 0101 0303 0101 0101 0303 0101 0402 0204 0404 0104 0101 0202 0302 0202 0404 0204 0102 0202 0102 0404 0202 0101 0103 0404 0103 0404 0203 0403 0101 0404 0303 0202 0404 0404 0101 0303 0101 0301 0303 0302 
177 , 0404 0301 0301 0102 0201 0404 0102 0303 0302 0402 0101 0303 0404 0403 0103 0304 0101 0101 0204 0303 0202 0402 0202 0101 0101 0404 0101 0202 0202 0101 0202 0204 0101 0101 0201 0202 0203 0404 0404 0401 0201 0301 0101 0101 0303 0101 0202 0404 0403 0104 0303 0303 0202 0202 0304 0402 0101 0202 0102 0404 0201 0101 0303 0101 0103 0404 0303 0403 0101 0202 0202 0204 0404 0402 0101 0303 0104 0103 0403 0303 
178 , 0304 0303 0103 0201 0102 0404 0102 0303 0302 0404 0101 0302 0404 0403 0101 0403 0101 0101 0402 0403 0202 0204 0202 0401 0103 0101 0101 0202 0202 0303 0202 0204 0101 0101 0102 0202 0203 0403 0404 0104 0101 0301 0102 0101 0303 0103 0402 0404 0403 0101 0101 0203 0202 0202 0404 0204 0201 0202 0201 0404 0102 0101 0303 0104 0303 0404 0202 0303 0101 0204 0303 0402 0101 0402 0101 0303 0101 0303 0403 0303 
179 , 0403 0103 0303 0201 0202 0404 0201 0303 0203 0402 0201 0302 0304 0403 0101 0303 0101 0301 0202 0403 0202 0202 0202 0401 0101 0404 0101 0202 0202 0303 0202 0402 0101 0101 0202 0202 0303 0303 0303 0101 0101 0103 0101 0201 0303 0101 0402 0404 0404 0104 0101 0202 0202 0201 0404 0404 0101 0302 0201 0104 0202 0101 0303 0101 0301 0204 0303 0404 0202 0204 0202 0202 0404 0204 0101 0303 0101 0303 0304 0303 
180 , 0404 0103 0101 0201 0101 0404 0102 0303 0302 0204 0101 0303 0403 0403 0101 0304 0101 0103 0204 0304 0202 0404 0202 0101 0101 0404 0101 0202 0202 0101 0202 0202 0101 0101 0202 0203 0303 0404 0404 0101 0201 0101 0101 0102 0303 0301 0202 0402 0404 0101 0101 0202 0202 0202 0304 0204 0101 0202 0102 0404 0202 0101 0303 0101 0301 0404 0303 0403 0102 0202 0302 0202 0401 0204 0101 0303 0101 0301 0303 0303 
181 , 0404 0103 0101 0202 0202 0404 0102 0303 0303 0402 0102 0303 0403 0304 0103 0303 0101 0103 0202 0303 0202 0404 0204 0101 0101 0404 0101 0202 0202 0103 0202 0204 0101 0103 0202 0203 0303 0404 0304 0101 0101 0101 0102 0102 0303 0303 0402 0404 0303 0101 0103 0203 0202 0202 0404 0402 0202 0302 0202 0401 0202 0101 0103 0101 0103 0402 0303 0303 0101 0402 0202 0204 0401 0402 0101 0303 0101 0301 0303 0303 
182 , 0404 0301 0103 0101 0102 0404 0102 0303 0302 0404 0102 0202 0403 0304 0301 0304 0101 0303 0202 0303 0204 0202 0202 0101 0101 0404 0101 0202 0202 0103 0302 0202 0101 0301 0202 0202 0303 0404 0404 0101 0101 0301 0102 0101 0303 0301 0204 0204 0403 0101 0101 0202 0202 0202 0403 0404 0101 0203 0202 0404 0202 0101 0303 0101 0303 0404 0303 0303 0201 0404 0203 0202 0104 0404 0101 0303 0101 0303 0303 0303 
183 , 0404 0303 0101 0102 0202 0404 0101 0303 0203 0404 0101 0303 0304 0404 0101 0404 0101 0101 0202 0303 0202 0204 0202 0101 0101 0401 0101 0202 0202 0101 0202 0402 0101 0101 0202 0202 0303 0404 0403 0101 0101 0103 0101 0101 0303 0301 0404 0404 0404 0101 0101 0302 0203 0202 0404 0404 0202 0302 0201 0404 0201 0101 0303 0101 0303 0404 0303 0404 0101 0204 0202 0202 0404 0404 0101 0303 0101 0303 0404 0303 
184 , 0404 0303 0101 0102 0202 0404 0102 0303 0203 0402 0101 0203 0404 0404 0101 0403 0301 0101 0204 0303 0202 0404 0402 0101 0101 0404 0101 0202 0202 0301 0202 0202 0101 0103 0202 0202 0303 0304 0404 0101 0101 0303 0101 0101 0303 0103 0404 0404 0304 0404 0101 0203 0202 0202 0403 0402 0102 0202 0102 0104 0202 0101 0303 0101 0301 0404 0303 0303 0201 0204 0202 0202 0401 0404 0101 0303 0101 0303 0303 0303 
185 , 0404 0101 0303 0102 0101 0404 0102 0303 0202 0204 0101 0302 0403 0404 0101 0303 0301 0303 0204 0303 0402 0402 0202 0101 0101 0404 0101 0202 0202 0103 0202 0402 0101 0101 0201 0202 0303 0404 0404 0101 0101 0103 0101 0101 0303 0301 0404 0202 0403 0101 0101 0202 0202 0202 0404 0202 0201 0202 0201 0404 0202 0101 0303 0101 0301 0402 0203 0303 0201 0204 0202 0204 0404 0202 0101 0303 0401 0303 0304 0302 
186 , 0404 0303 0101 0202 0202 0404 0101 0303 0203 0402 0101 0303 0304 0404 0101 0304 0101 0101 0202 0303 0202 0202 0202 0401 0101 0404 0101 0202 0202 0101 0203 0204 0101 0101 0202 0302 0303 0404 0303 0401 0101 0103 0101 0101 0303 0101 0404 0404 0404 0104 0301 0302 0203 0202 0304 0202 0101 0202 0202 0404 0102 0101 0303 0101 0303 0404 0303 0304 0202 0402 0202 0402 0404 0402 0101 0303 0101 0303 0304 0302 
187 , 0403 0303 0303 0202 0102 0404 0201 0403 0202 0204 0101 0303 0403 0404 0101 0403 0301 0101 0204 0303 0204 0204 0202 0101 0101 0404 0101 0102 0202 0103 0202 0202 0101 0101 0202 0202 0303 0404 0303 0104 0101 0103 0101 0101 0303 0301 0404 0402 0304 0104 0103 0303 0202 0202 0404 0202 0201 0303 0101 0404 0202 0101 0303 0101 0301 0404 0303 0303 0101 0204 0202 0204 0401 0404 0401 0303 0101 0303 0403 0302 
188 , 0404 0103 0301 0101 0202 0404 0202 0303 0302 0404 0102 0203 0403 0403 0103 0303 0101 0301 0202 0304 0402 0404 0202 0104 0101 0404 0101 0201 0202 0303 0202 0202 0202 0101 0202 0202 0303 0304 0403 0101 0101 0101 0101 0101 0303 0101 0204 0404 0404 0401 0103 0203 0203 0202 0404 0202 0102 0202 0201 0404 0202 0101 0303 0101 0301 0402 0303 0304 0102 0402 0303 0202 0404 0402 0101 0303 0101 0303 0304 0203 
189 , 0404 0301 0301 0202 0201 0404 0202 0303 0302 0202 0102 0303 0404 0404 0101 0403 0101 0101 0404 0303 0204 0404 0202 0101 0101 0404 0101 0101 0202 0101 0202 0204 0201 0101 0202 0203 0303 0303 0403 0101 0101 0101 0101 0101 0303 0301 0404 0404 0403 0101 0301 0202 0202 0202 0404 0404 0102 0203 0201 0404 0202 0101 0303 0101 0303 0404 0303 0303 0102 0202 0202 0202 0404 0204 0101 0301 0101 0303 0404 0303 
190 , 0404 0303 0301 0102 0202 0404 0202 0303 0202 0404 0201 0203 0303 0303 0101 0403 0103 0301 0402 0303 0202 0202 0202 0104 0101 0401 0101 0202 0202 0301 0203 0404 0101 0103 0202 0202 0303 0404 0304 0101 0101 0101 0101 0101 0403 0103 0404 0404 0404 0101 0301 0302 0202 0202 0404 0402 0101 0302 0201 0404 0101 0101 0303 0101 0103 0404 0302 0403 0101 0204 0302 0202 0401 0402 0101 0303 0101 0303 0404 0303 
191 , 0404 0303 0101 0102 0202 0404 0202 0304 0303 0404 0101 0203 0404 0404 0101 0404 0101 0101 0404 0403 0202 0404 0402 0101 0101 0404 0101 0202 0202 0103 0202 0404 0101 0101 0202 0202 0303 0303 0303 0401 0101 0301 0101 0202 0303 0101 0202 0204 0303 0101 0101 0203 0202 0202 0404 0404 0102 0202 0201 0404 0201 0104 0301 0104 0301 0404 0303 0303 0102 0404 0203 0404 0404 0402 0101 0303 0101 0303 0304 0203 
192 , 0404 0103 0303 0201 0101 0404 0102 0303 0302 0204 0101 0303 0404 0404 0101 0303 0103 0101 0404 0304 0202 0204 0202 0404 0101 0401 0101 0201 0202 0101 0203 0404 0102 0101 0101 0302 0303 0404 0403 0101 0101 0303 0102 0101 0303 0101 0404 0404 0404 0101 0303 0303 0202 0202 0403 0402 0102 0202 0201 0404 0202 0101 0303 0101 0303 0404 0302 0303 0201 0204 0302 0202 0404 0404 0101 0303 0401 0303 0404 0303 
193 , 0404 0303 0301 0102 0101 0402 0102 0303 0302 0404 0101 0303 0304 0404 0301 0403 0101 0101 0404 0403 0202 0404 0402 0101 0103 0404 0101 0202 0202 0303 0202 0204 0101 0101 0202 0202 0303 0404 0304 0101 0101 0103 0102 0101 0304 0101 0402 0404 0303 0401 0101 0302 0202 0202 0404 0404 0102 0202 0202 0404 0201 0101 0103 0101 0303 0404 0203 0303 0201 0404 0202 0202 0404 0404 0104 0303 0101 0301 0403 0303 
194 , 0404 0103 0301 0202 0102 0404 0102 0303 0302 0404 0101 0303 0304 0404 0301 0304 0303 0301 0202 0304 0202 0204 0202 0101 0103 0404 0101 0101 0402 0101 0202 0202 0101 0301 0202 0202 0303 0403 0404 0101 0101 0301 0102 0101 0303 0103 0204 0204 0403 0101 0303 0303 0202 0202 0404 0202 0202 0202 0202 0404 0202 0104 0303 0401 0303 0404 0303 0403 0102 0402 0302 0202 0404 0402 0104 0303 0101 0303 0304 0303 
195 , 0404 0303 0103 0202 0201 0404 0201 0303 0202 0204 0101 0302 0404 0404 0101 0403 0101 0103 0402 0303 0404 0202 0202 0101 0101 0404 0101 0202 0202 0301 0202 0204 0101 0101 0201 0302 0203 0404 0304 0401 0101 0103 0201 0102 0303 0101 0404 0402 0403 0101 0101 0203 0202 0202 0404 0402 0101 0202 0102 0404 0202 0101 0303 0401 0301 0404 0303 0304 0101 0404 0202 0202 0104 0402 0101 0303 0401 0303 0404 0303 
196 , 0403 0103 0103 0202 0201 0404 0101 0303 0202 0202 0101 0302 0404 0404 0101 0403 0101 0101 0202 0303 0202 0402 0202 0101 0101 0404 0101 0202 0202 0301 0202 0402 0101 0101 0202 0202 0303 0304 0403 0101 0101 0103 0201 0101 0403 0101 0204 0404 0403 0104 0103 0202 0202 0202 0404 0404 0101 0202 0101 0404 0101 0401 0303 0101 0303 0204 0302 0303 0102 0202 0203 0402 0404 0204 0101 0303 0101 0303 0303 0303 
197 , 0404 0101 0101 0102 0202 0404 0101 0303 0302 0204 0201 0303 0403 0404 0101 0404 0103 0101 0204 0303 0202 0402 0402 0101 0101 0404 0101 0202 0202 0103 0202 0402 0101 0101 0202 0202 0303 0404 0303 0101 0102 0301 0101 0101 0303 0101 0404 0204 0304 0104 0101 0202 0203 0202 0404 0202 0201 0202 0202 0401 0202 0101 0103 0101 0301 0204 0302 0303 0101 0204 0202 0204 0104 0404 0101 0303 0101 0303 0303 0303 
198 , 0404 0101 0103 0202 0102 0404 0201 0303 0202 0402 0101 0302 0404 0404 0101 0303 0303 0101 0202 0304 0202 0402 0202 0101 0101 0404 0101 0202 0202 0301 0202 0404 0101 0101 0202 0302 0302 0404 0403 0101 0101 0303 0101 0101 0303 0101 0402 0204 0304 0104 0103 0202 0202 0202 0404 0204 0101 0302 0202 0404 0202 0101 0303 0101 0301 0404 0303 0303 0101 0204 0202 0204 0104 0402 0101 0303 0101 0303 0403 0303 
199 , 0404 0101 0301 0201 0202 0404 0202 0403 0303 0204 0201 0303 0303 0404 0303 0404 0101 0103 0202 0303 0202 0204 0202 0101 0101 0404 0101 0102 0202 0101 0202 0402 0101 0101 0202 0302 0303 0404 0304 0101 0101 0103 0102 0202 0303 0301 0404 0404 0404 0101 0101 0202 0202 0202 0404 0404 0102 0202 0201 0404 0102 0104 0303 0104 0103 0404 0303 0303 0101 0204 0202 0202 0401 0202 0104 0303 0101 0303 0403 0303 
200 , 0403 0103 0101 0201 0101 0404 0102 0303 0303 0204 0101 0303 0404 0403 0101 0304 0103 0101 0404 0303 0202 0204 0402 0101 0101 0404 0101 0201 0202 0103 0202 0402 0101 0101 0101 0302 0303 0404 0304 0101 0101 0101 0201 0101 0303 0101 0404 0404 0304 0101 0301 0302 0202 0202 0303 0402 0101 0202 0201 0404 0202 0101 0303 0101 0303 0404 0303 0303 0102 0202 0302 0202 0404 0404 0401 0303 0104 0303 0403 0303 
