Auto-generated genotype output.
1
2
3
4
5
6
7
8
9
10
11
12
13
14
15
16
17
18
19
20
21
22
23
24
25
26
27
28
29
30
31
32
33
34
35
36
37
38
39
40
Pop
1 , 0404 0101 0103 0202 0102 0404 0102 0303 0302 0204 0101 0202 0303 0404 0101 0304 0101 0103 0202 0304 0202 0402 0404 0101 0101 0404 0101 0202 0202 0103 0202 0204 0102 0101 0202 0302 0303 0404 0303 0101 
2 , 0404 0303 0101 0102 0201 0404 0201 0403 0303 0202 0101 0303 0403 0404 0101 0404 0101 0101 0202 0303 0202 0404 0402 0101 0101 0404 0101 0202 0202 0303 0202 0204 0101 0301 0202 0202 0302 0404 0404 0404 
3 , 0404 0301 0301 0101 0202 0404 0202 0303 0302 0404 0101 0302 0404 0404 0101 0403 0101 0101 0204 0303 0202 0202 0202 0101 0101 0404 0101 0201 0202 0101 0202 0404 0101 0103 0202 0203 0303 0404 0304 0101 
4 , 0304 0303 0101 0202 0201 0404 0201 0403 0202 0202 0101 0302 0403 0304 0101 0403 0101 0101 0202 0303 0202 0202 0204 0101 0301 0404 0101 0201 0202 0103 0202 0202 0101 0101 0201 0202 0303 0404 0403 0101 
5 , 0403 0301 0303 0201 0202 0404 0102 0303 0303 0404 0101 0303 0404 0404 0301 0303 0101 0101 0202 0304 0402 0404 0202 0101 0101 0104 0101 0202 0202 0301 0202 0204 0101 0101 0202 0202 0303 0403 0304 0101 
6 , 0403 0301 0301 0102 0201 0404 0201 0303 0303 0204 0201 0303 0403 0403 0101 0303 0101 0101 0402 0303 0202 0204 0204 0101 0101 0404 0101 0202 0202 0301 0202 0404 0101 0103 0202 0202 0203 0304 0304 0101 
7 , 0304 0101 0301 0202 0202 0404 0201 0303 0303 0402 0101 0302 0403 0404 0301 0303 0103 0101 0202 0303 0202 0404 0202 0101 0101 0104 0102 0202 0202 0103 0202 0404 0101 0101 0201 0202 0303 0403 0304 0104 
8 , 0404 0101 0303 0102 0202 0404 0102 0403 0202 0404 0101 0303 0403 0304 0301 0304 0101 0301 0202 0304 0204 0404 0202 0101 0103 0401 0101 0202 0202 0101 0202 0402 0101 0101 0202 0202 0303 0403 0303 0104 
9 , 0404 0301 0103 0102 0202 0404 0201 0303 0203 0204 0101 0303 0304 0404 0103 0403 0101 0103 0204 0303 0202 0404 0204 0101 0101 0404 0101 0202 0202 0303 0202 0204 0101 0101 0201 0202 0302 0404 0403 0401 
10 , 0404 0103 0103 0202 0202 0404 0101 0303 0302 0404 0201 0303 0403 0404 0101 0304 0101 0101 0202 0404 0202 0404 0204 0101 0101 0404 0102 0201 0202 0301 0202 0202 0101 0301 0202 0202 0303 0404 0304 0101 
11 , 0403 0101 0303 0102 0202 0404 0202 0303 0202 0404 0101 0303 0404 0404 0101 0304 0101 0101 0202 0304 0202 0204 0204 0101 0101 0404 0101 0202 0204 0301 0202 0402 0101 0101 0202 0203 0303 0403 0304 0101 
12 , 0404 0303 0101 0201 0102 0404 0102 0403 0302 0404 0101 0302 0303 0403 0303 0403 0101 0101 0402 0304 0202 0204 0202 0101 0101 0404 0101 0202 0204 0301 0202 0404 0101 0301 0202 0202 0302 0403 0404 0101 
13 , 0404 0103 0303 0202 0202 0202 0101 0303 0302 0202 0101 0302 0404 0404 0101 0303 0101 0301 0204 0404 0204 0202 0202 0101 0101 0401 0201 0201 0202 0303 0203 0204 0101 0101 0202 0202 0303 0404 0403 0101 
14 , 0404 0103 0303 0102 0202 0404 0201 0403 0303 0204 0101 0303 0404 0403 0101 0404 0101 0301 0402 0403 0202 0404 0202 0101 0101 0404 0101 0202 0202 0301 0202 0402 0101 0101 0202 0202 0303 0404 0303 0101 
15 , 0404 0303 0303 0202 0102 0404 0102 0303 0202 0402 0101 0303 0304 0404 0101 0303 0101 0101 0202 0403 0204 0402 0202 0101 0103 0404 0101 0202 0202 0101 0202 0402 0101 0101 0202 0202 0303 0404 0404 0101 
16 , 0404 0103 0101 0202 0101 0404 0102 0303 0202 0202 0101 0302 0403 0404 0101 0304 0301 0101 0202 0303 0202 0204 0202 0101 0101 0401 0201 0102 0202 0303 0202 0202 0101 0101 0202 0203 0302 0404 0404 0101 
17 , 0304 0103 0103 0102 0202 0404 0102 0303 0303 0404 0101 0302 0404 0404 0101 0304 0101 0103 0402 0303 0202 0204 0202 0104 0303 0404 0101 0202 0202 0101 0202 0204 0101 0101 0201 0202 0303 0404 0403 0401 
18 , 0403 0103 0101 0202 0202 0404 0201 0403 0302 0202 0101 0203 0403 0404 0301 0404 0101 0301 0404 0404 0202 0404 0402 0101 0101 0404 0102 0102 0202 0101 0202 0204 0102 0101 0102 0202 0303 0404 0304 0101 
19 , 0404 0101 0103 0102 0102 0404 0202 0403 0202 0404 0101 0203 0304 0404 0101 0403 0101 0101 0202 0304 0202 0404 0202 0401 0101 0404 0102 0202 0402 0101 0202 0402 0202 0101 0202 0202 0303 0404 0303 0101 
20 , 0404 0101 0101 0202 0201 0404 0101 0304 0302 0402 0101 0303 0303 0404 0101 0303 0103 0303 0202 0304 0202 0404 0202 0101 0101 0104 0101 0201 0202 0301 0202 0202 0101 0101 0202 0202 0303 0304 0403 0104 
21 , 0403 0301 0301 0202 0202 0404 0102 0303 0202 0402 0101 0202 0403 0403 0303 0404 0101 0301 0204 0403 0402 0402 0202 0101 0101 0104 0102 0201 0202 0303 0202 0204 0102 0101 0102 0203 0303 0304 0404 0101 
22 , 0404 0101 0103 0202 0202 0404 0201 0403 0202 0202 0201 0202 0404 0404 0103 0404 0301 0101 0404 0303 0402 0204 0204 0101 0101 0404 0101 0202 0202 0303 0202 0402 0101 0101 0202 0202 0203 0404 0304 0101 
23 , 0404 0301 0101 0201 0102 0404 0101 0403 0302 0204 0101 0302 0303 0404 0301 0303 0101 0101 0204 0303 0402 0402 0202 0101 0101 0404 0101 0201 0202 0101 0302 0204 0102 0103 0202 0202 0303 0404 0304 0101 
24 , 0404 0301 0101 0202 0101 0404 0202 0303 0303 0204 0101 0303 0404 0404 0103 0304 0101 0101 0202 0304 0202 0404 0202 0101 0101 0404 0101 0102 0202 0101 0202 0402 0101 0101 0202 0202 0303 0404 0404 0101 
25 , 0404 0303 0101 0102 0202 0404 0201 0303 0303 0404 0101 0202 0404 0304 0101 0303 0301 0101 0204 0303 0202 0402 0202 0101 0101 0404 0101 0202 0202 0103 0202 0402 0101 0301 0202 0202 0303 0404 0403 0101 
26 , 0404 0301 0101 0102 0202 0404 0202 0303 0303 0404 0101 0302 0404 0404 0101 0404 0101 0301 0202 0303 0204 0402 0402 0101 0101 0404 0101 0202 0202 0101 0203 0402 0101 0101 0202 0302 0303 0404 0304 0101 
27 , 0403 0101 0101 0102 0202 0404 0202 0303 0202 0204 0201 0303 0403 0404 0103 0404 0103 0101 0404 0304 0202 0404 0202 0101 0101 0404 0101 0202 0202 0301 0202 0402 0101 0101 0202 0202 0303 0304 0403 0401 
28 , 0303 0301 0101 0202 0201 0404 0201 0303 0303 0404 0101 0302 0404 0404 0101 0303 0301 0301 0202 0303 0202 0404 0204 0101 0301 0104 0101 0201 0202 0101 0202 0202 0201 0101 0202 0202 0303 0404 0304 0101 
29 , 0404 0103 0103 0102 0201 0404 0102 0303 0203 0204 0101 0302 0303 0304 0101 0304 0101 0101 0202 0403 0202 0404 0202 0101 0303 0404 0101 0202 0202 0101 0202 0404 0101 0101 0201 0202 0203 0404 0403 0101 
30 , 0404 0303 0101 0202 0202 0404 0201 0303 0302 0404 0101 0303 0403 0304 0101 0304 0101 0101 0202 0304 0202 0404 0202 0101 0103 0401 0101 0202 0202 0301 0202 0202 0101 0101 0202 0202 0303 0404 0404 0101 
31 , 0404 0101 0303 0202 0101 0404 0201 0303 0202 0402 0101 0303 0404 0404 0103 0404 0101 0301 0202 0403 0204 0402 0204 0101 0101 0401 0101 0202 0202 0103 0202 0402 0102 0101 0202 0302 0303 0404 0303 0401 
32 , 0404 0303 0101 0102 0102 0404 0201 0303 0203 0402 0101 0303 0403 0404 0101 0304 0101 0301 0202 0304 0202 0204 0202 0101 0101 0404 0101 0201 0202 0101 0202 0404 0101 0101 0202 0202 0302 0404 0304 0101 
33 , 0404 0301 0101 0202 0201 0404 0101 0303 0203 0204 0101 0303 0403 0303 0103 0304 0301 0301 0202 0303 0202 0404 0402 0101 0101 0404 0201 0202 0202 0303 0202 0202 0101 0101 0202 0202 0303 0404 0404 0404 
34 , 0403 0303 0301 0202 0202 0404 0202 0303 0302 0402 0101 0303 0304 0404 0101 0303 0103 0101 0202 0304 0202 0402 0202 0401 0101 0104 0102 0202 0204 0101 0202 0402 0102 0101 0102 0202 0203 0403 0304 0101 
35 , 0404 0101 0103 0202 0202 0404 0202 0303 0203 0404 0102 0303 0403 0304 0101 0403 0301 0101 0402 0303 0202 0402 0202 0101 0101 0404 0101 0202 0202 0303 0202 0202 0101 0301 0202 0202 0303 0304 0404 0401 
36 , 0404 0103 0303 0102 0202 0404 0201 0403 0202 0202 0101 0202 0404 0304 0101 0403 0301 0103 0402 0303 0204 0404 0202 0101 0101 0404 0101 0202 0202 0303 0202 0202 0101 0101 0202 0202 0303 0304 0403 0101 
37 , 0404 0303 0103 0201 0102 0404 0102 0303 0303 0404 0201 0302 0404 0404 0303 0304 0101 0103 0202 0303 0202 0404 0202 0104 0101 0404 0101 0202 0202 0101 0202 0404 0101 0101 0201 0202 0303 0404 0404 0404 
38 , 0404 0303 0103 0202 0202 0404 0201 0304 0303 0202 0101 0203 0404 0404 0101 0403 0101 0101 0404 0303 0204 0204 0202 0101 0101 0404 0101 0202 0202 0303 0203 0204 0101 0101 0201 0202 0303 0404 0403 0401 
39 , 0404 0101 0103 0202 0202 0404 0201 0303 0303 0402 0101 0302 0403 0404 0301 0304 0101 0101 0204 0304 0404 0202 0202 0101 0101 0104 0101 0202 0202 0301 0302 0202 0101 0101 0202 0202 0303 0404 0404 0101 
40 , 0404 0103 0303 0102 0202 0404 0102 0303 0203 0404 0101 0202 0404 0304 0103 0404 0101 0101 0204 0303 0202 0202 0204 0101 0101 0401 0201 0202 0202 0103 0202 0202 0102 0101 0202 0202 0303 0404 0303 0401 
41 , 0404 0103 0101 0102 0201 0404 0101 0403 0303 0202 0101 0303 0303 0404 0101 0304 0101 0101 0202 0403 0202 0404 0202 0101 0101 0104 0101 0202 0202 0301 0202 0202 0101 0101 0202 0202 0302 0404 0404 0401 
42 , 0404 0101 0101 0202 0202 0404 0201 0403 0202 0204 0101 0303 0303 0404 0301 0303 0101 0303 0202 0403 0202 0402 0202 0101 0101 0401 0101 0202 0202 0103 0202 0402 0101 0101 0202 0202 0303 0403 0304 0101 
43 , 0404 0101 0101 0102 0101 0404 0201 0303 0203 0402 0101 0203 0403 0404 0101 0403 0101 0101 0202 0304 0202 0404 0202 0401 0101 0404 0101 0202 0402 0103 0202 0404 0201 0101 0202 0202 0302 0404 0304 0104 
44 , 0304 0101 0101 0202 0202 0204 0202 0303 0202 0204 0101 0302 0303 0404 0101 0303 0101 0303 0202 0303 0404 0404 0202 0101 0101 0404 0101 0202 0202 0303 0202 0202 0101 0101 0202 0202 0303 0404 0403 0101 
45 , 0404 0301 0101 0201 0202 0404 0102 0303 0203 0204 0101 0203 0404 0404 0101 0304 0101 0103 0202 0303 0202 0204 0204 0101 0101 0404 0101 0202 0202 0103 0202 0402 0101 0103 0202 0202 0303 0404 0404 0101 
46 , 0404 0301 0101 0201 0202 0402 0202 0304 0302 0204 0101 0302 0404 0404 0101 0304 0303 0101 0202 0303 0202 0404 0202 0101 0301 0404 0101 0202 0202 0103 0202 0204 0101 0101 0201 0202 0303 0404 0404 0101 
47 , 0404 0101 0303 0202 0202 0204 0102 0303 0202 0404 0101 0303 0404 0404 0101 0403 0101 0301 0202 0404 0202 0202 0204 0101 0101 0104 0201 0202 0202 0301 0202 0202 0201 0101 0202 0202 0303 0404 0403 0101 
48 , 0404 0303 0301 0101 0102 0404 0202 0303 0202 0404 0101 0303 0304 0304 0101 0303 0101 0301 0204 0303 0202 0204 0202 0101 0103 0104 0101 0202 0202 0101 0202 0202 0101 0101 0202 0202 0303 0304 0404 0401 
49 , 0404 0101 0301 0102 0102 0404 0201 0303 0203 0204 0101 0202 0403 0404 0101 0403 0103 0303 0202 0304 0202 0202 0402 0104 0101 0404 0102 0202 0202 0301 0302 0202 0101 0101 0202 0202 0303 0404 0304 0101 
50 , 0404 0101 0101 0102 0101 0404 0101 0304 0203 0404 0101 0203 0304 0404 0101 0403 0101 0101 0402 0304 0202 0402 0202 0101 0101 0404 0101 0102 0204 0301 0202 0202 0101 0101 0202 0203 0303 0404 0404 0101 
51 , 0404 0103 0101 0201 0201 0404 0202 0303 0302 0202 0201 0303 0404 0404 0101 0303 0101 0101 0402 0304 0202 0402 0202 0101 0101 0404 0101 0202 0202 0303 0202 0202 0101 0101 0202 0202 0303 0304 0303 0404 
52 , 0404 0303 0101 0201 0202 0404 0201 0304 0302 0402 0101 0302 0403 0404 0101 0303 0101 0101 0402 0403 0202 0402 0404 0101 0103 0404 0101 0202 0202 0101 0202 0404 0101 0101 0202 0202 0303 0404 0304 0101 
53 , 0304 0303 0301 0101 0202 0404 0101 0303 0302 0404 0101 0202 0403 0304 0103 0303 0101 0101 0202 0303 0202 0204 0202 0101 0101 0404 0201 0202 0204 0101 0202 0204 0101 0101 0202 0302 0303 0403 0303 0401 
54 , 0404 0303 0103 0102 0202 0404 0101 0303 0202 0402 0101 0303 0404 0304 0101 0304 0101 0301 0204 0303 0202 0402 0402 0101 0101 0404 0101 0202 0204 0103 0203 0404 0101 0101 0201 0202 0303 0404 0403 0101 
55 , 0404 0303 0103 0202 0201 0404 0201 0303 0303 0204 0101 0303 0404 0404 0101 0403 0101 0103 0204 0403 0202 0402 0202 0104 0101 0404 0101 0202 0202 0303 0202 0204 0201 0101 0201 0202 0303 0404 0303 0101 
56 , 0304 0303 0303 0202 0201 0404 0201 0303 0203 0404 0101 0202 0403 0403 0301 0304 0101 0301 0402 0403 0404 0204 0204 0101 0101 0104 0101 0202 0204 0301 0202 0204 0101 0101 0102 0202 0303 0304 0403 0401 
57 , 0404 0101 0301 0201 0102 0404 0102 0303 0303 0202 0101 0203 0304 0404 0101 0303 0101 0101 0202 0303 0202 0402 0402 0101 0101 0404 0101 0202 0202 0103 0302 0404 0101 0101 0202 0203 0303 0404 0304 0104 
58 , 0404 0103 0301 0102 0201 0404 0202 0303 0303 0404 0101 0302 0404 0404 0101 0304 0101 0101 0204 0403 0204 0202 0202 0404 0101 0401 0101 0201 0202 0303 0202 0204 0101 0101 0102 0202 0303 0404 0303 0101 
59 , 0404 0103 0103 0202 0101 0404 0102 0303 0303 0404 0101 0302 0304 0404 0101 0304 0101 0101 0202 0303 0202 0404 0202 0101 0101 0404 0101 0102 0402 0101 0202 0404 0101 0101 0201 0202 0303 0404 0403 0101 
60 , 0404 0301 0301 0202 0202 0404 0202 0303 0302 0404 0201 0203 0303 0404 0301 0403 0101 0301 0402 0403 0404 0402 0202 0101 0101 0101 0101 0202 0202 0303 0202 0204 0102 0101 0102 0203 0303 0403 0404 0401 
61 , 0404 0101 0103 0202 0202 0404 0101 0303 0302 0404 0101 0202 0403 0304 0101 0404 0103 0303 0202 0304 0202 0204 0402 0101 0101 0404 0101 0202 0202 0103 0202 0404 0101 0101 0202 0302 0302 0404 0304 0104 
62 , 0404 0301 0101 0202 0202 0404 0101 0303 0303 0402 0101 0202 0403 0404 0301 0304 0101 0101 0202 0403 0404 0202 0202 0101 0101 0104 0101 0202 0202 0301 0203 0202 0101 0101 0202 0202 0303 0404 0404 0101 
63 , 0404 0101 0303 0102 0202 0404 0102 0303 0203 0202 0101 0303 0304 0404 0101 0303 0103 0101 0202 0303 0202 0202 0204 0101 0103 0104 0101 0102 0204 0101 0202 0404 0101 0101 0202 0202 0303 0403 0303 0401 
64 , 0303 0103 0103 0102 0202 0404 0202 0303 0303 0204 0101 0303 0404 0404 0301 0404 0103 0301 0402 0303 0204 0204 0402 0101 0101 0401 0101 0102 0202 0301 0202 0402 0101 0101 0102 0202 0303 0404 0304 0101 
65 , 0304 0103 0101 0201 0202 0404 0102 0303 0202 0204 0101 0303 0403 0404 0101 0403 0101 0101 0204 0303 0202 0202 0202 0104 0103 0404 0201 0202 0202 0301 0202 0402 0101 0101 0202 0202 0303 0304 0304 0104 
66 , 0403 0101 0303 0102 0202 0404 0102 0303 0302 0404 0101 0203 0404 0404 0101 0304 0101 0301 0204 0403 0202 0404 0202 0401 0101 0404 0101 0202 0204 0303 0202 0202 0101 0101 0202 0302 0303 0404 0304 0101 
67 , 0403 0303 0101 0202 0202 0404 0101 0303 0302 0402 0101 0302 0404 0404 0101 0303 0101 0101 0202 0304 0202 0204 0202 0101 0301 0404 0101 0202 0202 0103 0202 0204 0101 0101 0201 0202 0303 0404 0404 0101 
68 , 0404 0103 0301 0201 0202 0204 0101 0303 0302 0204 0101 0303 0303 0404 0101 0304 0301 0103 0204 0303 0202 0404 0202 0101 0103 0404 0101 0202 0202 0301 0203 0202 0101 0101 0202 0303 0303 0404 0304 0101 
69 , 0404 0101 0103 0202 0202 0402 0101 0303 0202 0402 0102 0302 0404 0404 0301 0403 0103 0101 0204 0403 0404 0204 0202 0101 0101 0101 0101 0201 0202 0301 0203 0204 0101 0101 0202 0202 0303 0403 0403 0101 
70 , 0404 0303 0303 0101 0201 0404 0202 0303 0202 0202 0101 0303 0404 0304 0103 0404 0101 0101 0202 0303 0202 0402 0202 0101 0101 0404 0101 0202 0202 0303 0202 0202 0101 0101 0201 0202 0303 0304 0304 0101 
71 , 0404 0101 0101 0201 0202 0404 0101 0304 0202 0202 0101 0202 0404 0404 0101 0304 0101 0101 0202 0303 0202 0202 0202 0101 0101 0404 0101 0202 0202 0103 0202 0202 0101 0101 0201 0202 0203 0403 0303 0101 
72 , 0403 0103 0103 0102 0201 0404 0102 0303 0203 0204 0101 0303 0304 0404 0101 0303 0101 0101 0202 0403 0402 0404 0402 0101 0101 0404 0101 0202 0204 0301 0202 0202 0101 0101 0202 0202 0303 0304 0404 0401 
73 , 0404 0303 0101 0101 0202 0404 0101 0303 0302 0402 0101 0203 0304 0404 0101 0304 0301 0101 0404 0403 0202 0202 0204 0101 0101 0401 0101 0202 0202 0103 0203 0202 0101 0301 0202 0202 0302 0403 0403 0104 
74 , 0403 0301 0301 0101 0202 0204 0201 0303 0202 0404 0101 0302 0404 0404 0301 0404 0101 0101 0202 0303 0202 0204 0202 0101 0101 0104 0101 0202 0202 0301 0202 0202 0101 0101 0202 0202 0303 0404 0403 0101 
75 , 0404 0301 0301 0202 0102 0404 0101 0303 0302 0204 0101 0203 0304 0404 0101 0303 0101 0101 0202 0304 0402 0404 0202 0401 0103 0404 0101 0202 0202 0103 0202 0404 0101 0101 0202 0203 0303 0404 0304 0101 
76 , 0304 0103 0101 0201 0202 0404 0201 0403 0202 0402 0101 0202 0304 0403 0101 0304 0301 0301 0404 0303 0204 0402 0202 0101 0101 0404 0101 0202 0202 0103 0202 0202 0201 0103 0202 0302 0302 0403 0404 0101 
77 , 0404 0101 0101 0101 0101 0404 0201 0303 0202 0402 0101 0302 0404 0404 0101 0403 0101 0303 0204 0403 0204 0202 0402 0101 0101 0401 0101 0202 0202 0103 0202 0404 0101 0301 0202 0202 0303 0404 0403 0104 
78 , 0403 0103 0301 0202 0201 0402 0102 0303 0302 0404 0101 0302 0303 0404 0103 0304 0103 0101 0202 0303 0202 0402 0202 0101 0101 0404 0101 0202 0204 0301 0203 0402 0101 0101 0202 0302 0303 0403 0304 0401 
79 , 0404 0301 0101 0201 0201 0404 0202 0303 0302 0402 0101 0303 0403 0404 0301 0304 0103 0101 0202 0303 0402 0404 0204 0101 0101 0404 0101 0202 0202 0303 0202 0402 0102 0101 0202 0202 0302 0404 0304 0101 
80 , 0404 0103 0301 0101 0202 0404 0201 0303 0202 0404 0101 0202 0303 0404 0103 0403 0301 0301 0402 0304 0202 0204 0202 0401 0101 0404 0101 0202 0204 0303 0202 0204 0101 0101 0202 0202 0302 0403 0304 0101 
81 , 0404 0101 0303 0202 0201 0404 0101 0303 0302 0402 0101 0203 0403 0404 0301 0304 0101 0103 0202 0303 0202 0404 0202 0101 0101 0104 0101 0202 0202 0103 0202 0402 0101 0101 0202 0202 0302 0404 0403 0104 
82 , 0404 0303 0103 0102 0202 0404 0101 0303 0302 0404 0101 0202 0403 0404 0303 0403 0101 0101 0202 0304 0202 0202 0202 0101 0101 0404 0101 0202 0202 0301 0302 0202 0101 0101 0202 0202 0302 0404 0404 0101 
83 , 0404 0101 0301 0101 0201 0204 0102 0303 0303 0402 0101 0302 0403 0404 0101 0403 0103 0303 0202 0403 0202 0204 0204 0101 0101 0104 0101 0202 0202 0303 0202 0202 0202 0101 0202 0202 0303 0404 0304 0101 
84 , 0304 0303 0103 0202 0201 0404 0102 0303 0302 0402 0101 0303 0403 0404 0101 0304 0301 0101 0202 0304 0202 0204 0202 0101 0301 0401 0101 0202 0202 0103 0202 0202 0101 0101 0202 0202 0303 0404 0404 0101 
85 , 0404 0101 0101 0102 0201 0404 0101 0303 0302 0402 0101 0303 0404 0404 0103 0304 0101 0101 0202 0303 0202 0402 0202 0101 0101 0404 0101 0202 0202 0101 0202 0402 0101 0101 0202 0202 0303 0404 0304 0104 
86 , 0404 0101 0103 0201 0202 0404 0102 0303 0303 0202 0101 0203 0303 0304 0101 0303 0101 0101 0202 0304 0402 0404 0402 0101 0301 0404 0101 0202 0202 0303 0202 0204 0101 0101 0202 0202 0303 0404 0404 0101 
87 , 0404 0301 0303 0101 0102 0402 0201 0304 0202 0402 0101 0303 0403 0404 0101 0403 0103 0101 0202 0303 0202 0204 0202 0101 0101 0404 0101 0202 0202 0103 0302 0202 0101 0101 0201 0202 0303 0403 0404 0101 
88 , 0403 0301 0101 0102 0102 0402 0202 0303 0202 0404 0101 0303 0403 0404 0103 0404 0103 0301 0202 0303 0204 0402 0202 0104 0101 0404 0101 0202 0202 0101 0202 0202 0101 0101 0202 0202 0303 0303 0404 0101 
89 , 0404 0103 0301 0102 0202 0404 0201 0303 0203 0404 0101 0303 0403 0404 0101 0304 0101 0101 0202 0303 0202 0204 0204 0101 0101 0101 0101 0202 0202 0103 0202 0204 0201 0301 0202 0202 0303 0404 0403 0101 
90 , 0403 0301 0101 0102 0102 0404 0101 0303 0202 0402 0101 0302 0303 0304 0103 0403 0101 0301 0404 0303 0202 0402 0202 0101 0301 0404 0101 0202 0202 0101 0203 0402 0201 0101 0202 0202 0302 0404 0304 0104 
91 , 0303 0103 0301 0102 0202 0404 0201 0303 0202 0404 0101 0303 0303 0403 0101 0304 0101 0101 0402 0304 0202 0202 0204 0101 0103 0404 0101 0201 0202 0301 0202 0402 0101 0101 0202 0202 0303 0404 0304 0401 
92 , 0404 0101 0103 0201 0202 0404 0101 0303 0302 0204 0101 0203 0404 0404 0301 0403 0101 0101 0204 0404 0202 0202 0202 0104 0101 0404 0101 0202 0202 0103 0202 0202 0101 0101 0201 0202 0303 0304 0304 0101 
93 , 0404 0103 0103 0101 0102 0404 0101 0303 0203 0402 0101 0302 0403 0404 0101 0304 0101 0101 0402 0303 0202 0404 0202 0101 0103 0404 0101 0202 0202 0101 0203 0202 0101 0101 0202 0202 0302 0404 0304 0401 
94 , 0404 0301 0101 0102 0202 0404 0202 0303 0202 0404 0101 0203 0304 0404 0101 0403 0101 0301 0204 0304 0202 0204 0402 0101 0103 0404 0101 0202 0202 0101 0202 0202 0101 0101 0202 0203 0303 0404 0404 0101 
95 , 0404 0103 0303 0102 0102 0404 0201 0303 0202 0404 0101 0302 0403 0404 0101 0403 0101 0101 0202 0403 0204 0204 0402 0101 0101 0404 0101 0202 0202 0303 0202 0402 0101 0101 0202 0302 0303 0404 0303 0101 
96 , 0403 0301 0101 0202 0102 0402 0102 0404 0303 0402 0101 0203 0403 0404 0101 0403 0103 0101 0402 0303 0202 0404 0202 0401 0101 0104 0101 0202 0202 0103 0302 0204 0101 0101 0201 0202 0303 0304 0304 0101 
97 , 0404 0103 0101 0102 0102 0404 0101 0303 0302 0404 0102 0203 0404 0304 0101 0303 0101 0101 0202 0303 0402 0204 0202 0101 0101 0404 0101 0202 0202 0103 0202 0202 0101 0101 0202 0203 0303 0404 0304 0101 
98 , 0304 0303 0103 0201 0102 0404 0102 0303 0303 0404 0101 0202 0403 0304 0101 0303 0101 0103 0402 0303 0204 0404 0202 0104 0103 0104 0101 0202 0202 0101 0302 0204 0101 0101 0202 0202 0303 0404 0303 0101 
99 , 0304 0303 0101 0101 0102 0404 0101 0303 0202 0402 0101 0202 0303 0404 0101 0304 0101 0101 0202 0403 0402 0402 0202 0101 0303 0404 0101 0102 0202 0103 0302 0404 0101 0101 0101 0202 0303 0403 0404 0401 
100 , 0404 0301 0101 0202 0202 0404 0102 0403 0302 0404 0101 0303 0304 0404 0103 0304 0101 0101 0202 0403 0202 0202 0202 0101 0101 0104 0101 0202 0202 0303 0202 0202 0101 0101 0202 0202 0303 0404 0404 0104 
