Auto-generated genotype output.
1
2
3
4
5
6
7
8
9
10
11
12
13
14
15
16
17
18
19
20
21
22
23
24
25
26
27
28
29
30
31
32
33
34
35
36
37
38
39
40
41
42
43
44
45
46
47
48
49
50
51
52
53
54
55
56
57
58
59
60
61
62
63
64
65
66
67
68
69
70
71
72
73
74
75
76
77
78
79
80
81
82
83
84
85
86
87
88
89
90
91
92
93
94
95
96
97
98
99
100
101
102
103
104
105
106
107
108
109
110
111
112
113
114
115
116
117
118
119
120
121
122
123
124
125
126
127
128
129
130
131
132
133
134
135
136
137
138
139
140
141
142
143
144
145
146
147
148
149
150
151
152
153
154
155
156
157
158
159
160
Pop
1 , 0404 0103 0301 0202 0202 0404 0202 0304 0302 0404 0101 0203 0403 0404 0101 0303 0101 0101 0402 0303 0204 0204 0202 0101 0101 0404 0101 0202 0202 0301 0202 0204 0101 0101 0202 0202 0203 0303 0403 0401 0101 0303 0101 0202 0303 0103 0404 0204 0404 0101 0103 0302 0202 0202 0404 0202 0101 0202 0101 0404 0201 0101 0303 0101 0303 0204 0302 0303 0101 0202 0203 0202 0404 0204 0101 0303 0101 0103 0304 0303 0402 0403 0101 0404 0101 0202 0404 0403 0202 0101 0404 0303 0303 0303 0202 0202 0202 0404 0303 0202 0303 0303 0302 0404 0202 0404 0202 0104 0204 0104 0404 0303 0202 0404 0404 0101 0203 0403 0402 0303 0102 0202 0204 0202 0101 0303 0404 0404 0403 0103 0404 0104 0101 0404 0404 0101 0404 0104 0101 0303 0202 0403 0103 0202 0303 0102 0101 0401 0401 0402 0202 0203 0101 0303 0403 0302 0402 0203 0404 0101 
2 , 0404 0103 0303 0202 0201 0404 0102 0303 0203 0404 0101 0302 0304 0403 0101 0304 0101 0301 0204 0303 0202 0204 0204 0101 0101 0401 0101 0202 0202 0101 0202 0404 0101 0101 0202 0202 0303 0404 0403 0101 0101 0101 0101 0101 0303 0101 0404 0404 0403 0101 0301 0202 0202 0202 0404 0404 0101 0202 0201 0404 0102 0101 0303 0101 0101 0204 0302 0304 0101 0204 0203 0202 0404 0404 0101 0303 0101 0303 0304 0303 0402 0303 0101 0404 0103 0203 0404 0404 0402 0101 0404 0303 0403 0303 0302 0202 0202 0404 0303 0402 0304 0303 0202 0404 0202 0304 0302 0401 0202 0101 0404 0303 0202 0404 0403 0101 0203 0404 0204 0302 0101 0303 0204 0201 0202 0403 0401 0404 0404 0103 0404 0404 0201 0404 0404 0101 0404 0404 0101 0303 0202 0304 0301 0202 0303 0202 0401 0101 0101 0402 0202 0302 0301 0303 0404 0302 0202 0202 0101 0401 
3 , 0404 0303 0103 0102 0202 0404 0202 0403 0302 0402 0101 0302 0304 0404 0101 0403 0301 0303 0404 0404 0202 0202 0202 0101 0101 0404 0101 0202 0202 0101 0202 0404 0101 0101 0202 0202 0303 0403 0304 0101 0101 0101 0101 0101 0303 0101 0404 0404 0403 0101 0301 0203 0202 0202 0404 0202 0101 0302 0201 0404 0102 0101 0303 0101 0103 0204 0303 0304 0102 0404 0203 0202 0101 0404 0101 0303 0101 0303 0404 0203 0202 0403 0101 0404 0101 0203 0404 0404 0204 0101 0404 0304 0403 0303 0203 0202 0202 0401 0303 0202 0304 0303 0202 0404 0202 0303 0303 0404 0202 0401 0404 0303 0202 0402 0404 0101 0203 0304 0402 0202 0101 0302 0204 0202 0201 0303 0404 0404 0403 0101 0404 0101 0201 0404 0404 0101 0404 0404 0101 0303 0202 0304 0103 0302 0303 0102 0401 0101 0101 0404 0202 0302 0301 0304 0403 0302 0204 0203 0401 0404 
4 , 0404 0303 0103 0201 0201 0404 0201 0303 0203 0404 0101 0202 0303 0303 0103 0304 0101 0301 0202 0403 0202 0402 0202 0101 0101 0404 0101 0202 0202 0303 0302 0202 0201 0101 0202 0202 0302 0404 0404 0401 0101 0101 0101 0101 0303 0101 0204 0404 0403 0101 0101 0203 0202 0202 0404 0404 0101 0303 0102 0401 0202 0401 0303 0104 0301 0404 0303 0303 0101 0402 0203 0202 0101 0404 0101 0303 0104 0303 0304 0303 0202 0303 0101 0404 0101 0303 0403 0403 0202 0101 0404 0403 0304 0303 0202 0202 0202 0401 0303 0402 0304 0303 0202 0402 0202 0404 0202 0404 0402 0101 0404 0303 0202 0404 0404 0101 0203 0303 0202 0202 0101 0202 0404 0201 0202 0303 0104 0204 0404 0301 0404 0404 0201 0204 0404 0101 0403 0404 0101 0303 0202 0404 0301 0203 0303 0101 0101 0101 0101 0202 0202 0203 0101 0303 0303 0203 0202 0202 0101 0101 
5 , 0404 0103 0301 0201 0101 0402 0101 0304 0202 0404 0101 0303 0404 0404 0101 0404 0101 0101 0202 0403 0202 0202 0202 0101 0101 0404 0102 0202 0202 0303 0203 0204 0101 0101 0202 0202 0303 0304 0304 0101 0101 0303 0101 0101 0303 0103 0402 0404 0304 0401 0101 0202 0202 0202 0304 0204 0102 0202 0102 0104 0101 0101 0103 0101 0101 0404 0203 0404 0102 0202 0202 0202 0404 0404 0101 0303 0101 0303 0403 0303 0402 0303 0101 0404 0101 0203 0404 0404 0202 0103 0404 0303 0404 0303 0203 0202 0202 0404 0303 0202 0303 0303 0202 0404 0202 0303 0202 0404 0402 0101 0204 0303 0202 0404 0403 0101 0202 0403 0202 0302 0202 0203 0204 0202 0101 0303 0404 0404 0403 0301 0404 0104 0102 0404 0404 0101 0304 0404 0401 0303 0204 0304 0101 0302 0303 0201 0101 0404 0401 0204 0202 0202 0303 0303 0303 0302 0402 0202 0104 0101 
6 , 0403 0303 0303 0102 0202 0404 0201 0304 0302 0404 0101 0203 0404 0404 0101 0403 0101 0101 0202 0303 0204 0204 0202 0101 0101 0404 0202 0202 0202 0301 0202 0202 0201 0301 0202 0202 0303 0304 0403 0101 0101 0303 0102 0101 0403 0101 0404 0404 0303 0104 0101 0202 0202 0202 0404 0204 0101 0202 0102 0404 0202 0101 0301 0104 0303 0404 0303 0403 0102 0402 0202 0204 0404 0402 0401 0303 0101 0303 0404 0303 0202 0303 0101 0404 0101 0203 0404 0404 0204 0101 0404 0303 0404 0303 0202 0102 0101 0104 0203 0202 0303 0303 0203 0404 0202 0303 0202 0104 0202 0101 0404 0303 0202 0204 0403 0101 0303 0303 0202 0302 0101 0303 0202 0202 0201 0404 0104 0404 0304 0101 0404 0404 0202 0404 0404 0102 0404 0404 0101 0303 0202 0303 0103 0202 0303 0202 0101 0104 0101 0202 0202 0202 0301 0303 0404 0303 0202 0202 0104 0101 
7 , 0404 0303 0101 0202 0202 0404 0102 0303 0202 0204 0101 0202 0304 0404 0301 0304 0101 0101 0202 0303 0204 0404 0204 0101 0101 0404 0101 0201 0402 0101 0202 0202 0101 0101 0201 0202 0303 0403 0404 0101 0101 0101 0201 0201 0303 0301 0202 0202 0404 0104 0101 0302 0202 0202 0404 0402 0101 0303 0201 0401 0201 0104 0303 0401 0303 0404 0303 0304 0101 0404 0203 0202 0101 0204 0101 0303 0101 0303 0403 0303 0402 0303 0101 0404 0101 0203 0404 0403 0402 0101 0404 0303 0403 0303 0303 0202 0201 0404 0303 0202 0403 0303 0202 0404 0204 0403 0203 0404 0202 0101 0204 0303 0202 0404 0304 0101 0203 0303 0202 0302 0201 0303 0402 0202 0201 0304 0104 0404 0303 0101 0104 0404 0101 0402 0404 0201 0404 0401 0401 0303 0204 0303 0103 0202 0303 0202 0101 0404 0401 0204 0202 0202 0103 0403 0403 0303 0202 0303 0401 0104 
8 , 0403 0301 0303 0201 0202 0204 0202 0403 0203 0404 0202 0302 0404 0404 0101 0403 0103 0301 0202 0303 0402 0404 0202 0101 0101 0404 0101 0202 0202 0301 0202 0202 0102 0101 0202 0302 0303 0304 0303 0104 0201 0101 0101 0101 0303 0103 0404 0204 0404 0101 0101 0203 0202 0202 0404 0402 0202 0202 0201 0404 0101 0101 0303 0401 0103 0404 0303 0303 0101 0404 0202 0202 0404 0204 0101 0303 0101 0303 0304 0303 0202 0303 0101 0404 0101 0302 0404 0304 0204 0101 0404 0303 0404 0303 0202 0102 0102 0404 0302 0202 0304 0303 0202 0204 0202 0404 0203 0404 0202 0401 0402 0203 0202 0404 0403 0101 0302 0303 0204 0203 0101 0203 0402 0102 0202 0403 0404 0404 0404 0103 0404 0404 0202 0204 0402 0201 0404 0404 0101 0303 0204 0303 0301 0203 0303 0101 0101 0101 0104 0402 0303 0202 0303 0303 0403 0203 0202 0202 0101 0104 
9 , 0404 0303 0101 0201 0101 0402 0102 0303 0202 0404 0101 0302 0404 0404 0101 0304 0101 0101 0402 0304 0402 0402 0202 0101 0101 0401 0101 0202 0202 0101 0202 0204 0101 0101 0202 0302 0303 0304 0304 0401 0101 0101 0101 0101 0303 0101 0404 0204 0304 0101 0103 0203 0202 0202 0404 0202 0102 0203 0101 0404 0201 0104 0103 0101 0303 0202 0302 0404 0202 0404 0202 0202 0101 0402 0101 0303 0101 0303 0303 0303 0202 0303 0101 0404 0103 0302 0404 0403 0402 0101 0404 0303 0403 0303 0202 0202 0202 0401 0303 0202 0303 0303 0202 0404 0202 0303 0203 0404 0202 0101 0404 0303 0202 0402 0304 0404 0202 0403 0202 0202 0102 0303 0204 0202 0102 0304 0404 0402 0404 0101 0404 0404 0201 0402 0404 0101 0404 0404 0101 0303 0202 0303 0101 0203 0101 0202 0101 0401 0101 0204 0202 0202 0103 0303 0403 0202 0402 0202 0404 0101 
10 , 0404 0103 0303 0201 0201 0204 0201 0303 0202 0404 0101 0303 0403 0404 0101 0304 0101 0103 0402 0304 0202 0204 0202 0101 0101 0404 0201 0202 0202 0301 0202 0402 0101 0101 0202 0202 0303 0404 0303 0401 0201 0301 0101 0101 0303 0101 0204 0404 0304 0101 0101 0202 0202 0202 0404 0202 0201 0302 0202 0404 0202 0104 0303 0101 0303 0404 0303 0404 0102 0402 0202 0202 0404 0202 0101 0303 0101 0303 0304 0303 0402 0303 0201 0404 0101 0202 0403 0403 0402 0101 0204 0403 0404 0303 0202 0202 0202 0404 0303 0202 0303 0303 0202 0404 0202 0403 0203 0104 0402 0101 0404 0303 0202 0404 0403 0101 0203 0303 0202 0302 0102 0303 0404 0202 0202 0304 0404 0204 0304 0101 0404 0401 0201 0404 0404 0201 0404 0404 0101 0303 0202 0303 0301 0202 0303 0201 0101 0401 0101 0202 0202 0202 0303 0303 0403 0202 0204 0303 0404 0104 
11 , 0303 0103 0101 0201 0202 0404 0201 0403 0302 0402 0202 0303 0304 0304 0301 0404 0301 0103 0204 0404 0204 0202 0404 0101 0101 0401 0101 0202 0202 0303 0202 0404 0101 0101 0202 0202 0303 0403 0304 0101 0101 0301 0101 0102 0303 0301 0404 0204 0404 0101 0301 0202 0302 0201 0404 0202 0101 0302 0101 0404 0101 0401 0303 0101 0301 0404 0303 0404 0201 0402 0302 0202 0404 0402 0101 0303 0101 0303 0304 0303 0202 0403 0101 0404 0101 0303 0404 0403 0204 0103 0404 0303 0404 0303 0202 0202 0202 0101 0303 0204 0303 0303 0202 0202 0202 0303 0302 0104 0204 0101 0204 0303 0202 0404 0404 0101 0202 0404 0202 0203 0101 0303 0402 0202 0201 0304 0404 0402 0404 0103 0401 0401 0201 0404 0404 0101 0404 0104 0101 0303 0202 0304 0101 0302 0303 0102 0104 0101 0101 0402 0202 0202 0303 0403 0303 0202 0202 0302 0401 0404 
12 , 0404 0301 0103 0201 0202 0404 0101 0303 0202 0204 0102 0303 0304 0404 0101 0303 0101 0101 0202 0303 0202 0404 0202 0101 0101 0404 0101 0202 0202 0101 0202 0404 0101 0103 0202 0202 0303 0403 0304 0101 0101 0301 0101 0201 0304 0301 0404 0404 0404 0101 0301 0302 0202 0202 0404 0404 0101 0202 0101 0404 0202 0101 0303 0101 0303 0402 0303 0303 0201 0204 0202 0402 0404 0202 0101 0303 0101 0303 0304 0303 0202 0403 0101 0404 0101 0202 0404 0404 0404 0301 0404 0304 0303 0403 0203 0202 0202 0404 0303 0402 0303 0303 0202 0404 0202 0303 0203 0404 0202 0101 0202 0303 0202 0404 0404 0101 0303 0404 0402 0202 0202 0202 0404 0202 0202 0303 0404 0204 0404 0303 0404 0104 0102 0402 0404 0102 0403 0101 0101 0302 0202 0303 0101 0202 0303 0102 0101 0101 0101 0402 0203 0203 0103 0303 0404 0203 0202 0302 0401 0404 
13 , 0403 0103 0101 0101 0202 0404 0202 0303 0302 0204 0101 0303 0404 0404 0301 0304 0101 0103 0404 0303 0202 0204 0202 0104 0101 0404 0101 0202 0202 0301 0203 0202 0101 0101 0202 0302 0303 0404 0403 0101 0101 0301 0201 0101 0303 0101 0402 0404 0404 0101 0301 0303 0202 0202 0304 0402 0202 0202 0101 0404 0201 0401 0303 0101 0103 0404 0303 0304 0202 0202 0202 0402 0104 0404 0101 0103 0101 0303 0303 0303 0202 0403 0101 0403 0101 0202 0404 0404 0404 0301 0404 0303 0404 0303 0202 0202 0202 0101 0203 0204 0304 0303 0202 0404 0202 0403 0202 0404 0202 0101 0204 0303 0202 0404 0403 0101 0202 0304 0204 0203 0101 0303 0404 0202 0202 0303 0101 0404 0304 0101 0404 0104 0101 0404 0204 0101 0404 0404 0101 0303 0202 0403 0101 0303 0303 0102 0101 0104 0401 0402 0202 0302 0103 0303 0404 0203 0202 0302 0104 0101 
14 , 0404 0103 0303 0201 0102 0404 0201 0303 0202 0404 0101 0302 0403 0404 0101 0303 0103 0301 0202 0404 0202 0404 0202 0401 0101 0404 0101 0202 0204 0303 0202 0404 0202 0101 0202 0203 0303 0404 0303 0101 0101 0103 0201 0101 0303 0103 0404 0404 0403 0101 0101 0202 0202 0202 0404 0202 0201 0202 0102 0404 0201 0101 0303 0101 0303 0404 0303 0303 0101 0202 0203 0202 0104 0402 0101 0303 0101 0303 0304 0303 0202 0403 0101 0404 0101 0202 0404 0404 0402 0101 0404 0303 0304 0403 0302 0202 0102 0401 0303 0202 0303 0303 0202 0404 0202 0304 0202 0401 0202 0101 0404 0302 0202 0402 0404 0101 0303 0303 0204 0202 0201 0303 0404 0202 0202 0303 0401 0404 0404 0103 0404 0104 0101 0404 0404 0102 0404 0404 0101 0303 0402 0404 0101 0202 0303 0202 0104 0101 0401 0402 0202 0303 0303 0303 0403 0302 0202 0203 0401 0404 
15 , 0404 0303 0103 0101 0102 0404 0202 0304 0303 0404 0101 0202 0404 0404 0101 0404 0101 0101 0204 0304 0202 0202 0202 0101 0101 0404 0101 0202 0202 0103 0202 0202 0201 0101 0202 0202 0303 0304 0404 0104 0201 0301 0101 0101 0303 0101 0404 0402 0403 0404 0103 0202 0202 0202 0404 0204 0101 0303 0202 0104 0201 0101 0303 0101 0303 0404 0303 0404 0101 0402 0202 0204 0404 0204 0101 0303 0101 0303 0403 0303 0204 0403 0101 0404 0103 0203 0404 0404 0404 0101 0404 0303 0404 0303 0202 0202 0202 0104 0303 0202 0303 0303 0202 0404 0202 0303 0302 0104 0202 0104 0404 0303 0202 0404 0404 0101 0302 0404 0204 0202 0101 0203 0402 0202 0201 0304 0401 0404 0404 0101 0404 0101 0202 0404 0404 0101 0404 0104 0101 0303 0204 0304 0301 0202 0303 0102 0101 0104 0101 0204 0202 0202 0103 0403 0304 0203 0202 0202 0404 0401 
16 , 0303 0101 0101 0201 0202 0404 0202 0304 0202 0404 0101 0303 0303 0404 0101 0403 0101 0301 0204 0303 0402 0204 0202 0101 0101 0404 0101 0201 0202 0103 0202 0202 0201 0101 0202 0202 0303 0403 0303 0104 0102 0101 0101 0201 0303 0101 0404 0404 0403 0401 0103 0203 0202 0202 0404 0202 0102 0202 0101 0404 0202 0401 0303 0101 0103 0404 0303 0403 0101 0402 0202 0402 0104 0402 0101 0303 0104 0303 0303 0303 0202 0303 0101 0404 0301 0203 0404 0404 0204 0101 0404 0303 0404 0303 0202 0202 0102 0404 0203 0204 0303 0303 0202 0404 0402 0403 0203 0404 0202 0401 0204 0303 0202 0404 0304 0101 0203 0304 0202 0303 0101 0302 0404 0202 0202 0304 0104 0402 0304 0101 0404 0104 0102 0404 0404 0101 0404 0404 0101 0303 0202 0303 0301 0202 0303 0201 0101 0404 0101 0204 0202 0202 0101 0303 0403 0202 0202 0203 0404 0104 
17 , 0404 0301 0301 0202 0201 0404 0101 0403 0302 0404 0101 0302 0303 0304 0103 0303 0301 0301 0202 0403 0202 0404 0402 0101 0101 0404 0101 0102 0202 0301 0202 0204 0101 0101 0202 0202 0303 0404 0303 0401 0201 0103 0101 0201 0303 0301 0204 0402 0404 0401 0301 0303 0202 0202 0404 0204 0101 0303 0101 0104 0202 0101 0303 0101 0301 0404 0303 0403 0202 0402 0303 0202 0404 0204 0101 0303 0101 0103 0403 0303 0202 0303 0101 0404 0101 0203 0404 0404 0202 0103 0402 0303 0304 0303 0202 0202 0202 0104 0303 0402 0303 0303 0202 0404 0202 0304 0203 0104 0202 0104 0404 0303 0202 0402 0404 0101 0203 0303 0202 0203 0201 0203 0402 0202 0102 0304 0404 0204 0403 0101 0404 0101 0202 0204 0202 0201 0404 0404 0101 0303 0202 0303 0101 0302 0303 0201 0104 0101 0101 0202 0202 0203 0301 0403 0303 0202 0202 0302 0101 0401 
18 , 0404 0303 0301 0102 0202 0404 0102 0304 0302 0204 0101 0303 0404 0403 0101 0304 0101 0101 0204 0404 0202 0202 0202 0401 0101 0404 0101 0202 0202 0103 0202 0202 0101 0101 0202 0203 0303 0404 0304 0104 0101 0303 0101 0101 0404 0101 0204 0404 0403 0104 0103 0203 0202 0202 0404 0404 0101 0203 0102 0404 0201 0101 0303 0101 0303 0404 0303 0404 0201 0202 0202 0404 0401 0404 0101 0303 0101 0303 0303 0303 0204 0303 0101 0404 0303 0303 0404 0304 0404 0101 0404 0303 0403 0304 0203 0202 0202 0404 0303 0202 0303 0303 0203 0404 0202 0303 0202 0404 0202 0104 0404 0303 0202 0404 0404 0101 0202 0304 0204 0202 0201 0303 0404 0202 0201 0403 0404 0204 0404 0101 0404 0404 0101 0204 0404 0201 0404 0404 0101 0302 0204 0304 0101 0202 0303 0102 0101 0404 0101 0404 0202 0202 0103 0303 0404 0203 0202 0302 0104 0401 
19 , 0404 0101 0103 0101 0201 0404 0102 0303 0202 0402 0101 0302 0403 0404 0101 0303 0103 0101 0402 0403 0202 0204 0204 0101 0101 0404 0201 0102 0202 0103 0302 0204 0101 0101 0202 0202 0303 0304 0403 0101 0101 0303 0101 0201 0303 0301 0404 0204 0303 0101 0101 0202 0202 0202 0404 0204 0101 0202 0202 0404 0202 0104 0303 0101 0103 0404 0203 0303 0202 0402 0203 0202 0401 0404 0101 0303 0101 0303 0304 0203 0402 0303 0101 0404 0101 0303 0404 0404 0204 0301 0404 0303 0403 0304 0303 0202 0102 0404 0303 0202 0303 0303 0202 0402 0202 0304 0302 0401 0204 0101 0202 0303 0202 0404 0404 0101 0203 0404 0204 0203 0101 0302 0404 0202 0102 0403 0404 0404 0404 0101 0404 0401 0101 0404 0404 0101 0404 0404 0101 0303 0204 0404 0301 0202 0303 0202 0101 0401 0104 0204 0202 0202 0103 0303 0404 0202 0202 0202 0401 0104 
20 , 0404 0303 0103 0201 0202 0404 0202 0403 0202 0404 0102 0302 0403 0404 0101 0403 0103 0301 0202 0303 0402 0404 0402 0401 0101 0401 0101 0201 0202 0101 0302 0204 0101 0101 0202 0202 0303 0403 0403 0101 0101 0103 0101 0101 0304 0101 0404 0404 0403 0401 0301 0203 0202 0202 0404 0202 0201 0302 0101 0401 0202 0104 0303 0104 0303 0402 0303 0404 0102 0202 0202 0202 0101 0402 0104 0303 0101 0303 0403 0303 0204 0303 0101 0303 0301 0202 0404 0404 0204 0301 0404 0304 0404 0303 0202 0202 0202 0404 0203 0202 0303 0303 0202 0404 0402 0304 0203 0404 0202 0101 0204 0303 0202 0404 0303 0401 0303 0303 0202 0303 0201 0303 0404 0202 0202 0403 0104 0404 0404 0101 0404 0404 0202 0404 0404 0101 0404 0401 0101 0303 0202 0403 0101 0202 0303 0102 0101 0104 0101 0202 0202 0203 0303 0403 0403 0202 0202 0203 0101 0101 
21 , 0404 0103 0103 0201 0202 0404 0201 0303 0303 0202 0102 0302 0404 0404 0101 0304 0301 0101 0202 0404 0202 0402 0202 0101 0101 0404 0201 0202 0202 0101 0202 0202 0101 0101 0102 0202 0203 0303 0304 0101 0102 0103 0101 0101 0303 0101 0404 0404 0404 0101 0303 0202 0202 0202 0404 0204 0102 0202 0202 0404 0102 0101 0103 0101 0303 0402 0303 0403 0102 0404 0303 0202 0104 0402 0101 0303 0101 0303 0403 0303 0402 0304 0101 0404 0101 0202 0404 0403 0404 0301 0404 0303 0404 0303 0202 0202 0202 0404 0303 0204 0304 0303 0202 0404 0202 0403 0303 0404 0202 0101 0402 0303 0202 0204 0403 0101 0203 0403 0402 0303 0201 0203 0402 0202 0102 0304 0401 0204 0404 0303 0404 0404 0102 0402 0404 0101 0404 0104 0104 0303 0202 0403 0103 0202 0303 0202 0101 0401 0101 0204 0202 0203 0303 0303 0403 0203 0402 0202 0104 0101 
22 , 0404 0301 0103 0101 0102 0404 0102 0403 0302 0402 0102 0302 0404 0404 0101 0403 0103 0101 0202 0303 0202 0204 0202 0101 0301 0404 0101 0202 0202 0101 0202 0202 0102 0101 0202 0302 0303 0303 0404 0104 0201 0101 0101 0101 0303 0103 0204 0404 0303 0101 0101 0202 0202 0202 0404 0204 0202 0203 0202 0104 0102 0101 0303 0101 0303 0404 0303 0303 0201 0404 0202 0202 0404 0404 0101 0103 0101 0303 0304 0303 0402 0303 0201 0404 0101 0302 0404 0404 0402 0101 0404 0304 0304 0303 0302 0102 0201 0404 0302 0202 0304 0303 0202 0404 0202 0304 0202 0404 0202 0104 0204 0303 0102 0404 0404 0101 0302 0303 0404 0303 0201 0203 0404 0202 0201 0304 0404 0404 0404 0103 0404 0104 0202 0204 0402 0101 0404 0404 0101 0303 0402 0303 0101 0303 0303 0201 0101 0401 0104 0204 0302 0202 0103 0304 0404 0202 0202 0202 0401 0104 
23 , 0404 0103 0103 0202 0201 0404 0201 0303 0303 0404 0101 0203 0403 0404 0103 0303 0101 0103 0204 0403 0202 0402 0202 0101 0103 0404 0101 0202 0202 0101 0202 0404 0101 0101 0202 0202 0303 0304 0404 0401 0101 0301 0101 0102 0303 0101 0402 0402 0303 0104 0301 0302 0202 0202 0404 0202 0201 0202 0102 0404 0102 0401 0103 0101 0303 0404 0303 0303 0101 0404 0202 0402 0404 0402 0101 0303 0101 0303 0404 0303 0402 0304 0101 0404 0101 0202 0404 0304 0404 0103 0204 0304 0404 0303 0202 0202 0102 0404 0303 0202 0303 0203 0203 0404 0202 0403 0202 0104 0204 0404 0404 0302 0202 0404 0403 0101 0303 0403 0204 0303 0101 0303 0202 0202 0202 0403 0404 0402 0403 0101 0404 0401 0102 0404 0204 0102 0403 0404 0101 0303 0202 0403 0103 0202 0303 0202 0101 0401 0101 0202 0302 0202 0303 0304 0303 0302 0404 0302 0104 0104 
24 , 0404 0301 0103 0202 0101 0404 0202 0303 0202 0404 0101 0303 0403 0304 0101 0304 0101 0101 0202 0303 0202 0204 0402 0101 0101 0404 0101 0202 0202 0301 0202 0204 0101 0101 0102 0202 0303 0304 0404 0101 0102 0301 0101 0101 0303 0301 0404 0404 0403 0401 0103 0202 0202 0202 0304 0204 0101 0202 0201 0404 0202 0101 0303 0101 0103 0404 0203 0404 0201 0404 0302 0402 0404 0404 0101 0303 0101 0303 0403 0303 0402 0404 0101 0403 0101 0202 0404 0403 0404 0101 0404 0303 0403 0303 0202 0202 0202 0101 0303 0202 0304 0303 0202 0404 0202 0404 0203 0104 0402 0104 0404 0303 0202 0402 0403 0101 0302 0404 0204 0202 0102 0303 0202 0202 0202 0303 0404 0204 0403 0101 0404 0104 0102 0404 0404 0201 0404 0404 0101 0302 0202 0303 0103 0203 0303 0102 0101 0404 0101 0402 0203 0202 0103 0303 0304 0203 0202 0302 0404 0401 
25 , 0303 0101 0103 0101 0102 0404 0201 0303 0303 0402 0101 0303 0303 0404 0101 0304 0301 0101 0202 0303 0202 0404 0202 0101 0101 0404 0101 0101 0202 0101 0202 0404 0101 0101 0202 0202 0302 0304 0303 0101 0101 0303 0101 0201 0303 0301 0404 0204 0303 0404 0101 0202 0202 0202 0404 0204 0202 0202 0202 0404 0102 0101 0303 0101 0103 0204 0202 0403 0101 0402 0303 0402 0404 0204 0101 0303 0101 0303 0304 0303 0402 0403 0101 0404 0103 0303 0404 0404 0204 0301 0402 0303 0403 0303 0203 0202 0202 0404 0303 0202 0403 0303 0202 0402 0202 0404 0202 0404 0202 0101 0404 0203 0202 0404 0404 0101 0302 0404 0202 0203 0101 0302 0204 0202 0202 0403 0404 0404 0404 0101 0104 0101 0102 0404 0404 0101 0404 0404 0101 0303 0402 0303 0301 0202 0303 0202 0101 0401 0104 0204 0202 0302 0303 0303 0304 0302 0402 0202 0104 0104 
26 , 0404 0301 0301 0202 0202 0404 0201 0303 0202 0402 0101 0303 0404 0404 0101 0403 0301 0101 0402 0304 0202 0404 0202 0101 0103 0404 0101 0102 0202 0103 0202 0402 0201 0101 0202 0203 0303 0403 0404 0101 0101 0103 0102 0101 0303 0303 0404 0204 0404 0401 0101 0202 0202 0202 0304 0202 0101 0302 0202 0101 0102 0101 0303 0101 0301 0404 0303 0404 0202 0402 0202 0202 0104 0402 0101 0303 0101 0303 0303 0303 0202 0403 0101 0404 0101 0302 0403 0403 0404 0101 0404 0303 0303 0303 0302 0202 0201 0404 0303 0202 0303 0303 0202 0404 0202 0404 0202 0404 0202 0104 0402 0303 0102 0204 0304 0101 0203 0303 0202 0202 0201 0202 0402 0202 0102 0403 0404 0402 0303 0101 0401 0401 0202 0402 0404 0101 0404 0101 0101 0303 0202 0303 0103 0302 0303 0202 0101 0401 0101 0202 0202 0202 0103 0304 0404 0302 0202 0203 0404 0101 
27 , 0304 0303 0101 0202 0202 0404 0201 0404 0203 0404 0101 0303 0303 0403 0101 0403 0101 0303 0402 0303 0402 0202 0202 0401 0101 0404 0101 0202 0202 0103 0202 0402 0101 0101 0202 0202 0303 0404 0303 0101 0101 0101 0101 0101 0403 0103 0404 0404 0403 0101 0103 0202 0202 0202 0404 0202 0101 0203 0202 0404 0202 0401 0303 0101 0103 0404 0303 0403 0101 0202 0203 0202 0404 0402 0101 0303 0101 0303 0404 0303 0202 0303 0101 0304 0301 0202 0404 0404 0204 0101 0404 0303 0303 0303 0202 0202 0101 0401 0202 0204 0303 0303 0202 0404 0202 0303 0203 0404 0204 0401 0202 0303 0202 0404 0303 0101 0203 0404 0202 0302 0102 0303 0404 0202 0202 0403 0404 0404 0403 0101 0401 0404 0202 0402 0402 0102 0403 0404 0101 0302 0202 0404 0101 0202 0303 0101 0101 0104 0101 0202 0202 0302 0103 0403 0404 0203 0202 0303 0104 0101 
28 , 0303 0303 0103 0101 0102 0204 0102 0303 0203 0204 0101 0302 0404 0404 0101 0404 0101 0101 0202 0303 0402 0402 0404 0101 0101 0104 0101 0201 0202 0301 0202 0204 0101 0303 0202 0302 0303 0304 0303 0101 0201 0301 0101 0101 0303 0101 0204 0404 0304 0401 0101 0202 0202 0202 0404 0402 0101 0303 0202 0404 0201 0101 0303 0101 0301 0204 0303 0304 0201 0202 0202 0202 0404 0404 0101 0303 0101 0303 0403 0303 0202 0403 0101 0403 0103 0303 0404 0403 0204 0103 0404 0304 0403 0303 0202 0201 0102 0404 0303 0202 0303 0302 0202 0402 0202 0404 0202 0404 0402 0101 0402 0302 0202 0404 0403 0101 0303 0403 0202 0202 0102 0303 0402 0202 0202 0403 0104 0404 0304 0101 0404 0101 0101 0404 0204 0101 0404 0404 0401 0303 0204 0303 0103 0202 0303 0101 0104 0101 0401 0202 0202 0202 0301 0304 0304 0202 0204 0303 0404 0404 
29 , 0403 0101 0101 0201 0102 0404 0201 0303 0302 0202 0102 0303 0404 0404 0101 0304 0101 0103 0202 0404 0204 0202 0202 0101 0101 0401 0201 0202 0202 0103 0202 0202 0101 0101 0102 0202 0203 0404 0404 0101 0101 0101 0101 0101 0303 0301 0404 0404 0403 0101 0101 0202 0202 0202 0404 0202 0101 0202 0201 0404 0201 0101 0303 0101 0303 0404 0203 0304 0101 0202 0302 0202 0104 0402 0101 0303 0101 0303 0403 0303 0202 0303 0101 0404 0301 0202 0403 0403 0404 0101 0404 0303 0304 0303 0202 0202 0202 0401 0303 0204 0404 0303 0202 0402 0202 0404 0302 0404 0204 0104 0404 0303 0202 0202 0404 0101 0203 0404 0204 0303 0201 0303 0404 0202 0201 0304 0404 0402 0404 0103 0401 0101 0101 0404 0404 0101 0403 0404 0101 0303 0202 0403 0101 0302 0301 0202 0104 0401 0101 0202 0202 0203 0101 0303 0403 0203 0202 0302 0101 0101 
30 , 0304 0103 0303 0201 0102 0202 0102 0304 0203 0204 0102 0202 0304 0404 0301 0303 0101 0101 0202 0303 0202 0202 0202 0101 0101 0404 0101 0202 0402 0101 0202 0202 0101 0101 0201 0202 0303 0404 0403 0401 0101 0103 0101 0101 0303 0301 0402 0202 0403 0401 0301 0203 0203 0202 0404 0202 0202 0302 0201 0401 0202 0101 0303 0101 0303 0204 0303 0303 0102 0204 0302 0202 0101 0404 0104 0303 0101 0303 0403 0303 0402 0303 0201 0404 0101 0203 0404 0404 0404 0301 0404 0303 0304 0303 0202 0201 0201 0404 0303 0202 0303 0303 0202 0404 0202 0404 0203 0404 0204 0101 0404 0303 0202 0404 0403 0101 0202 0404 0404 0203 0101 0203 0404 0202 0102 0303 0404 0402 0304 0101 0404 0101 0102 0404 0404 0101 0403 0401 0101 0303 0402 0303 0101 0202 0303 0102 0101 0401 0101 0202 0202 0202 0303 0304 0403 0302 0202 0303 0101 0104 
31 , 0404 0303 0101 0201 0102 0404 0101 0303 0302 0404 0101 0203 0403 0303 0103 0303 0101 0101 0202 0403 0202 0204 0202 0101 0101 0404 0101 0202 0202 0101 0202 0204 0101 0101 0202 0202 0303 0404 0404 0104 0201 0103 0101 0101 0303 0101 0202 0402 0403 0101 0101 0202 0202 0202 0404 0202 0101 0202 0101 0404 0202 0101 0303 0401 0301 0404 0203 0404 0102 0204 0202 0402 0104 0402 0101 0103 0101 0303 0403 0303 0202 0403 0101 0404 0101 0202 0304 0404 0404 0101 0404 0303 0404 0303 0202 0202 0202 0404 0303 0204 0404 0303 0202 0404 0202 0304 0302 0404 0204 0101 0204 0303 0202 0404 0404 0101 0303 0304 0202 0203 0202 0203 0202 0202 0201 0403 0401 0204 0403 0301 0404 0101 0201 0404 0204 0101 0404 0401 0101 0303 0202 0303 0101 0302 0303 0101 0101 0104 0401 0202 0202 0302 0303 0304 0303 0203 0202 0203 0101 0104 
32 , 0404 0103 0101 0102 0201 0404 0101 0304 0302 0202 0101 0202 0404 0304 0101 0403 0101 0101 0204 0404 0202 0402 0204 0101 0101 0404 0101 0202 0202 0103 0203 0204 0101 0101 0201 0202 0303 0404 0303 0101 0201 0101 0101 0101 0404 0101 0204 0402 0303 0101 0301 0202 0202 0201 0404 0404 0101 0302 0202 0401 0201 0101 0303 0401 0101 0404 0203 0403 0102 0202 0303 0202 0104 0402 0101 0103 0101 0303 0303 0303 0202 0403 0101 0404 0101 0202 0404 0404 0404 0101 0404 0303 0404 0303 0202 0202 0202 0404 0303 0202 0303 0303 0202 0404 0202 0304 0303 0404 0202 0101 0202 0303 0102 0404 0304 0101 0302 0304 0204 0203 0201 0202 0402 0202 0202 0303 0401 0404 0403 0301 0404 0104 0201 0402 0404 0101 0404 0404 0101 0302 0202 0304 0303 0302 0303 0101 0101 0104 0401 0402 0202 0302 0301 0303 0304 0303 0202 0203 0101 0404 
33 , 0404 0101 0301 0201 0201 0404 0101 0303 0202 0402 0101 0303 0403 0403 0101 0303 0103 0101 0202 0303 0202 0202 0402 0101 0301 0104 0101 0202 0202 0303 0203 0202 0101 0101 0201 0202 0303 0404 0403 0101 0101 0301 0101 0101 0303 0101 0204 0404 0403 0101 0301 0203 0202 0202 0304 0404 0201 0203 0102 0404 0201 0101 0101 0104 0303 0204 0303 0304 0101 0204 0202 0202 0404 0402 0101 0103 0101 0303 0404 0303 0202 0303 0101 0404 0103 0302 0304 0403 0402 0101 0404 0303 0404 0303 0202 0202 0102 0101 0302 0202 0403 0303 0202 0204 0202 0304 0202 0404 0204 0104 0404 0303 0202 0404 0403 0101 0303 0404 0204 0202 0201 0203 0204 0201 0202 0304 0401 0204 0403 0101 0404 0101 0202 0204 0404 0101 0404 0404 0101 0303 0202 0403 0303 0302 0303 0202 0401 0101 0101 0202 0203 0302 0301 0303 0304 0203 0404 0303 0404 0104 
34 , 0404 0303 0103 0202 0201 0404 0101 0403 0203 0404 0101 0203 0304 0404 0301 0403 0101 0101 0202 0403 0202 0202 0204 0101 0101 0404 0101 0202 0202 0303 0202 0404 0101 0101 0202 0202 0303 0404 0403 0101 0101 0301 0101 0101 0303 0101 0204 0404 0403 0104 0301 0203 0202 0202 0404 0404 0201 0302 0101 0404 0202 0104 0301 0401 0103 0404 0303 0404 0101 0402 0202 0204 0404 0402 0101 0303 0101 0303 0403 0303 0202 0303 0101 0404 0101 0203 0404 0404 0404 0101 0402 0303 0304 0303 0202 0202 0102 0101 0303 0202 0304 0303 0302 0404 0402 0404 0202 0404 0202 0104 0204 0303 0202 0402 0303 0101 0303 0404 0402 0303 0202 0303 0202 0202 0102 0303 0404 0404 0404 0101 0104 0401 0101 0202 0404 0101 0404 0404 0101 0303 0202 0303 0301 0202 0103 0202 0101 0401 0101 0202 0202 0302 0303 0303 0403 0302 0202 0203 0404 0101 
35 , 0404 0303 0101 0102 0202 0404 0201 0403 0202 0404 0101 0302 0303 0404 0101 0403 0101 0101 0402 0304 0202 0202 0202 0101 0101 0404 0101 0202 0202 0101 0202 0404 0101 0301 0202 0302 0303 0304 0303 0401 0101 0303 0101 0101 0403 0301 0402 0404 0403 0401 0301 0202 0202 0202 0404 0402 0101 0302 0202 0404 0101 0101 0303 0101 0301 0404 0303 0403 0101 0402 0303 0202 0404 0402 0101 0303 0101 0303 0304 0303 0202 0303 0102 0304 0101 0202 0403 0404 0402 0101 0404 0303 0404 0303 0202 0102 0201 0404 0303 0202 0403 0303 0202 0404 0202 0404 0202 0401 0202 0104 0204 0302 0202 0402 0404 0401 0203 0304 0202 0302 0101 0303 0204 0202 0202 0403 0401 0404 0404 0103 0404 0104 0101 0404 0404 0102 0404 0401 0101 0203 0202 0404 0301 0202 0303 0202 0404 0101 0101 0404 0302 0203 0301 0303 0303 0202 0202 0303 0401 0104 
36 , 0404 0301 0101 0201 0201 0404 0201 0303 0302 0404 0101 0202 0404 0404 0101 0404 0101 0103 0202 0303 0204 0204 0202 0101 0101 0404 0201 0202 0202 0303 0202 0202 0201 0301 0202 0202 0302 0304 0304 0101 0101 0301 0101 0101 0303 0101 0404 0404 0303 0101 0101 0302 0202 0202 0404 0402 0101 0203 0102 0401 0102 0101 0303 0104 0103 0404 0303 0403 0101 0402 0202 0202 0404 0404 0101 0303 0104 0303 0403 0303 0202 0303 0101 0404 0101 0203 0403 0404 0404 0101 0404 0303 0404 0303 0202 0102 0202 0104 0303 0202 0304 0303 0202 0402 0202 0303 0202 0404 0202 0101 0404 0303 0202 0404 0303 0101 0303 0403 0202 0302 0101 0302 0204 0202 0202 0403 0104 0404 0304 0101 0404 0101 0202 0404 0404 0201 0403 0404 0101 0303 0202 0304 0101 0303 0303 0201 0101 0101 0101 0402 0202 0203 0301 0304 0403 0302 0402 0202 0101 0401 
37 , 0403 0301 0101 0102 0102 0404 0202 0303 0203 0402 0101 0303 0404 0404 0101 0303 0101 0101 0404 0303 0202 0204 0202 0104 0101 0404 0101 0202 0202 0301 0202 0202 0101 0101 0202 0202 0303 0304 0403 0401 0101 0101 0101 0101 0304 0301 0202 0404 0404 0401 0101 0202 0202 0202 0304 0202 0102 0202 0201 0404 0202 0101 0303 0101 0103 0404 0303 0403 0101 0204 0302 0202 0404 0402 0101 0303 0101 0303 0303 0303 0202 0403 0101 0403 0101 0202 0304 0403 0404 0101 0404 0303 0404 0303 0202 0202 0202 0104 0203 0202 0304 0303 0202 0404 0202 0404 0202 0104 0202 0101 0404 0303 0202 0404 0403 0104 0302 0404 0202 0302 0201 0303 0204 0202 0102 0304 0404 0404 0404 0101 0404 0404 0101 0404 0404 0201 0404 0404 0101 0303 0202 0303 0101 0203 0303 0102 0101 0104 0101 0204 0203 0202 0303 0303 0404 0203 0202 0202 0404 0404 
38 , 0404 0101 0103 0102 0202 0404 0201 0303 0302 0404 0201 0303 0304 0304 0103 0403 0101 0101 0402 0304 0202 0404 0202 0101 0301 0104 0101 0202 0202 0301 0202 0202 0101 0101 0202 0302 0303 0404 0403 0101 0101 0103 0101 0201 0303 0103 0204 0404 0404 0101 0101 0203 0202 0202 0404 0402 0101 0202 0202 0404 0201 0101 0303 0101 0303 0404 0303 0304 0101 0202 0203 0204 0404 0404 0101 0301 0101 0103 0303 0303 0204 0303 0101 0404 0101 0202 0404 0404 0402 0101 0204 0403 0304 0303 0202 0202 0201 0404 0303 0202 0304 0303 0203 0204 0202 0304 0202 0404 0202 0101 0404 0303 0202 0404 0303 0101 0203 0403 0404 0202 0101 0303 0404 0202 0201 0403 0104 0402 0304 0101 0404 0101 0202 0402 0404 0101 0403 0404 0101 0303 0402 0403 0101 0203 0303 0202 0101 0101 0101 0402 0202 0202 0103 0303 0303 0302 0202 0303 0401 0104 
39 , 0303 0103 0101 0202 0202 0404 0201 0304 0302 0404 0101 0303 0303 0404 0101 0303 0101 0101 0204 0303 0202 0204 0202 0101 0101 0404 0101 0102 0202 0103 0302 0404 0101 0101 0202 0202 0303 0404 0404 0104 0101 0101 0101 0101 0303 0101 0404 0202 0404 0101 0103 0202 0202 0202 0404 0202 0101 0302 0102 0404 0102 0101 0303 0101 0303 0404 0303 0303 0101 0404 0202 0202 0404 0402 0101 0303 0101 0303 0303 0303 0202 0303 0101 0404 0301 0203 0304 0303 0404 0101 0404 0403 0403 0303 0302 0202 0201 0404 0303 0204 0303 0303 0202 0404 0202 0404 0203 0101 0202 0101 0404 0303 0202 0404 0404 0101 0203 0403 0202 0203 0102 0203 0204 0202 0202 0304 0404 0402 0404 0101 0404 0104 0202 0204 0204 0101 0404 0404 0101 0303 0202 0303 0101 0202 0303 0201 0101 0104 0101 0204 0202 0202 0301 0303 0403 0202 0202 0202 0101 0101 
40 , 0404 0303 0101 0101 0102 0404 0102 0303 0302 0202 0101 0303 0404 0403 0101 0403 0101 0101 0202 0304 0204 0404 0202 0101 0101 0404 0101 0202 0202 0103 0202 0204 0101 0101 0202 0202 0303 0404 0403 0101 0202 0303 0102 0101 0403 0101 0202 0402 0404 0104 0103 0202 0202 0202 0304 0202 0101 0302 0202 0104 0202 0104 0303 0401 0303 0404 0302 0403 0102 0402 0302 0402 0104 0402 0101 0303 0401 0103 0403 0303 0202 0403 0102 0404 0101 0203 0404 0403 0404 0101 0404 0303 0403 0303 0202 0202 0201 0404 0303 0202 0404 0303 0202 0404 0202 0404 0302 0104 0202 0101 0202 0303 0202 0404 0304 0101 0303 0304 0202 0203 0202 0202 0202 0202 0201 0403 0404 0204 0404 0301 0404 0101 0202 0404 0204 0101 0404 0404 0101 0303 0202 0303 0103 0303 0303 0201 0101 0101 0101 0204 0202 0302 0101 0303 0403 0202 0202 0202 0101 0401 
41 , 0404 0103 0101 0202 0101 0404 0201 0303 0202 0402 0101 0302 0303 0404 0101 0303 0101 0101 0202 0303 0204 0202 0204 0101 0101 0401 0201 0202 0202 0301 0202 0204 0101 0101 0202 0202 0303 0404 0303 0101 0101 0103 0201 0101 0304 0101 0202 0404 0303 0101 0103 0203 0202 0202 0404 0402 0101 0202 0202 0404 0202 0101 0303 0101 0103 0404 0303 0404 0102 0404 0202 0204 0404 0402 0101 0303 0101 0303 0403 0303 0202 0303 0101 0404 0103 0203 0404 0404 0402 0101 0204 0304 0304 0303 0203 0201 0201 0404 0303 0202 0303 0303 0202 0204 0202 0304 0202 0404 0202 0101 0204 0202 0202 0404 0403 0101 0303 0304 0402 0202 0101 0203 0402 0202 0201 0304 0404 0404 0304 0101 0104 0104 0101 0404 0404 0101 0404 0404 0101 0303 0204 0304 0301 0203 0303 0202 0101 0101 0101 0202 0202 0202 0103 0304 0404 0203 0202 0202 0104 0401 
42 , 0404 0301 0303 0201 0101 0404 0102 0303 0303 0202 0101 0203 0404 0404 0101 0403 0101 0301 0202 0403 0202 0402 0204 0101 0101 0404 0101 0201 0202 0301 0202 0204 0101 0101 0102 0202 0303 0404 0404 0101 0101 0303 0101 0101 0303 0103 0202 0404 0303 0101 0103 0202 0202 0202 0404 0202 0201 0202 0202 0404 0202 0101 0103 0401 0303 0402 0303 0303 0201 0404 0203 0202 0404 0204 0101 0303 0101 0303 0303 0303 0202 0304 0101 0404 0101 0302 0404 0403 0402 0101 0402 0303 0304 0303 0202 0202 0202 0404 0203 0202 0303 0303 0202 0402 0202 0403 0202 0104 0202 0101 0404 0303 0202 0404 0403 0401 0203 0304 0202 0303 0201 0303 0402 0202 0202 0303 0101 0404 0404 0101 0401 0401 0202 0404 0404 0101 0404 0404 0101 0303 0202 0303 0103 0202 0303 0201 0104 0401 0101 0204 0202 0202 0101 0303 0303 0302 0202 0202 0404 0104 
43 , 0403 0101 0301 0101 0202 0404 0201 0304 0202 0402 0101 0303 0404 0303 0101 0404 0101 0301 0402 0303 0202 0404 0202 0101 0301 0404 0101 0202 0202 0103 0202 0202 0101 0101 0202 0303 0303 0404 0403 0104 0101 0103 0101 0101 0303 0103 0404 0404 0404 0101 0101 0202 0202 0202 0403 0202 0102 0203 0201 0404 0202 0101 0301 0101 0303 0404 0303 0303 0101 0204 0202 0202 0404 0204 0101 0303 0101 0303 0403 0303 0202 0303 0101 0404 0101 0203 0404 0404 0402 0101 0404 0303 0303 0303 0202 0202 0201 0404 0303 0402 0403 0303 0203 0404 0202 0303 0202 0401 0402 0101 0402 0303 0202 0404 0404 0101 0203 0404 0402 0203 0102 0302 0204 0202 0202 0303 0104 0404 0304 0301 0104 0104 0202 0402 0402 0101 0404 0404 0101 0303 0402 0403 0103 0203 0303 0102 0101 0101 0101 0204 0202 0202 0301 0303 0304 0303 0202 0302 0104 0404 
44 , 0404 0301 0303 0201 0102 0404 0102 0303 0303 0402 0102 0203 0304 0404 0101 0303 0101 0301 0402 0403 0202 0404 0202 0101 0101 0404 0101 0202 0202 0301 0202 0202 0101 0301 0202 0202 0303 0404 0303 0104 0101 0301 0201 0201 0304 0101 0404 0404 0403 0401 0101 0303 0202 0202 0404 0402 0202 0202 0101 0404 0201 0101 0303 0101 0303 0404 0303 0304 0102 0404 0202 0202 0404 0404 0101 0303 0101 0303 0403 0303 0202 0303 0101 0304 0101 0302 0404 0404 0402 0301 0404 0403 0404 0303 0202 0202 0102 0404 0302 0202 0304 0303 0202 0204 0202 0404 0202 0104 0202 0101 0204 0303 0202 0404 0304 0101 0302 0403 0204 0303 0101 0303 0204 0202 0201 0404 0404 0404 0304 0103 0404 0104 0202 0204 0402 0101 0404 0404 0401 0303 0202 0303 0301 0203 0303 0102 0101 0101 0101 0204 0202 0202 0303 0304 0403 0302 0202 0203 0104 0104 
45 , 0404 0101 0103 0202 0102 0404 0202 0304 0203 0402 0201 0303 0304 0403 0303 0404 0301 0101 0404 0303 0202 0402 0202 0101 0101 0104 0102 0202 0202 0103 0202 0204 0101 0101 0201 0302 0303 0304 0403 0101 0101 0303 0201 0101 0304 0103 0204 0402 0403 0101 0101 0202 0202 0202 0404 0202 0102 0202 0202 0404 0202 0101 0303 0401 0303 0404 0303 0303 0102 0204 0203 0202 0404 0202 0101 0303 0101 0303 0303 0203 0202 0303 0102 0404 0101 0302 0404 0404 0404 0101 0404 0303 0404 0303 0202 0201 0201 0401 0303 0202 0403 0303 0303 0204 0202 0303 0203 0404 0202 0101 0402 0303 0202 0404 0404 0101 0202 0403 0202 0202 0201 0303 0404 0202 0202 0404 0104 0204 0404 0301 0404 0104 0202 0404 0404 0101 0404 0401 0401 0303 0202 0304 0103 0202 0303 0202 0101 0101 0104 0204 0202 0202 0101 0303 0403 0203 0202 0302 0104 0104 
46 , 0304 0301 0301 0102 0202 0404 0202 0404 0302 0202 0102 0303 0404 0304 0103 0403 0301 0101 0202 0304 0204 0204 0404 0101 0101 0404 0101 0202 0202 0303 0202 0202 0102 0301 0202 0302 0303 0404 0404 0101 0101 0101 0101 0101 0404 0101 0404 0402 0403 0101 0301 0202 0202 0202 0403 0202 0102 0302 0202 0404 0202 0101 0303 0101 0303 0404 0303 0304 0101 0202 0202 0202 0101 0404 0101 0303 0101 0103 0404 0203 0204 0303 0101 0404 0101 0202 0304 0404 0204 0101 0404 0304 0404 0303 0303 0202 0201 0404 0203 0402 0303 0303 0202 0404 0202 0303 0303 0404 0202 0101 0204 0303 0202 0404 0404 0101 0202 0403 0204 0202 0102 0303 0202 0202 0202 0303 0401 0404 0403 0101 0404 0104 0202 0404 0404 0101 0404 0401 0104 0303 0202 0303 0301 0302 0103 0202 0101 0404 0101 0204 0202 0203 0101 0403 0303 0302 0202 0202 0401 0104 
47 , 0403 0301 0101 0102 0101 0404 0102 0303 0303 0402 0101 0303 0403 0404 0101 0403 0101 0101 0402 0303 0202 0202 0204 0104 0301 0404 0101 0101 0202 0103 0202 0402 0201 0101 0202 0202 0203 0404 0304 0101 0101 0103 0101 0101 0303 0103 0202 0404 0403 0101 0103 0302 0202 0202 0404 0402 0101 0202 0102 0404 0202 0101 0303 0101 0303 0404 0303 0403 0101 0202 0203 0402 0404 0402 0101 0303 0101 0303 0403 0303 0202 0304 0201 0404 0101 0203 0404 0404 0202 0301 0402 0403 0304 0303 0202 0202 0202 0404 0303 0202 0303 0303 0202 0404 0202 0303 0203 0101 0202 0101 0404 0303 0202 0404 0404 0104 0303 0303 0202 0203 0201 0203 0404 0102 0202 0403 0101 0404 0404 0101 0401 0101 0202 0404 0404 0101 0403 0404 0101 0303 0204 0303 0101 0302 0303 0101 0101 0101 0101 0204 0202 0202 0101 0303 0304 0202 0202 0203 0101 0404 
48 , 0304 0101 0303 0101 0201 0404 0202 0303 0303 0404 0101 0203 0403 0403 0301 0304 0101 0101 0402 0303 0402 0204 0202 0101 0103 0404 0101 0202 0202 0301 0202 0204 0101 0101 0202 0202 0303 0304 0304 0101 0101 0103 0101 0101 0303 0103 0204 0404 0404 0401 0301 0202 0202 0202 0404 0404 0101 0302 0102 0404 0202 0101 0303 0401 0303 0404 0202 0304 0102 0204 0202 0402 0404 0402 0101 0303 0101 0303 0403 0303 0202 0304 0101 0403 0101 0203 0404 0403 0404 0301 0404 0303 0403 0303 0203 0201 0102 0104 0303 0202 0404 0303 0203 0404 0202 0404 0203 0104 0202 0101 0404 0303 0202 0202 0403 0101 0302 0404 0202 0302 0101 0203 0402 0202 0102 0303 0404 0404 0303 0301 0404 0404 0202 0404 0204 0101 0404 0104 0101 0302 0402 0403 0101 0202 0303 0202 0101 0101 0101 0402 0203 0202 0103 0403 0404 0303 0202 0302 0104 0401 
49 , 0403 0103 0103 0201 0202 0404 0102 0303 0303 0404 0101 0202 0403 0404 0101 0403 0101 0301 0202 0304 0402 0402 0204 0101 0101 0404 0101 0201 0202 0101 0202 0204 0101 0101 0202 0202 0303 0404 0303 0101 0101 0101 0101 0101 0303 0101 0204 0404 0404 0104 0101 0202 0202 0202 0404 0402 0101 0303 0102 0104 0202 0101 0303 0401 0103 0404 0303 0404 0101 0202 0203 0402 0104 0402 0101 0303 0101 0303 0403 0303 0202 0403 0101 0403 0103 0203 0304 0403 0404 0101 0404 0303 0403 0303 0202 0202 0202 0101 0303 0202 0403 0303 0202 0404 0202 0304 0302 0404 0202 0101 0202 0303 0102 0404 0404 0101 0302 0303 0204 0202 0102 0203 0204 0202 0202 0303 0404 0404 0404 0301 0404 0101 0202 0202 0404 0101 0404 0404 0101 0302 0204 0303 0301 0302 0303 0201 0101 0104 0101 0402 0202 0302 0103 0303 0403 0202 0204 0203 0104 0101 
50 , 0404 0101 0101 0102 0201 0404 0102 0303 0203 0402 0101 0303 0303 0303 0101 0303 0103 0301 0202 0303 0202 0202 0202 0101 0101 0404 0101 0202 0202 0101 0202 0204 0101 0101 0202 0202 0303 0404 0303 0101 0101 0103 0101 0101 0303 0101 0404 0404 0303 0101 0301 0302 0202 0202 0404 0204 0101 0302 0202 0404 0102 0104 0303 0101 0303 0404 0302 0303 0102 0402 0202 0202 0401 0404 0101 0303 0101 0303 0403 0303 0202 0303 0101 0404 0101 0303 0404 0404 0404 0101 0204 0303 0303 0303 0203 0102 0202 0404 0303 0202 0303 0303 0202 0404 0202 0404 0202 0401 0204 0101 0404 0303 0202 0404 0404 0101 0202 0404 0404 0203 0101 0303 0404 0202 0202 0303 0404 0204 0404 0101 0404 0401 0202 0404 0404 0101 0404 0404 0101 0303 0202 0404 0101 0302 0303 0202 0101 0401 0104 0404 0202 0302 0103 0303 0303 0302 0202 0202 0101 0401 
51 , 0404 0103 0101 0202 0202 0404 0101 0304 0202 0404 0101 0203 0404 0404 0103 0303 0101 0101 0202 0304 0202 0204 0402 0101 0301 0404 0101 0202 0202 0101 0202 0202 0101 0101 0202 0202 0303 0404 0404 0101 0101 0301 0101 0101 0303 0103 0204 0404 0404 0101 0101 0203 0202 0202 0304 0402 0101 0303 0202 0404 0201 0101 0103 0104 0301 0404 0303 0303 0101 0202 0203 0204 0404 0402 0101 0103 0101 0303 0303 0303 0202 0304 0101 0404 0103 0202 0404 0404 0402 0101 0404 0303 0303 0303 0202 0202 0102 0404 0303 0202 0303 0302 0203 0204 0402 0304 0202 0404 0202 0401 0404 0303 0201 0402 0403 0401 0303 0403 0204 0202 0201 0303 0404 0202 0101 0303 0404 0204 0404 0101 0404 0101 0201 0402 0404 0101 0404 0404 0101 0303 0202 0403 0101 0202 0303 0102 0401 0101 0101 0202 0202 0202 0301 0303 0403 0203 0202 0303 0401 0104 
52 , 0404 0303 0101 0202 0202 0404 0201 0304 0202 0204 0101 0303 0303 0404 0101 0303 0103 0101 0402 0303 0202 0204 0202 0101 0301 0404 0101 0102 0202 0303 0202 0202 0101 0101 0202 0303 0303 0304 0403 0101 0101 0103 0102 0102 0403 0303 0404 0204 0404 0101 0103 0303 0202 0202 0404 0202 0201 0202 0102 0404 0102 0101 0303 0101 0301 0204 0302 0403 0201 0202 0303 0202 0404 0404 0101 0303 0101 0303 0304 0303 0202 0403 0101 0404 0101 0203 0404 0404 0402 0301 0404 0303 0403 0303 0302 0202 0202 0404 0303 0202 0403 0303 0203 0404 0202 0404 0202 0404 0202 0104 0204 0303 0202 0402 0304 0101 0202 0403 0402 0202 0202 0302 0404 0201 0201 0304 0404 0404 0404 0101 0401 0404 0202 0402 0404 0101 0404 0404 0101 0303 0202 0303 0303 0302 0303 0202 0101 0101 0101 0202 0202 0203 0101 0303 0303 0302 0202 0303 0101 0401 
53 , 0404 0301 0101 0102 0202 0404 0202 0303 0302 0404 0101 0303 0404 0404 0101 0403 0101 0101 0402 0303 0202 0202 0402 0101 0101 0404 0101 0202 0202 0303 0202 0402 0101 0101 0202 0202 0303 0404 0404 0101 0101 0101 0102 0101 0403 0301 0404 0404 0303 0401 0103 0302 0202 0202 0404 0402 0102 0202 0101 0404 0202 0101 0301 0101 0303 0404 0302 0403 0102 0402 0202 0202 0401 0404 0101 0303 0101 0103 0304 0303 0202 0304 0102 0304 0101 0202 0404 0404 0204 0301 0404 0304 0303 0303 0203 0202 0201 0404 0303 0202 0303 0303 0203 0404 0202 0403 0202 0401 0204 0101 0404 0303 0202 0404 0404 0101 0202 0404 0402 0303 0101 0303 0404 0202 0202 0303 0404 0404 0404 0101 0404 0404 0202 0402 0404 0101 0404 0401 0401 0303 0202 0403 0101 0302 0303 0201 0101 0101 0104 0204 0202 0202 0303 0303 0404 0203 0202 0202 0104 0404 
54 , 0404 0301 0101 0102 0202 0404 0102 0404 0202 0404 0102 0203 0303 0404 0301 0404 0101 0101 0202 0404 0204 0204 0204 0401 0101 0404 0101 0201 0202 0303 0202 0202 0101 0101 0202 0202 0303 0404 0404 0101 0101 0301 0102 0101 0303 0301 0204 0402 0404 0101 0301 0302 0202 0202 0404 0402 0101 0302 0202 0404 0202 0101 0303 0101 0301 0402 0303 0404 0101 0204 0202 0202 0401 0202 0101 0303 0101 0303 0303 0303 0202 0303 0101 0404 0101 0202 0404 0404 0404 0101 0404 0303 0403 0303 0203 0202 0102 0101 0303 0202 0303 0303 0302 0404 0202 0303 0303 0404 0202 0104 0204 0303 0201 0404 0304 0101 0302 0303 0204 0303 0202 0302 0402 0202 0202 0403 0401 0404 0403 0101 0404 0404 0101 0204 0404 0101 0404 0404 0101 0303 0402 0303 0303 0302 0303 0102 0101 0404 0101 0202 0202 0302 0301 0303 0403 0302 0204 0202 0401 0101 
55 , 0404 0303 0101 0202 0201 0404 0102 0303 0202 0204 0101 0303 0404 0404 0101 0304 0101 0101 0202 0303 0204 0204 0202 0101 0101 0401 0102 0202 0202 0303 0202 0402 0101 0101 0202 0203 0203 0404 0404 0401 0101 0103 0101 0201 0303 0101 0402 0404 0403 0104 0301 0303 0202 0202 0404 0402 0202 0202 0101 0404 0202 0101 0303 0101 0301 0404 0302 0303 0201 0204 0202 0202 0404 0202 0101 0303 0101 0303 0304 0303 0202 0403 0101 0404 0101 0202 0304 0304 0402 0101 0404 0303 0404 0403 0203 0201 0202 0401 0303 0402 0403 0302 0202 0402 0202 0304 0202 0404 0202 0101 0202 0303 0202 0404 0404 0101 0203 0403 0402 0202 0101 0303 0402 0202 0202 0303 0404 0204 0403 0301 0404 0104 0101 0404 0404 0101 0404 0401 0101 0303 0202 0303 0101 0203 0303 0202 0101 0101 0104 0402 0202 0202 0101 0303 0403 0203 0204 0303 0404 0401 
56 , 0403 0303 0103 0202 0202 0404 0102 0303 0203 0402 0101 0203 0304 0303 0103 0304 0101 0103 0404 0303 0204 0404 0202 0101 0103 0104 0101 0201 0204 0101 0202 0202 0101 0101 0202 0302 0303 0304 0303 0401 0102 0103 0101 0101 0303 0103 0202 0404 0404 0101 0101 0203 0202 0202 0403 0202 0202 0202 0202 0404 0201 0101 0303 0101 0103 0404 0303 0303 0102 0204 0202 0202 0404 0404 0101 0303 0401 0303 0303 0303 0204 0303 0101 0404 0101 0303 0404 0404 0402 0101 0204 0303 0403 0304 0202 0202 0201 0404 0303 0402 0303 0303 0202 0404 0202 0404 0202 0101 0402 0101 0404 0302 0202 0404 0403 0101 0202 0404 0202 0203 0201 0203 0404 0102 0102 0403 0104 0404 0304 0101 0404 0104 0101 0402 0404 0101 0404 0404 0101 0303 0202 0304 0101 0202 0303 0202 0101 0101 0101 0204 0202 0202 0103 0303 0403 0203 0202 0302 0404 0101 
57 , 0303 0301 0103 0202 0101 0404 0101 0303 0203 0404 0101 0302 0304 0403 0101 0403 0101 0103 0204 0304 0204 0402 0202 0104 0101 0404 0101 0202 0202 0103 0202 0402 0101 0101 0201 0202 0303 0404 0403 0101 0101 0301 0101 0201 0303 0301 0404 0204 0403 0101 0103 0202 0203 0202 0403 0202 0102 0303 0201 0404 0201 0104 0303 0101 0101 0402 0203 0303 0101 0402 0202 0404 0104 0404 0101 0303 0101 0303 0403 0302 0202 0303 0101 0404 0101 0302 0404 0404 0202 0301 0404 0303 0303 0303 0202 0102 0202 0404 0303 0202 0303 0303 0203 0404 0202 0404 0202 0404 0204 0101 0404 0303 0201 0404 0404 0101 0202 0304 0204 0202 0101 0203 0402 0202 0201 0303 0401 0404 0404 0101 0404 0101 0102 0404 0204 0101 0403 0404 0101 0303 0402 0303 0303 0203 0303 0202 0101 0404 0101 0204 0202 0202 0303 0304 0404 0303 0202 0302 0104 0104 
58 , 0404 0301 0301 0101 0201 0404 0101 0403 0303 0404 0101 0203 0304 0404 0103 0303 0101 0301 0402 0404 0202 0202 0202 0101 0101 0404 0102 0202 0202 0303 0203 0204 0101 0101 0102 0202 0303 0404 0403 0401 0101 0303 0101 0101 0303 0101 0204 0404 0404 0101 0301 0202 0202 0202 0404 0204 0102 0302 0202 0404 0101 0101 0303 0401 0301 0404 0302 0304 0202 0404 0202 0204 0404 0402 0101 0303 0104 0303 0303 0303 0202 0304 0101 0404 0101 0303 0404 0404 0202 0103 0404 0403 0303 0303 0203 0202 0201 0404 0203 0202 0303 0303 0202 0404 0202 0404 0202 0404 0402 0101 0404 0303 0201 0404 0403 0101 0202 0403 0202 0303 0101 0303 0404 0202 0202 0303 0104 0404 0403 0101 0404 0404 0202 0204 0204 0101 0404 0404 0101 0303 0204 0304 0101 0202 0303 0201 0101 0404 0101 0204 0202 0202 0101 0303 0303 0203 0202 0202 0404 0101 
59 , 0404 0303 0103 0202 0202 0404 0201 0303 0203 0404 0101 0302 0404 0404 0101 0403 0101 0301 0204 0403 0204 0404 0202 0101 0101 0401 0101 0202 0202 0101 0302 0404 0201 0103 0202 0203 0303 0404 0404 0401 0101 0101 0102 0102 0303 0101 0204 0402 0404 0401 0101 0202 0202 0202 0403 0204 0102 0302 0101 0404 0202 0401 0303 0101 0303 0404 0303 0303 0101 0402 0202 0202 0101 0404 0104 0303 0101 0303 0304 0303 0202 0303 0101 0404 0101 0302 0403 0404 0204 0101 0404 0403 0304 0303 0202 0202 0202 0404 0303 0202 0403 0303 0202 0404 0202 0403 0202 0404 0402 0101 0402 0303 0101 0404 0404 0101 0203 0304 0202 0203 0201 0203 0402 0202 0202 0403 0104 0202 0304 0301 0404 0401 0201 0204 0404 0102 0404 0404 0101 0303 0202 0403 0301 0202 0303 0202 0101 0101 0104 0202 0202 0202 0101 0303 0304 0203 0202 0202 0101 0104 
60 , 0304 0101 0101 0102 0102 0204 0202 0303 0302 0404 0102 0302 0304 0303 0101 0304 0103 0101 0402 0403 0402 0204 0202 0101 0101 0404 0101 0202 0202 0101 0202 0202 0101 0101 0202 0202 0302 0404 0403 0101 0101 0101 0101 0102 0303 0101 0404 0404 0404 0401 0301 0302 0203 0202 0404 0204 0101 0203 0201 0404 0201 0401 0303 0104 0303 0404 0302 0403 0102 0202 0302 0204 0404 0402 0401 0101 0101 0303 0404 0303 0202 0403 0101 0404 0101 0302 0404 0404 0204 0303 0404 0303 0404 0303 0203 0201 0102 0404 0202 0202 0403 0303 0302 0404 0202 0404 0203 0404 0202 0101 0402 0303 0102 0404 0404 0101 0203 0403 0204 0202 0101 0303 0202 0202 0101 0304 0401 0404 0403 0101 0404 0104 0102 0404 0404 0202 0304 0404 0101 0303 0202 0303 0301 0302 0303 0201 0101 0101 0101 0402 0202 0202 0303 0303 0404 0303 0402 0303 0101 0401 
61 , 0404 0301 0301 0101 0201 0404 0101 0404 0302 0404 0101 0202 0404 0403 0101 0303 0101 0103 0404 0303 0202 0402 0202 0401 0101 0404 0201 0202 0202 0301 0202 0204 0101 0101 0202 0302 0303 0404 0404 0101 0201 0301 0201 0101 0403 0101 0204 0402 0303 0104 0101 0302 0202 0202 0404 0202 0101 0203 0102 0404 0102 0101 0103 0101 0301 0404 0203 0304 0201 0402 0302 0202 0401 0402 0401 0303 0101 0103 0304 0302 0402 0303 0101 0404 0103 0202 0304 0404 0202 0101 0404 0303 0304 0303 0202 0202 0202 0101 0303 0202 0303 0303 0202 0404 0202 0403 0202 0404 0204 0101 0404 0303 0102 0404 0404 0101 0202 0404 0404 0203 0101 0303 0202 0202 0201 0303 0404 0402 0403 0101 0404 0101 0202 0204 0404 0201 0403 0104 0101 0303 0202 0304 0101 0203 0303 0202 0101 0401 0101 0204 0202 0202 0303 0304 0304 0202 0402 0202 0104 0404 
62 , 0404 0303 0101 0201 0202 0404 0101 0303 0203 0404 0101 0202 0303 0404 0101 0403 0101 0101 0202 0303 0202 0204 0202 0101 0101 0404 0101 0202 0202 0103 0303 0202 0101 0101 0202 0202 0303 0404 0404 0101 0101 0101 0101 0101 0303 0301 0202 0202 0404 0101 0301 0202 0202 0202 0403 0402 0201 0202 0202 0404 0102 0101 0303 0101 0301 0404 0203 0403 0101 0404 0202 0202 0404 0404 0101 0303 0101 0303 0403 0302 0202 0303 0101 0404 0101 0302 0404 0403 0204 0103 0404 0303 0303 0303 0202 0202 0101 0401 0303 0202 0303 0303 0202 0404 0204 0403 0303 0404 0202 0104 0402 0303 0202 0204 0403 0101 0303 0404 0404 0303 0102 0303 0404 0202 0101 0304 0404 0404 0404 0101 0404 0101 0202 0404 0404 0101 0403 0404 0101 0303 0202 0304 0101 0202 0301 0202 0101 0401 0404 0204 0202 0202 0301 0403 0403 0202 0402 0202 0104 0101 
63 , 0404 0301 0303 0201 0102 0204 0202 0303 0202 0402 0101 0202 0404 0403 0303 0404 0101 0103 0204 0303 0202 0404 0202 0101 0101 0404 0101 0202 0402 0101 0202 0202 0101 0101 0202 0202 0303 0404 0403 0401 0101 0101 0101 0101 0303 0301 0404 0204 0403 0401 0301 0303 0202 0202 0404 0202 0202 0302 0101 0404 0201 0101 0303 0101 0303 0402 0303 0303 0201 0202 0302 0204 0104 0402 0101 0303 0101 0303 0304 0303 0402 0304 0201 0304 0101 0202 0404 0404 0404 0101 0404 0304 0304 0303 0202 0201 0202 0404 0303 0202 0303 0203 0202 0404 0202 0404 0202 0404 0402 0104 0404 0303 0202 0402 0303 0101 0203 0304 0402 0202 0101 0202 0402 0202 0102 0303 0104 0404 0303 0301 0404 0404 0201 0404 0404 0102 0404 0104 0104 0303 0204 0304 0103 0202 0303 0202 0101 0404 0401 0204 0202 0203 0303 0303 0403 0203 0202 0203 0104 0104 
64 , 0404 0303 0101 0102 0202 0404 0102 0303 0303 0404 0101 0303 0303 0404 0301 0303 0101 0301 0202 0403 0202 0402 0204 0101 0101 0404 0101 0102 0202 0101 0202 0204 0101 0103 0202 0202 0303 0403 0304 0401 0101 0103 0101 0201 0303 0101 0404 0404 0404 0401 0301 0302 0202 0202 0404 0204 0201 0302 0102 0104 0202 0101 0303 0101 0303 0404 0303 0403 0201 0204 0203 0202 0104 0202 0101 0303 0101 0103 0403 0303 0204 0303 0101 0404 0101 0203 0404 0403 0204 0301 0404 0303 0304 0303 0202 0202 0202 0101 0303 0402 0304 0302 0202 0404 0202 0304 0202 0104 0402 0101 0204 0303 0102 0404 0404 0101 0202 0303 0402 0302 0201 0202 0402 0202 0102 0403 0104 0404 0404 0101 0404 0104 0202 0204 0204 0201 0404 0104 0101 0303 0202 0303 0101 0302 0303 0101 0101 0101 0101 0202 0202 0202 0303 0303 0304 0203 0204 0302 0101 0404 
65 , 0403 0301 0303 0202 0201 0404 0201 0304 0302 0204 0101 0303 0404 0403 0101 0303 0101 0101 0202 0403 0204 0402 0202 0401 0101 0404 0101 0202 0202 0301 0202 0202 0101 0103 0202 0202 0203 0304 0404 0101 0101 0301 0101 0202 0303 0103 0404 0204 0403 0404 0301 0302 0202 0202 0404 0202 0101 0202 0102 0404 0102 0101 0303 0101 0303 0204 0303 0303 0101 0202 0202 0202 0404 0404 0101 0303 0101 0303 0403 0302 0202 0403 0101 0404 0101 0203 0403 0303 0204 0101 0404 0303 0304 0303 0302 0202 0202 0104 0303 0202 0303 0303 0202 0404 0202 0403 0302 0104 0402 0401 0402 0303 0202 0404 0404 0101 0203 0304 0204 0302 0102 0203 0204 0202 0102 0303 0401 0404 0303 0101 0404 0101 0201 0402 0404 0101 0404 0404 0104 0303 0202 0404 0103 0202 0303 0102 0101 0401 0401 0202 0202 0202 0101 0303 0403 0303 0202 0203 0104 0101 
66 , 0304 0103 0101 0202 0202 0404 0101 0303 0203 0402 0101 0302 0404 0404 0101 0303 0101 0101 0204 0303 0404 0202 0202 0101 0101 0404 0101 0202 0202 0301 0302 0202 0101 0301 0202 0202 0302 0404 0404 0101 0101 0103 0102 0201 0303 0103 0402 0404 0303 0101 0101 0202 0202 0201 0404 0202 0201 0203 0102 0404 0101 0101 0303 0101 0103 0404 0303 0404 0201 0202 0203 0202 0404 0204 0101 0301 0104 0301 0304 0303 0204 0303 0101 0404 0101 0203 0404 0304 0404 0101 0404 0403 0304 0303 0302 0102 0202 0104 0203 0202 0303 0303 0202 0404 0202 0403 0202 0404 0202 0104 0402 0303 0201 0404 0303 0101 0202 0303 0202 0302 0102 0302 0402 0202 0202 0403 0404 0404 0404 0103 0401 0101 0201 0404 0404 0101 0404 0404 0101 0303 0202 0403 0101 0203 0303 0201 0101 0401 0101 0402 0202 0203 0303 0303 0403 0302 0202 0302 0401 0404 
67 , 0404 0303 0101 0201 0202 0404 0202 0303 0302 0404 0101 0303 0404 0404 0101 0303 0301 0101 0202 0403 0202 0404 0202 0101 0101 0404 0101 0202 0202 0301 0202 0204 0101 0101 0202 0202 0303 0404 0404 0101 0101 0303 0201 0101 0303 0103 0404 0404 0403 0101 0301 0302 0302 0202 0303 0202 0201 0202 0202 0404 0202 0101 0303 0101 0301 0404 0303 0404 0101 0404 0302 0202 0101 0402 0101 0303 0101 0303 0303 0303 0202 0303 0101 0404 0101 0203 0304 0404 0404 0101 0404 0303 0404 0303 0302 0102 0202 0101 0303 0204 0304 0303 0202 0204 0202 0304 0302 0104 0204 0101 0404 0303 0202 0404 0404 0101 0303 0303 0402 0203 0101 0303 0202 0202 0202 0403 0401 0402 0404 0101 0404 0101 0101 0404 0402 0202 0404 0401 0101 0302 0202 0303 0101 0302 0303 0101 0101 0404 0101 0202 0203 0302 0103 0403 0303 0203 0202 0202 0101 0101 
68 , 0404 0101 0303 0101 0102 0402 0102 0303 0202 0402 0201 0302 0404 0404 0103 0304 0301 0101 0202 0303 0402 0402 0204 0101 0101 0404 0101 0202 0402 0103 0202 0202 0201 0101 0202 0202 0302 0404 0403 0101 0101 0101 0201 0201 0303 0103 0402 0404 0404 0101 0103 0202 0202 0202 0404 0402 0102 0303 0201 0404 0202 0101 0303 0101 0303 0404 0303 0303 0201 0404 0303 0204 0404 0202 0101 0301 0101 0303 0304 0303 0402 0304 0101 0403 0101 0202 0304 0404 0202 0301 0404 0303 0404 0303 0302 0202 0201 0401 0303 0202 0403 0303 0202 0404 0202 0303 0303 0401 0202 0404 0404 0303 0202 0404 0404 0101 0302 0404 0402 0202 0101 0303 0404 0101 0202 0303 0104 0404 0304 0101 0404 0401 0201 0402 0404 0101 0304 0404 0401 0302 0202 0303 0301 0202 0303 0202 0101 0401 0101 0204 0202 0302 0101 0303 0304 0202 0402 0302 0404 0101 
69 , 0403 0303 0303 0201 0202 0404 0201 0403 0203 0404 0101 0202 0404 0404 0101 0303 0101 0103 0202 0403 0202 0204 0202 0401 0101 0404 0101 0202 0202 0101 0203 0402 0102 0101 0202 0202 0303 0404 0403 0404 0101 0301 0102 0101 0304 0303 0202 0404 0304 0104 0101 0302 0202 0202 0404 0404 0101 0202 0201 0404 0202 0101 0103 0101 0303 0404 0303 0303 0101 0402 0202 0202 0404 0402 0101 0303 0101 0303 0303 0303 0202 0303 0101 0404 0103 0203 0404 0404 0404 0101 0404 0303 0304 0303 0202 0202 0102 0104 0303 0202 0303 0303 0302 0404 0202 0404 0203 0404 0202 0104 0202 0302 0202 0404 0403 0101 0202 0403 0202 0302 0201 0303 0204 0202 0202 0403 0404 0404 0404 0101 0104 0401 0102 0402 0204 0101 0404 0404 0101 0303 0402 0304 0301 0302 0103 0102 0101 0401 0101 0202 0203 0302 0301 0303 0403 0302 0202 0202 0401 0104 
70 , 0404 0301 0303 0201 0101 0404 0202 0303 0203 0202 0101 0303 0304 0404 0103 0304 0101 0101 0202 0303 0402 0202 0202 0101 0101 0404 0101 0202 0202 0301 0202 0402 0101 0101 0202 0203 0302 0304 0403 0101 0102 0101 0101 0101 0303 0103 0402 0404 0304 0101 0303 0302 0302 0202 0404 0202 0101 0202 0101 0404 0202 0101 0303 0104 0303 0404 0303 0303 0102 0402 0202 0204 0404 0204 0101 0303 0101 0303 0303 0303 0202 0303 0101 0403 0101 0203 0404 0304 0404 0101 0404 0303 0304 0303 0202 0201 0201 0404 0303 0202 0303 0303 0202 0402 0202 0403 0302 0401 0202 0104 0404 0303 0202 0404 0404 0101 0202 0304 0202 0202 0101 0303 0404 0102 0202 0303 0404 0404 0304 0101 0104 0101 0201 0402 0404 0101 0404 0104 0401 0303 0202 0303 0301 0302 0303 0202 0101 0101 0401 0204 0202 0202 0301 0303 0303 0202 0402 0202 0104 0101 
71 , 0404 0301 0103 0201 0201 0404 0202 0403 0202 0404 0101 0302 0403 0304 0101 0404 0301 0103 0402 0303 0202 0402 0202 0101 0101 0404 0201 0202 0202 0103 0202 0202 0101 0101 0102 0202 0303 0403 0403 0101 0102 0301 0101 0101 0303 0101 0404 0404 0404 0401 0101 0202 0302 0202 0404 0202 0101 0202 0102 0401 0202 0101 0103 0101 0303 0404 0303 0403 0101 0402 0303 0202 0404 0204 0101 0303 0101 0301 0403 0303 0202 0304 0102 0404 0103 0203 0303 0304 0402 0101 0404 0303 0403 0303 0202 0202 0102 0404 0303 0202 0304 0303 0202 0402 0202 0403 0203 0104 0204 0401 0404 0303 0202 0404 0404 0101 0203 0404 0404 0202 0101 0203 0204 0202 0202 0303 0404 0204 0304 0301 0101 0401 0202 0404 0404 0101 0304 0404 0101 0303 0402 0304 0303 0202 0303 0202 0101 0404 0101 0404 0202 0302 0101 0303 0403 0202 0202 0303 0401 0404 
72 , 0404 0103 0103 0202 0102 0404 0102 0304 0302 0204 0101 0203 0404 0304 0101 0303 0101 0301 0202 0403 0404 0404 0202 0101 0101 0404 0101 0202 0202 0101 0202 0204 0101 0101 0202 0202 0303 0403 0303 0101 0101 0303 0101 0101 0403 0101 0204 0404 0404 0101 0301 0202 0202 0202 0404 0402 0101 0203 0102 0104 0201 0101 0303 0401 0303 0404 0203 0403 0102 0402 0302 0204 0104 0402 0101 0303 0401 0103 0303 0303 0202 0403 0101 0404 0101 0202 0304 0404 0404 0101 0404 0303 0404 0303 0202 0202 0202 0104 0303 0202 0403 0303 0203 0404 0202 0303 0303 0101 0202 0104 0204 0303 0101 0404 0403 0101 0303 0304 0202 0202 0201 0203 0204 0202 0201 0403 0404 0404 0404 0301 0404 0104 0202 0204 0204 0101 0404 0404 0101 0303 0202 0303 0103 0302 0303 0202 0101 0101 0401 0202 0202 0302 0101 0303 0404 0303 0202 0202 0101 0401 
73 , 0404 0101 0101 0101 0202 0404 0102 0303 0203 0404 0101 0303 0403 0403 0103 0303 0101 0101 0404 0403 0204 0404 0202 0401 0101 0401 0101 0102 0204 0303 0302 0402 0101 0101 0202 0202 0203 0303 0404 0101 0101 0301 0101 0101 0303 0101 0204 0204 0403 0101 0103 0203 0202 0202 0404 0202 0201 0303 0102 0404 0202 0101 0303 0101 0103 0404 0203 0303 0201 0202 0202 0204 0401 0204 0101 0301 0104 0303 0303 0203 0204 0303 0102 0404 0101 0303 0404 0404 0204 0101 0404 0303 0304 0303 0202 0202 0202 0404 0202 0202 0303 0303 0202 0404 0202 0304 0303 0404 0202 0101 0204 0203 0201 0404 0303 0101 0203 0304 0204 0203 0101 0303 0404 0202 0201 0304 0404 0402 0403 0103 0104 0404 0102 0204 0404 0101 0404 0404 0101 0303 0202 0403 0303 0202 0103 0202 0101 0401 0104 0202 0202 0202 0103 0303 0404 0202 0202 0202 0101 0101 
74 , 0304 0303 0101 0202 0202 0404 0201 0303 0302 0204 0101 0302 0404 0404 0101 0404 0101 0101 0204 0403 0204 0202 0202 0101 0101 0404 0201 0202 0202 0101 0202 0202 0101 0101 0102 0202 0202 0404 0404 0101 0101 0101 0101 0201 0304 0303 0402 0404 0303 0101 0301 0202 0202 0201 0404 0202 0201 0202 0201 0404 0102 0101 0303 0104 0301 0404 0203 0304 0101 0402 0303 0202 0404 0202 0101 0303 0104 0303 0404 0303 0202 0303 0101 0404 0301 0202 0404 0404 0404 0101 0404 0303 0304 0303 0202 0202 0202 0401 0303 0202 0304 0303 0202 0404 0204 0403 0303 0404 0204 0104 0402 0303 0201 0204 0303 0101 0202 0403 0202 0303 0202 0302 0404 0202 0102 0403 0104 0402 0404 0101 0401 0101 0102 0404 0404 0101 0404 0104 0101 0303 0202 0403 0303 0203 0303 0201 0101 0101 0101 0402 0202 0202 0303 0303 0303 0303 0202 0302 0101 0104 
75 , 0404 0303 0301 0101 0102 0404 0201 0303 0202 0404 0101 0303 0404 0404 0101 0303 0101 0301 0202 0403 0202 0402 0202 0101 0301 0404 0102 0202 0202 0103 0202 0402 0102 0101 0202 0202 0303 0404 0404 0101 0101 0103 0102 0102 0303 0101 0402 0204 0403 0104 0103 0203 0202 0202 0403 0402 0201 0202 0201 0404 0201 0101 0303 0104 0101 0404 0302 0403 0202 0402 0202 0202 0104 0202 0101 0303 0101 0303 0303 0303 0202 0403 0101 0404 0101 0202 0404 0404 0404 0101 0404 0303 0404 0303 0203 0101 0201 0401 0303 0202 0403 0303 0202 0404 0204 0303 0202 0404 0204 0101 0202 0303 0202 0404 0304 0101 0303 0403 0202 0202 0102 0303 0202 0202 0102 0303 0404 0404 0303 0101 0404 0404 0201 0404 0404 0101 0404 0404 0101 0303 0202 0304 0301 0203 0303 0201 0101 0101 0401 0204 0202 0202 0301 0303 0404 0302 0202 0203 0401 0401 
76 , 0404 0301 0101 0202 0102 0404 0101 0304 0202 0202 0101 0303 0403 0404 0101 0304 0301 0103 0204 0303 0404 0202 0204 0101 0101 0404 0101 0202 0202 0103 0302 0204 0101 0301 0202 0202 0303 0304 0304 0101 0101 0301 0101 0101 0303 0101 0204 0404 0304 0401 0301 0202 0202 0202 0404 0204 0101 0203 0102 0404 0101 0101 0303 0101 0101 0404 0303 0304 0101 0202 0202 0202 0404 0402 0101 0303 0101 0303 0403 0303 0202 0303 0101 0404 0101 0303 0304 0404 0404 0103 0402 0303 0303 0303 0202 0202 0101 0104 0203 0202 0404 0302 0202 0404 0202 0404 0202 0401 0204 0101 0202 0303 0202 0404 0304 0101 0302 0403 0402 0202 0101 0203 0402 0202 0202 0303 0104 0404 0404 0303 0404 0401 0201 0202 0402 0201 0404 0404 0101 0302 0402 0403 0301 0302 0303 0202 0101 0404 0101 0402 0202 0202 0301 0303 0403 0202 0202 0303 0101 0104 
77 , 0404 0101 0101 0101 0201 0404 0101 0303 0203 0204 0201 0303 0303 0404 0103 0303 0101 0101 0402 0403 0202 0404 0202 0101 0101 0404 0101 0202 0202 0301 0203 0202 0101 0101 0202 0202 0303 0404 0304 0104 0101 0101 0101 0101 0403 0101 0204 0402 0304 0101 0101 0202 0202 0202 0404 0202 0102 0302 0201 0404 0101 0101 0101 0104 0301 0404 0303 0304 0201 0402 0202 0202 0401 0404 0101 0303 0101 0303 0303 0303 0202 0403 0101 0404 0101 0302 0403 0404 0404 0101 0404 0303 0403 0303 0202 0202 0201 0404 0303 0202 0303 0303 0202 0404 0202 0404 0202 0404 0202 0401 0202 0303 0202 0404 0404 0101 0202 0304 0204 0302 0101 0303 0402 0201 0201 0403 0401 0404 0404 0101 0404 0401 0101 0402 0404 0201 0304 0404 0101 0303 0202 0303 0101 0202 0303 0202 0101 0101 0101 0204 0202 0202 0303 0303 0404 0202 0204 0202 0101 0104 
78 , 0304 0101 0103 0202 0102 0404 0101 0404 0302 0204 0101 0202 0404 0304 0103 0303 0101 0101 0202 0304 0202 0202 0202 0101 0101 0104 0101 0102 0204 0103 0202 0402 0101 0301 0102 0202 0203 0404 0404 0101 0101 0303 0201 0101 0303 0103 0402 0404 0304 0101 0301 0203 0202 0102 0404 0202 0102 0202 0202 0404 0102 0101 0303 0101 0303 0404 0303 0304 0101 0202 0203 0202 0404 0402 0101 0301 0101 0303 0303 0303 0202 0304 0101 0404 0101 0203 0404 0304 0404 0101 0404 0303 0304 0303 0202 0202 0101 0404 0303 0402 0304 0302 0203 0404 0202 0304 0302 0404 0202 0101 0204 0303 0202 0402 0404 0101 0303 0403 0204 0202 0201 0303 0404 0202 0201 0303 0404 0404 0404 0101 0404 0101 0101 0202 0402 0201 0403 0404 0101 0303 0202 0304 0301 0203 0303 0201 0101 0104 0401 0402 0202 0302 0103 0403 0403 0303 0202 0202 0401 0404 
79 , 0404 0303 0101 0202 0202 0404 0201 0303 0203 0204 0101 0302 0403 0404 0301 0303 0101 0101 0404 0303 0202 0402 0202 0101 0101 0401 0101 0202 0202 0301 0203 0202 0101 0101 0202 0202 0302 0404 0304 0104 0101 0101 0101 0101 0403 0301 0402 0202 0404 0104 0101 0202 0202 0202 0404 0204 0101 0302 0101 0404 0202 0101 0303 0101 0301 0404 0302 0303 0201 0204 0302 0202 0404 0404 0101 0303 0101 0303 0403 0302 0202 0403 0101 0404 0101 0203 0404 0403 0404 0303 0404 0303 0303 0303 0302 0202 0202 0401 0303 0202 0403 0303 0202 0404 0204 0403 0203 0404 0202 0104 0204 0303 0202 0404 0403 0101 0203 0404 0204 0203 0202 0302 0404 0202 0201 0304 0404 0404 0404 0101 0401 0401 0202 0404 0404 0101 0403 0404 0101 0303 0202 0403 0103 0302 0301 0202 0104 0101 0101 0202 0202 0202 0101 0303 0304 0303 0202 0302 0104 0101 
80 , 0404 0103 0101 0202 0201 0404 0101 0303 0302 0404 0101 0302 0304 0403 0101 0304 0101 0101 0202 0303 0202 0402 0202 0101 0103 0404 0101 0202 0202 0103 0202 0202 0101 0101 0202 0202 0303 0404 0304 0101 0101 0103 0101 0201 0304 0103 0402 0202 0403 0104 0101 0202 0202 0202 0404 0202 0101 0203 0202 0404 0102 0101 0303 0101 0303 0402 0203 0304 0102 0402 0203 0202 0401 0404 0101 0103 0101 0303 0303 0303 0402 0304 0101 0404 0101 0303 0404 0404 0404 0103 0404 0304 0404 0303 0202 0201 0101 0104 0303 0202 0303 0303 0202 0402 0202 0404 0203 0404 0202 0101 0404 0303 0201 0404 0404 0401 0303 0304 0404 0302 0101 0303 0204 0201 0202 0303 0404 0404 0404 0101 0404 0104 0102 0404 0404 0201 0404 0104 0101 0303 0202 0304 0103 0202 0303 0201 0101 0401 0401 0402 0202 0203 0101 0303 0403 0203 0202 0202 0101 0404 
81 , 0404 0103 0301 0201 0202 0204 0202 0303 0303 0404 0101 0203 0404 0304 0101 0404 0101 0101 0202 0303 0202 0404 0204 0101 0303 0404 0101 0202 0202 0303 0202 0402 0101 0101 0202 0202 0303 0403 0303 0101 0101 0303 0201 0102 0303 0301 0404 0404 0304 0401 0303 0302 0202 0202 0404 0402 0201 0302 0202 0401 0102 0101 0103 0101 0103 0404 0303 0403 0102 0402 0202 0202 0104 0204 0101 0303 0101 0303 0403 0303 0402 0304 0101 0404 0101 0203 0403 0304 0404 0101 0204 0303 0403 0303 0203 0102 0102 0404 0303 0202 0303 0303 0302 0204 0204 0404 0202 0404 0202 0104 0202 0303 0202 0404 0304 0101 0202 0404 0202 0303 0101 0303 0404 0202 0202 0303 0104 0404 0403 0101 0401 0404 0201 0204 0404 0101 0404 0401 0101 0303 0202 0303 0301 0202 0303 0201 0101 0104 0101 0204 0202 0202 0103 0303 0403 0202 0202 0202 0104 0401 
82 , 0304 0101 0101 0102 0102 0404 0101 0303 0302 0404 0201 0202 0404 0403 0101 0403 0101 0101 0404 0303 0202 0202 0202 0101 0103 0404 0101 0202 0402 0101 0202 0204 0101 0101 0202 0202 0303 0404 0404 0101 0101 0303 0101 0201 0304 0103 0404 0204 0303 0104 0101 0302 0202 0102 0404 0202 0101 0202 0102 0404 0202 0401 0303 0101 0301 0202 0303 0304 0202 0404 0203 0402 0401 0404 0101 0301 0101 0303 0403 0303 0202 0304 0101 0404 0101 0302 0404 0404 0204 0103 0404 0304 0403 0303 0202 0201 0201 0404 0303 0202 0303 0303 0202 0404 0202 0404 0303 0404 0204 0401 0204 0303 0101 0404 0304 0101 0303 0304 0204 0202 0101 0203 0404 0201 0202 0404 0401 0404 0303 0101 0404 0404 0202 0404 0404 0101 0404 0404 0401 0303 0402 0304 0103 0202 0303 0202 0101 0101 0101 0204 0202 0203 0301 0403 0303 0303 0202 0202 0104 0404 
83 , 0403 0103 0101 0101 0202 0404 0201 0303 0203 0402 0102 0303 0404 0404 0101 0404 0301 0103 0204 0303 0404 0402 0402 0104 0101 0404 0101 0202 0202 0303 0202 0404 0101 0101 0202 0202 0303 0404 0404 0101 0101 0101 0201 0101 0403 0101 0402 0404 0403 0104 0101 0202 0202 0202 0404 0402 0101 0202 0201 0104 0101 0101 0303 0101 0303 0404 0303 0404 0201 0402 0202 0202 0104 0202 0101 0303 0101 0303 0303 0303 0402 0304 0101 0404 0101 0302 0403 0403 0202 0103 0404 0303 0304 0303 0303 0202 0102 0101 0303 0204 0303 0303 0202 0402 0202 0304 0302 0404 0204 0101 0404 0303 0201 0202 0404 0101 0203 0404 0204 0203 0101 0303 0402 0202 0202 0404 0404 0404 0304 0103 0401 0401 0201 0404 0404 0101 0403 0404 0401 0203 0202 0404 0101 0202 0103 0202 0101 0401 0101 0202 0202 0202 0303 0303 0403 0302 0202 0302 0401 0101 
84 , 0403 0101 0301 0201 0202 0404 0202 0303 0302 0402 0101 0303 0404 0404 0101 0303 0101 0101 0202 0303 0204 0202 0402 0101 0101 0404 0101 0202 0202 0101 0202 0204 0101 0101 0201 0203 0202 0403 0403 0101 0101 0303 0101 0101 0303 0101 0204 0404 0304 0404 0301 0202 0202 0202 0304 0202 0201 0302 0202 0404 0202 0101 0303 0101 0303 0204 0303 0303 0101 0202 0302 0202 0404 0404 0101 0303 0104 0301 0403 0303 0202 0304 0101 0404 0101 0302 0404 0403 0404 0301 0404 0403 0303 0403 0302 0202 0102 0404 0303 0202 0403 0303 0202 0402 0202 0404 0203 0404 0202 0104 0202 0303 0202 0404 0403 0101 0203 0403 0202 0302 0101 0302 0404 0202 0202 0403 0401 0404 0403 0101 0404 0104 0201 0404 0404 0201 0404 0404 0101 0303 0202 0304 0301 0202 0303 0102 0101 0104 0101 0204 0202 0202 0103 0303 0303 0203 0202 0203 0404 0104 
85 , 0304 0101 0301 0102 0101 0404 0201 0303 0303 0404 0101 0302 0403 0404 0101 0303 0101 0101 0402 0303 0402 0402 0202 0101 0101 0404 0101 0202 0202 0101 0202 0402 0101 0101 0202 0302 0303 0404 0403 0101 0101 0103 0101 0101 0304 0101 0204 0402 0404 0401 0301 0202 0202 0202 0404 0404 0101 0303 0101 0404 0102 0101 0303 0401 0303 0404 0303 0303 0102 0202 0202 0402 0404 0404 0101 0303 0101 0303 0403 0302 0202 0403 0101 0404 0101 0203 0404 0404 0404 0303 0402 0303 0404 0303 0203 0202 0101 0101 0203 0202 0303 0303 0202 0404 0204 0303 0203 0404 0202 0101 0404 0303 0202 0204 0403 0101 0303 0403 0202 0303 0101 0203 0402 0202 0102 0303 0404 0402 0304 0101 0404 0401 0202 0204 0404 0101 0404 0404 0101 0303 0402 0303 0101 0202 0303 0202 0101 0101 0101 0202 0202 0202 0101 0303 0403 0302 0202 0303 0101 0401 
86 , 0303 0103 0301 0101 0202 0404 0101 0404 0202 0204 0101 0202 0404 0304 0101 0404 0101 0101 0202 0303 0204 0404 0202 0104 0303 0404 0201 0102 0202 0101 0202 0202 0101 0101 0202 0202 0203 0404 0404 0401 0101 0101 0101 0101 0304 0101 0202 0404 0404 0101 0101 0302 0202 0202 0404 0402 0102 0203 0102 0404 0201 0101 0303 0101 0303 0404 0303 0303 0201 0402 0303 0202 0104 0404 0101 0303 0101 0303 0304 0303 0202 0303 0101 0404 0101 0202 0404 0404 0404 0101 0404 0403 0304 0303 0202 0202 0102 0101 0203 0204 0304 0302 0203 0404 0202 0403 0202 0404 0204 0101 0404 0303 0202 0404 0303 0101 0202 0303 0202 0302 0102 0203 0404 0202 0101 0403 0404 0404 0403 0101 0404 0101 0202 0404 0404 0201 0304 0404 0101 0303 0202 0303 0303 0202 0303 0101 0101 0101 0101 0402 0202 0202 0101 0303 0404 0203 0202 0302 0101 0104 
87 , 0403 0103 0101 0102 0201 0404 0102 0304 0302 0402 0201 0302 0304 0403 0101 0304 0301 0101 0402 0403 0202 0204 0202 0101 0101 0404 0101 0202 0202 0101 0202 0202 0101 0101 0202 0203 0303 0404 0304 0104 0101 0103 0101 0101 0303 0301 0402 0204 0403 0101 0303 0202 0202 0202 0404 0204 0202 0303 0201 0404 0202 0101 0301 0101 0103 0404 0303 0303 0101 0404 0202 0202 0404 0204 0101 0303 0101 0303 0403 0203 0202 0303 0101 0404 0101 0302 0404 0404 0402 0101 0404 0404 0403 0303 0202 0202 0201 0104 0303 0202 0303 0303 0203 0404 0202 0403 0202 0401 0202 0101 0402 0303 0202 0404 0404 0101 0203 0403 0402 0203 0102 0303 0204 0202 0202 0403 0404 0404 0304 0101 0404 0401 0202 0204 0402 0101 0303 0404 0401 0303 0202 0403 0303 0203 0303 0202 0101 0104 0101 0402 0202 0302 0101 0303 0403 0303 0202 0202 0104 0401 
88 , 0304 0101 0103 0201 0202 0404 0201 0303 0302 0404 0101 0303 0403 0404 0101 0304 0101 0101 0202 0304 0202 0402 0202 0101 0101 0404 0101 0102 0204 0103 0202 0204 0102 0101 0202 0203 0303 0304 0403 0401 0101 0303 0101 0101 0303 0101 0402 0404 0303 0101 0303 0302 0202 0202 0404 0202 0201 0202 0202 0404 0102 0101 0103 0101 0303 0404 0303 0303 0102 0202 0303 0202 0404 0402 0101 0103 0104 0303 0403 0303 0202 0303 0102 0404 0101 0202 0304 0404 0202 0101 0404 0303 0404 0303 0202 0202 0102 0401 0303 0202 0303 0203 0202 0404 0202 0404 0202 0401 0402 0401 0404 0303 0202 0404 0404 0101 0203 0403 0204 0202 0101 0303 0404 0202 0202 0403 0404 0404 0404 0101 0404 0404 0202 0404 0204 0101 0404 0404 0101 0303 0202 0404 0101 0202 0303 0202 0101 0401 0101 0404 0302 0202 0303 0304 0403 0202 0402 0202 0101 0401 
89 , 0404 0301 0103 0101 0102 0404 0101 0403 0303 0402 0101 0302 0304 0403 0101 0303 0103 0101 0202 0303 0202 0404 0202 0104 0101 0401 0101 0202 0402 0101 0203 0204 0201 0101 0201 0202 0303 0404 0304 0101 0101 0103 0201 0101 0303 0101 0404 0204 0404 0401 0303 0202 0202 0202 0404 0402 0202 0302 0202 0404 0202 0101 0303 0101 0103 0404 0302 0304 0201 0402 0202 0202 0404 0202 0101 0303 0401 0301 0404 0303 0202 0403 0101 0404 0101 0202 0404 0304 0404 0101 0404 0304 0404 0303 0302 0202 0102 0404 0303 0202 0403 0303 0202 0404 0202 0303 0202 0404 0202 0401 0402 0303 0202 0204 0403 0101 0303 0304 0404 0302 0102 0303 0404 0102 0202 0303 0101 0402 0403 0101 0404 0404 0102 0402 0404 0201 0304 0404 0104 0303 0202 0303 0303 0202 0303 0202 0101 0401 0101 0404 0202 0202 0103 0304 0304 0202 0402 0202 0101 0104 
90 , 0404 0101 0101 0101 0201 0404 0201 0303 0303 0404 0101 0302 0403 0404 0101 0303 0301 0101 0202 0303 0202 0402 0202 0401 0101 0404 0101 0202 0202 0301 0202 0402 0101 0101 0202 0302 0303 0404 0404 0401 0101 0301 0201 0101 0303 0101 0404 0204 0403 0104 0101 0202 0202 0202 0404 0202 0202 0202 0201 0404 0202 0101 0301 0101 0301 0404 0203 0303 0101 0404 0202 0202 0404 0404 0101 0303 0101 0303 0403 0303 0202 0303 0101 0404 0101 0303 0403 0404 0404 0101 0402 0303 0403 0303 0202 0202 0202 0404 0303 0202 0304 0203 0202 0404 0402 0303 0202 0404 0202 0404 0404 0303 0202 0404 0303 0101 0202 0404 0204 0302 0102 0303 0402 0202 0101 0304 0401 0204 0403 0101 0104 0404 0201 0402 0404 0102 0404 0401 0101 0302 0202 0303 0301 0202 0103 0202 0101 0401 0101 0204 0202 0202 0103 0303 0404 0302 0202 0302 0101 0104 
91 , 0304 0101 0103 0101 0101 0204 0202 0303 0302 0404 0101 0303 0403 0303 0101 0303 0101 0101 0204 0303 0404 0204 0204 0101 0101 0404 0101 0202 0202 0101 0202 0204 0102 0101 0202 0202 0303 0303 0304 0104 0101 0101 0101 0101 0303 0301 0204 0404 0303 0401 0303 0302 0202 0202 0404 0202 0101 0203 0202 0404 0202 0101 0303 0101 0303 0404 0302 0404 0102 0202 0202 0202 0404 0402 0401 0301 0101 0303 0303 0303 0402 0403 0101 0404 0103 0302 0404 0304 0202 0101 0404 0303 0304 0303 0203 0202 0101 0401 0303 0202 0303 0303 0302 0404 0202 0404 0302 0404 0202 0101 0404 0303 0102 0404 0403 0101 0203 0403 0202 0202 0101 0303 0404 0201 0202 0303 0404 0404 0304 0301 0404 0401 0101 0404 0404 0201 0404 0404 0104 0303 0202 0303 0103 0302 0303 0201 0101 0401 0101 0202 0202 0203 0303 0304 0404 0302 0402 0302 0104 0404 
92 , 0304 0103 0301 0102 0202 0404 0202 0303 0302 0404 0102 0302 0404 0403 0301 0303 0103 0101 0404 0303 0402 0204 0402 0101 0101 0401 0101 0202 0202 0301 0202 0202 0101 0101 0202 0302 0303 0404 0304 0101 0101 0101 0101 0101 0303 0301 0202 0404 0404 0401 0301 0202 0202 0202 0404 0402 0101 0203 0102 0404 0201 0401 0303 0404 0101 0404 0202 0304 0102 0402 0302 0404 0404 0402 0101 0301 0101 0303 0304 0303 0402 0403 0102 0404 0101 0202 0304 0404 0404 0303 0404 0303 0404 0303 0202 0202 0102 0104 0302 0202 0404 0303 0202 0404 0202 0404 0302 0404 0202 0101 0402 0303 0202 0404 0404 0101 0303 0403 0204 0302 0101 0203 0402 0202 0202 0304 0101 0404 0303 0301 0404 0104 0202 0204 0404 0101 0404 0104 0101 0303 0402 0303 0101 0202 0303 0201 0101 0101 0101 0402 0202 0202 0101 0403 0404 0303 0402 0203 0101 0401 
93 , 0304 0301 0101 0202 0201 0404 0202 0303 0203 0404 0102 0203 0404 0404 0101 0304 0101 0101 0202 0403 0202 0404 0402 0101 0101 0401 0102 0202 0202 0103 0202 0402 0101 0101 0202 0203 0303 0304 0403 0104 0101 0301 0101 0102 0303 0301 0402 0404 0304 0101 0303 0202 0202 0201 0404 0202 0201 0202 0101 0401 0201 0401 0303 0101 0301 0404 0202 0303 0101 0202 0303 0402 0404 0404 0101 0103 0101 0301 0403 0303 0204 0303 0101 0404 0103 0202 0404 0403 0204 0101 0404 0303 0404 0303 0302 0202 0202 0404 0303 0202 0304 0303 0202 0402 0202 0403 0202 0404 0204 0401 0404 0303 0202 0402 0404 0401 0303 0403 0204 0202 0101 0303 0204 0202 0201 0404 0401 0402 0403 0101 0401 0404 0202 0402 0204 0101 0404 0404 0101 0303 0202 0303 0103 0203 0301 0101 0101 0101 0101 0202 0302 0202 0303 0303 0303 0203 0402 0202 0101 0404 
94 , 0404 0101 0103 0101 0201 0404 0101 0303 0203 0404 0101 0303 0404 0404 0101 0303 0101 0103 0202 0303 0202 0404 0202 0101 0101 0104 0101 0202 0204 0303 0202 0404 0101 0101 0202 0302 0303 0404 0304 0401 0201 0101 0101 0102 0303 0301 0204 0404 0303 0104 0301 0203 0202 0202 0404 0202 0102 0302 0101 0404 0101 0101 0303 0104 0303 0404 0303 0403 0102 0202 0303 0202 0401 0402 0101 0303 0101 0301 0303 0303 0202 0303 0102 0404 0101 0202 0403 0404 0204 0101 0404 0304 0404 0303 0202 0202 0102 0404 0302 0202 0304 0303 0202 0404 0202 0304 0202 0104 0202 0101 0404 0303 0202 0204 0404 0101 0203 0404 0202 0202 0101 0303 0404 0202 0202 0303 0401 0404 0303 0301 0401 0104 0102 0402 0404 0101 0404 0404 0104 0303 0202 0403 0301 0202 0303 0201 0101 0101 0101 0204 0202 0202 0301 0303 0303 0203 0202 0302 0404 0401 
95 , 0404 0303 0101 0102 0202 0204 0101 0303 0202 0404 0101 0202 0403 0404 0103 0304 0103 0101 0202 0303 0202 0202 0204 0101 0101 0404 0101 0202 0202 0103 0202 0204 0101 0101 0202 0202 0303 0404 0404 0101 0101 0101 0202 0201 0303 0303 0204 0404 0404 0101 0101 0203 0202 0202 0404 0404 0101 0303 0201 0404 0202 0101 0303 0401 0303 0204 0303 0303 0102 0202 0302 0202 0101 0202 0101 0303 0101 0303 0404 0303 0404 0303 0101 0404 0101 0202 0404 0404 0404 0101 0404 0303 0404 0303 0202 0202 0202 0401 0303 0202 0404 0302 0202 0404 0202 0303 0202 0404 0402 0101 0404 0303 0202 0404 0303 0101 0302 0304 0204 0202 0101 0302 0402 0202 0102 0304 0401 0402 0304 0101 0104 0404 0102 0404 0404 0101 0404 0404 0401 0303 0204 0303 0301 0202 0303 0201 0101 0401 0404 0202 0202 0203 0101 0403 0404 0202 0202 0302 0404 0404 
96 , 0304 0301 0101 0102 0202 0404 0101 0303 0302 0404 0101 0203 0403 0404 0101 0403 0101 0101 0202 0304 0202 0404 0202 0101 0301 0401 0102 0202 0202 0103 0202 0204 0101 0101 0202 0203 0303 0403 0404 0101 0101 0303 0102 0102 0303 0303 0404 0404 0304 0101 0101 0202 0302 0202 0404 0402 0101 0302 0202 0404 0202 0101 0303 0101 0101 0404 0303 0304 0201 0202 0202 0402 0104 0204 0101 0301 0401 0303 0403 0303 0202 0303 0201 0404 0301 0302 0403 0303 0404 0101 0404 0303 0403 0303 0202 0202 0201 0104 0303 0204 0303 0303 0202 0404 0202 0304 0302 0404 0202 0104 0402 0303 0202 0404 0304 0101 0203 0403 0204 0302 0201 0302 0402 0202 0202 0303 0404 0402 0403 0101 0401 0104 0202 0402 0404 0101 0403 0401 0101 0303 0202 0303 0103 0202 0303 0102 0101 0401 0101 0204 0202 0202 0303 0303 0304 0302 0202 0303 0404 0101 
97 , 0404 0103 0301 0101 0102 0404 0101 0303 0302 0404 0101 0303 0404 0403 0101 0303 0101 0301 0404 0303 0202 0404 0202 0101 0101 0404 0101 0201 0202 0101 0202 0204 0101 0101 0102 0202 0303 0404 0404 0104 0101 0301 0101 0101 0303 0301 0202 0402 0303 0401 0101 0303 0202 0202 0304 0202 0201 0202 0201 0404 0202 0401 0103 0101 0303 0204 0303 0304 0201 0404 0302 0202 0401 0202 0101 0301 0101 0303 0304 0303 0202 0303 0101 0404 0101 0303 0404 0404 0404 0301 0404 0303 0304 0303 0202 0202 0201 0401 0303 0204 0304 0303 0202 0404 0202 0304 0202 0104 0202 0101 0204 0303 0202 0404 0404 0101 0203 0403 0202 0302 0201 0202 0402 0202 0201 0303 0401 0402 0404 0101 0404 0104 0101 0404 0402 0102 0304 0404 0101 0302 0202 0303 0301 0202 0303 0201 0101 0101 0101 0402 0203 0202 0101 0304 0403 0303 0202 0202 0101 0101 
98 , 0404 0303 0103 0202 0201 0404 0101 0303 0203 0404 0101 0202 0404 0404 0101 0404 0101 0303 0202 0403 0202 0404 0204 0101 0101 0404 0101 0202 0202 0101 0302 0402 0101 0101 0202 0202 0303 0404 0403 0101 0101 0101 0101 0101 0303 0101 0404 0404 0404 0104 0101 0202 0202 0202 0404 0204 0201 0202 0202 0404 0201 0404 0301 0101 0301 0404 0303 0403 0101 0402 0202 0204 0104 0402 0101 0303 0101 0303 0303 0303 0202 0303 0101 0404 0101 0303 0404 0404 0204 0101 0402 0403 0304 0303 0202 0202 0201 0401 0303 0404 0404 0303 0202 0404 0202 0403 0202 0404 0402 0104 0404 0303 0102 0404 0304 0101 0203 0304 0202 0303 0202 0303 0402 0202 0202 0403 0104 0404 0404 0301 0404 0401 0201 0202 0404 0101 0404 0404 0101 0303 0202 0403 0301 0203 0303 0202 0101 0101 0101 0202 0202 0202 0103 0303 0303 0202 0202 0203 0104 0101 
99 , 0304 0303 0301 0102 0202 0404 0101 0304 0303 0404 0101 0303 0303 0303 0101 0403 0101 0103 0202 0303 0202 0402 0202 0101 0301 0404 0101 0202 0202 0103 0302 0202 0101 0101 0202 0302 0303 0403 0404 0101 0101 0101 0101 0101 0303 0101 0204 0404 0303 0101 0101 0202 0302 0202 0304 0402 0102 0202 0202 0401 0202 0101 0303 0101 0101 0404 0203 0303 0202 0402 0203 0202 0404 0204 0101 0303 0401 0303 0304 0303 0204 0303 0101 0404 0101 0302 0404 0304 0404 0101 0404 0303 0403 0303 0302 0202 0202 0401 0203 0204 0303 0303 0202 0404 0202 0303 0303 0404 0202 0101 0204 0303 0202 0404 0403 0101 0303 0404 0202 0303 0202 0303 0404 0202 0202 0303 0104 0404 0404 0101 0401 0101 0202 0204 0402 0102 0403 0404 0101 0303 0202 0304 0101 0203 0303 0101 0101 0101 0101 0202 0202 0302 0103 0303 0303 0303 0202 0303 0404 0401 
100 , 0404 0301 0301 0201 0202 0404 0102 0304 0302 0404 0101 0202 0303 0404 0101 0404 0101 0301 0402 0304 0202 0404 0202 0101 0101 0404 0101 0202 0202 0103 0202 0402 0101 0101 0202 0202 0303 0404 0304 0101 0101 0303 0101 0101 0303 0101 0402 0404 0303 0104 0303 0302 0202 0202 0403 0204 0101 0202 0202 0404 0102 0101 0301 0104 0303 0404 0303 0303 0101 0204 0203 0202 0104 0404 0101 0303 0101 0303 0404 0303 0402 0404 0101 0304 0101 0202 0404 0404 0404 0103 0404 0304 0304 0303 0203 0202 0201 0401 0303 0402 0304 0303 0202 0404 0202 0303 0302 0404 0202 0401 0204 0303 0202 0402 0403 0101 0202 0403 0204 0203 0102 0303 0202 0202 0202 0304 0104 0402 0404 0101 0404 0401 0102 0402 0402 0101 0404 0404 0101 0303 0202 0303 0101 0302 0303 0202 0401 0101 0101 0402 0202 0302 0301 0303 0304 0302 0202 0203 0104 0401 
