Auto-generated genotype output.
1
2
3
4
5
6
7
8
9
10
11
12
13
14
15
16
17
18
19
20
21
22
23
24
25
26
27
28
29
30
31
32
33
34
35
36
37
38
39
40
41
42
43
44
45
46
47
48
49
50
51
52
53
54
55
56
57
58
59
60
61
62
63
64
65
66
67
68
69
70
71
72
73
74
75
76
77
78
79
80
Pop
1 , 0101 0404 0101 0303 0302 0404 0303 0103 0101 0101 0404 0101 0101 0404 0301 0302 0101 0303 0202 0303 0404 0103 0301 0401 0404 0403 0404 0404 0202 0202 0303 0202 0303 0404 0101 0102 0101 0101 0101 0101 0104 0101 0202 0303 0404 0402 0404 0303 0403 0404 0202 0203 0202 0404 0404 0202 0403 0203 0101 0202 0101 0101 0101 0101 0103 0202 0404 0402 0401 0202 0404 0101 0303 0101 0101 0101 0101 0202 0303 0301 
2 , 0101 0404 0104 0303 0303 0403 0303 0101 0101 0303 0404 0404 0101 0404 0303 0302 0202 0303 0204 0303 0404 0101 0101 0104 0404 0304 0404 0202 0201 0202 0301 0202 0303 0202 0401 0202 0101 0303 0104 0104 0104 0101 0202 0404 0404 0202 0404 0303 0303 0404 0202 0202 0202 0204 0204 0202 0403 0202 0103 0202 0301 0101 0101 0103 0301 0202 0404 0204 0101 0202 0404 0101 0303 0101 0101 0201 0301 0202 0303 0301 
3 , 0101 0404 0101 0303 0302 0404 0303 0303 0101 0103 0303 0104 0101 0202 0103 0203 0101 0303 0202 0303 0404 0103 0301 0404 0404 0304 0404 0204 0201 0202 0303 0202 0301 0204 0404 0202 0101 0101 0104 0101 0104 0104 0202 0303 0404 0404 0404 0301 0304 0404 0202 0202 0202 0404 0404 0302 0404 0203 0301 0202 0301 0101 0101 0303 0303 0101 0404 0404 0101 0202 0403 0301 0303 0101 0303 0202 0303 0202 0303 0101 
4 , 0101 0404 0101 0103 0202 0404 0303 0303 0101 0303 0404 0401 0101 0204 0103 0203 0202 0303 0202 0103 0404 0301 0101 0404 0404 0303 0404 0204 0202 0202 0103 0402 0303 0204 0101 0202 0101 0301 0101 0104 0404 0101 0202 0404 0404 0204 0304 0303 0404 0403 0202 0202 0202 0404 0402 0302 0404 0302 0103 0202 0301 0101 0301 0103 0303 0202 0404 0404 0104 0202 0404 0101 0303 0101 0303 0102 0303 0202 0303 0101 
5 , 0101 0404 0101 0303 0203 0304 0303 0301 0101 0103 0404 0104 0101 0204 0303 0203 0201 0303 0202 0303 0404 0101 0101 0404 0404 0303 0404 0204 0201 0202 0303 0202 0303 0204 0101 0201 0104 0303 0101 0401 0104 0101 0202 0404 0404 0204 0404 0303 0304 0404 0202 0202 0202 0402 0204 0202 0403 0302 0303 0202 0103 0101 0103 0301 0301 0101 0404 0404 0404 0204 0404 0101 0303 0101 0101 0201 0303 0203 0303 0101 
6 , 0102 0404 0101 0303 0203 0404 0203 0301 0101 0103 0404 0101 0101 0404 0101 0303 0202 0303 0204 0301 0304 0101 0301 0401 0404 0403 0304 0402 0102 0202 0103 0202 0103 0202 0101 0201 0104 0101 0401 0401 0101 0101 0203 0304 0403 0404 0404 0303 0303 0404 0202 0202 0202 0204 0404 0302 0304 0203 0301 0202 0303 0101 0301 0303 0303 0202 0204 0202 0401 0202 0404 0101 0303 0401 0303 0201 0303 0202 0303 0101 
7 , 0101 0404 0401 0303 0203 0404 0303 0303 0101 0303 0404 0404 0101 0204 0101 0303 0101 0303 0202 0301 0404 0301 0101 0101 0404 0403 0404 0404 0202 0202 0303 0202 0303 0204 0101 0202 0101 0303 0104 0101 0404 0101 0202 0303 0404 0204 0304 0301 0404 0404 0202 0203 0202 0204 0404 0202 0404 0302 0303 0202 0303 0101 0101 0103 0103 0201 0404 0202 0401 0204 0404 0101 0303 0101 0301 0202 0303 0202 0303 0301 
8 , 0101 0104 0101 0303 0202 0304 0303 0303 0101 0301 0403 0101 0101 0404 0103 0302 0201 0303 0402 0303 0404 0101 0101 0104 0404 0303 0404 0404 0202 0202 0301 0202 0303 0202 0101 0202 0101 0101 0401 0104 0104 0101 0202 0404 0404 0404 0404 0103 0304 0403 0202 0202 0202 0404 0404 0302 0404 0303 0303 0202 0103 0104 0101 0303 0103 0202 0404 0204 0101 0202 0404 0101 0303 0101 0303 0102 0303 0202 0303 0101 
9 , 0101 0401 0101 0303 0303 0404 0303 0301 0101 0301 0404 0104 0101 0202 0303 0203 0202 0303 0202 0101 0404 0301 0101 0401 0404 0303 0404 0204 0202 0202 0301 0202 0303 0202 0404 0201 0101 0101 0404 0101 0101 0101 0203 0404 0404 0404 0404 0303 0303 0404 0202 0202 0402 0404 0404 0202 0404 0202 0301 0202 0301 0104 0101 0103 0103 0202 0202 0204 0404 0202 0404 0101 0303 0101 0103 0101 0303 0202 0303 0101 
10 , 0101 0401 0101 0303 0303 0304 0303 0303 0101 0101 0403 0401 0101 0204 0103 0203 0202 0303 0202 0101 0404 0101 0301 0401 0404 0304 0404 0202 0101 0202 0103 0204 0303 0202 0101 0101 0101 0301 0401 0401 0401 0101 0202 0403 0404 0402 0304 0301 0403 0404 0202 0202 0402 0204 0404 0203 0303 0302 0303 0202 0301 0101 0301 0103 0101 0202 0404 0402 0101 0202 0404 0101 0303 0101 0303 0102 0303 0202 0303 0101 
11 , 0101 0404 0401 0303 0303 0404 0303 0301 0101 0103 0404 0401 0101 0204 0303 0302 0102 0303 0202 0101 0403 0103 0103 0104 0404 0403 0404 0204 0202 0203 0301 0402 0103 0204 0101 0202 0101 0103 0401 0101 0104 0101 0202 0403 0404 0204 0304 0103 0303 0404 0202 0203 0202 0404 0404 0202 0304 0202 0303 0302 0303 0101 0301 0301 0103 0202 0404 0204 0401 0202 0404 0103 0303 0101 0303 0101 0303 0202 0303 0101 
12 , 0201 0404 0101 0103 0303 0304 0303 0101 0101 0101 0403 0404 0101 0404 0101 0203 0202 0303 0202 0301 0404 0103 0303 0101 0404 0403 0404 0202 0201 0202 0303 0202 0303 0202 0104 0201 0104 0301 0401 0104 0101 0101 0302 0304 0403 0204 0404 0303 0304 0404 0202 0202 0202 0402 0404 0202 0403 0302 0101 0302 0303 0101 0101 0301 0303 0201 0402 0204 0401 0202 0404 0101 0303 0101 0303 0202 0103 0202 0303 0103 
13 , 0101 0404 0101 0103 0303 0404 0203 0303 0101 0303 0404 0101 0101 0404 0101 0203 0201 0302 0202 0303 0404 0101 0301 0104 0404 0403 0404 0404 0202 0202 0303 0402 0303 0202 0101 0202 0104 0303 0401 0101 0101 0101 0202 0404 0404 0404 0404 0303 0304 0404 0202 0203 0202 0404 0402 0302 0404 0202 0101 0202 0303 0101 0101 0301 0303 0202 0404 0202 0401 0202 0404 0101 0303 0101 0303 0201 0103 0202 0303 0103 
14 , 0102 0404 0101 0103 0302 0404 0303 0301 0101 0301 0304 0401 0101 0402 0301 0303 0202 0303 0202 0303 0404 0101 0103 0404 0404 0404 0404 0402 0202 0203 0303 0202 0303 0202 0104 0201 0101 0103 0101 0101 0404 0101 0202 0404 0404 0202 0404 0303 0303 0404 0202 0202 0202 0404 0402 0203 0304 0303 0303 0202 0303 0401 0101 0303 0103 0202 0404 0402 0104 0202 0404 0101 0303 0101 0101 0202 0303 0202 0303 0301 
15 , 0101 0404 0101 0303 0303 0304 0303 0303 0101 0103 0404 0101 0401 0202 0303 0203 0202 0303 0202 0301 0404 0301 0101 0401 0403 0404 0404 0402 0201 0302 0303 0204 0303 0202 0101 0201 0101 0301 0401 0101 0401 0101 0202 0403 0404 0202 0404 0303 0403 0404 0202 0302 0402 0204 0204 0202 0403 0202 0303 0202 0301 0401 0101 0303 0301 0202 0404 0402 0401 0204 0404 0101 0303 0101 0103 0202 0303 0202 0303 0101 
16 , 0102 0404 0101 0303 0203 0404 0303 0301 0101 0301 0404 0101 0401 0402 0301 0303 0102 0203 0202 0103 0404 0301 0303 0404 0404 0304 0404 0402 0201 0302 0303 0202 0303 0202 0101 0201 0101 0101 0404 0101 0104 0101 0202 0403 0304 0402 0404 0303 0303 0403 0202 0202 0202 0404 0404 0202 0404 0303 0103 0202 0303 0101 0301 0303 0103 0202 0404 0404 0404 0202 0404 0101 0403 0101 0101 0102 0303 0202 0303 0101 
17 , 0101 0404 0101 0103 0302 0404 0302 0303 0101 0101 0304 0101 0401 0204 0101 0303 0102 0303 0202 0101 0404 0303 0303 0401 0404 0303 0404 0404 0202 0202 0301 0202 0303 0404 0104 0201 0101 0303 0404 0101 0401 0101 0202 0303 0404 0202 0304 0103 0403 0404 0202 0302 0202 0402 0404 0202 0404 0202 0301 0202 0301 0101 0101 0301 0103 0202 0402 0202 0404 0402 0404 0101 0303 0101 0303 0101 0301 0202 0303 0101 
18 , 0101 0404 0101 0303 0303 0304 0302 0101 0101 0101 0404 0404 0104 0404 0301 0203 0102 0303 0202 0101 0404 0101 0103 0404 0404 0303 0404 0404 0201 0203 0303 0402 0303 0202 0101 0102 0101 0101 0401 0401 0401 0101 0202 0303 0404 0404 0404 0301 0303 0403 0202 0202 0402 0202 0404 0202 0304 0302 0303 0202 0301 0101 0301 0101 0103 0202 0404 0402 0404 0402 0404 0101 0303 0101 0303 0101 0303 0202 0303 0301 
19 , 0101 0404 0101 0303 0303 0404 0303 0303 0101 0301 0403 0101 0101 0202 0301 0302 0101 0203 0202 0101 0304 0303 0301 0404 0404 0403 0404 0404 0202 0302 0303 0202 0303 0202 0101 0202 0401 0101 0404 0101 0101 0101 0202 0404 0304 0404 0404 0303 0303 0404 0202 0302 0202 0404 0404 0202 0404 0202 0103 0202 0303 0104 0301 0103 0301 0202 0404 0404 0401 0202 0404 0101 0403 0101 0303 0102 0303 0203 0303 0101 
20 , 0101 0404 0101 0303 0203 0404 0303 0303 0101 0101 0404 0404 0401 0204 0301 0202 0201 0203 0202 0301 0404 0101 0101 0404 0403 0403 0404 0204 0202 0202 0303 0402 0303 0202 0401 0202 0104 0301 0404 0101 0101 0101 0202 0403 0404 0202 0404 0303 0304 0404 0402 0303 0202 0404 0404 0203 0403 0203 0301 0202 0303 0401 0101 0303 0303 0102 0404 0404 0404 0404 0404 0103 0303 0101 0301 0202 0303 0203 0103 0101 
21 , 0101 0404 0101 0301 0303 0404 0303 0303 0301 0303 0404 0101 0101 0204 0103 0303 0102 0303 0202 0301 0404 0301 0301 0101 0404 0304 0404 0204 0101 0202 0303 0202 0303 0202 0101 0202 0101 0301 0101 0101 0401 0101 0302 0304 0304 0202 0404 0301 0303 0404 0202 0202 0202 0404 0404 0302 0403 0302 0303 0202 0301 0101 0101 0303 0301 0202 0404 0402 0101 0204 0404 0101 0303 0101 0303 0202 0303 0202 0303 0101 
22 , 0101 0404 0101 0303 0303 0404 0303 0101 0101 0301 0304 0404 0101 0204 0301 0203 0102 0303 0202 0303 0304 0301 0301 0404 0404 0303 0404 0404 0201 0202 0303 0202 0303 0202 0101 0201 0404 0103 0101 0101 0101 0101 0203 0304 0404 0204 0403 0303 0404 0404 0202 0202 0202 0402 0204 0302 0404 0203 0103 0202 0301 0101 0301 0101 0301 0202 0404 0404 0104 0204 0404 0101 0303 0101 0101 0101 0301 0202 0303 0101 
23 , 0101 0404 0104 0103 0302 0403 0303 0301 0101 0303 0404 0401 0101 0404 0101 0302 0102 0303 0202 0303 0404 0103 0101 0101 0404 0404 0304 0402 0202 0202 0103 0202 0303 0202 0401 0202 0101 0103 0101 0101 0401 0101 0202 0303 0404 0202 0404 0303 0403 0404 0202 0202 0202 0404 0404 0203 0304 0302 0303 0202 0303 0101 0301 0303 0303 0202 0404 0202 0104 0202 0404 0101 0303 0101 0103 0202 0303 0202 0303 0101 
24 , 0101 0104 0104 0303 0302 0404 0303 0103 0101 0301 0404 0404 0101 0402 0303 0302 0201 0303 0404 0301 0404 0103 0301 0101 0404 0303 0404 0202 0202 0202 0303 0202 0103 0402 0104 0202 0401 0101 0404 0104 0401 0104 0202 0404 0404 0402 0404 0303 0303 0404 0202 0202 0404 0404 0402 0302 0304 0302 0303 0202 0103 0101 0301 0103 0303 0202 0204 0202 0404 0202 0404 0101 0303 0101 0303 0102 0301 0202 0303 0101 
25 , 0101 0404 0101 0303 0202 0404 0303 0303 0101 0303 0403 0101 0101 0404 0101 0202 0202 0303 0202 0303 0404 0303 0103 0404 0404 0303 0304 0404 0202 0202 0103 0202 0303 0204 0101 0202 0101 0103 0101 0101 0101 0101 0202 0404 0404 0402 0404 0301 0404 0404 0202 0202 0204 0404 0404 0302 0404 0202 0103 0202 0303 0101 0301 0101 0303 0202 0404 0402 0404 0202 0404 0101 0303 0101 0303 0101 0103 0203 0303 0101 
26 , 0101 0404 0104 0301 0203 0404 0303 0103 0101 0303 0404 0404 0101 0404 0101 0303 0202 0303 0202 0303 0404 0103 0103 0104 0404 0403 0404 0404 0202 0202 0103 0402 0301 0404 0101 0201 0101 0301 0401 0104 0101 0101 0202 0304 0404 0402 0304 0303 0303 0304 0202 0202 0202 0404 0404 0202 0303 0202 0101 0202 0303 0101 0303 0101 0301 0202 0404 0404 0404 0202 0404 0101 0303 0401 0303 0202 0303 0202 0303 0301 
27 , 0101 0404 0101 0303 0303 0404 0303 0303 0101 0303 0404 0104 0101 0404 0301 0303 0202 0303 0204 0303 0404 0101 0103 0401 0404 0303 0404 0204 0202 0202 0303 0202 0303 0402 0104 0102 0101 0103 0401 0101 0401 0101 0202 0303 0404 0202 0304 0301 0304 0404 0202 0302 0202 0404 0404 0202 0304 0202 0301 0302 0101 0101 0101 0303 0103 0202 0404 0204 0104 0404 0404 0101 0303 0101 0301 0101 0103 0202 0303 0103 
28 , 0101 0404 0101 0303 0302 0403 0303 0301 0103 0303 0404 0104 0101 0202 0101 0202 0202 0303 0202 0301 0404 0301 0101 0101 0404 0403 0404 0202 0202 0303 0303 0204 0301 0202 0101 0202 0101 0103 0401 0101 0101 0101 0202 0303 0404 0204 0404 0303 0303 0404 0202 0202 0202 0204 0404 0302 0403 0202 0301 0203 0101 0401 0103 0303 0303 0202 0404 0202 0404 0204 0404 0101 0303 0101 0303 0201 0303 0202 0103 0103 
29 , 0101 0404 0104 0303 0303 0404 0303 0101 0101 0103 0304 0404 0101 0402 0103 0203 0101 0303 0202 0101 0404 0101 0101 0404 0304 0403 0404 0402 0202 0202 0303 0202 0303 0202 0401 0201 0104 0101 0101 0101 0104 0101 0202 0404 0404 0402 0404 0303 0303 0404 0202 0202 0204 0402 0404 0202 0304 0303 0103 0202 0103 0101 0103 0303 0303 0202 0404 0204 0104 0202 0404 0103 0303 0401 0301 0201 0303 0203 0303 0101 
30 , 0101 0404 0101 0303 0303 0404 0303 0303 0101 0101 0404 0104 0101 0402 0301 0203 0202 0303 0202 0303 0404 0303 0101 0404 0404 0303 0404 0204 0202 0202 0303 0202 0303 0402 0104 0202 0101 0101 0104 0401 0101 0101 0202 0303 0304 0204 0304 0103 0303 0404 0202 0302 0202 0204 0404 0203 0403 0302 0301 0202 0303 0101 0301 0103 0303 0202 0404 0204 0101 0202 0404 0101 0303 0101 0301 0201 0303 0202 0301 0101 
31 , 0101 0404 0101 0303 0303 0404 0303 0301 0101 0103 0404 0104 0104 0404 0101 0203 0202 0303 0202 0301 0404 0303 0301 0101 0404 0403 0404 0204 0201 0202 0303 0202 0303 0202 0401 0202 0101 0101 0104 0101 0401 0101 0202 0303 0404 0402 0404 0301 0404 0403 0202 0202 0202 0404 0404 0202 0404 0202 0303 0202 0101 0401 0101 0303 0103 0202 0404 0402 0104 0202 0404 0101 0303 0101 0303 0101 0303 0202 0303 0101 
32 , 0101 0404 0101 0303 0302 0404 0303 0101 0101 0101 0404 0104 0101 0204 0103 0203 0101 0303 0202 0101 0403 0301 0303 0404 0404 0304 0404 0404 0202 0202 0303 0202 0303 0204 0101 0202 0101 0103 0401 0101 0401 0401 0202 0303 0404 0402 0404 0303 0304 0404 0202 0203 0202 0404 0404 0203 0404 0203 0103 0202 0301 0101 0103 0303 0303 0202 0404 0402 0401 0202 0404 0101 0303 0101 0303 0101 0301 0202 0303 0101 
33 , 0101 0404 0101 0301 0203 0404 0303 0303 0101 0303 0404 0104 0101 0204 0301 0202 0102 0302 0202 0303 0404 0301 0101 0101 0404 0403 0404 0202 0201 0202 0303 0202 0303 0204 0101 0202 0101 0303 0101 0104 0401 0401 0302 0304 0404 0204 0404 0101 0304 0404 0202 0202 0202 0404 0404 0302 0403 0202 0301 0202 0303 0101 0101 0303 0103 0202 0404 0404 0404 0202 0404 0101 0303 0101 0301 0101 0303 0202 0103 0103 
34 , 0102 0401 0101 0303 0302 0304 0303 0301 0101 0301 0304 0401 0101 0202 0101 0302 0102 0303 0202 0103 0404 0303 0303 0104 0404 0404 0403 0404 0201 0202 0103 0402 0303 0402 0401 0201 0101 0301 0101 0101 0101 0101 0202 0404 0404 0202 0404 0303 0303 0404 0202 0202 0204 0404 0404 0202 0404 0202 0303 0203 0303 0401 0303 0103 0303 0202 0404 0202 0404 0202 0404 0101 0304 0101 0303 0202 0303 0202 0303 0101 
35 , 0101 0404 0104 0303 0302 0404 0303 0303 0101 0301 0404 0101 0101 0402 0301 0302 0101 0303 0202 0301 0404 0101 0101 0101 0404 0303 0404 0404 0201 0203 0303 0202 0303 0204 0101 0201 0101 0103 0101 0101 0401 0101 0202 0403 0404 0204 0404 0303 0404 0404 0202 0202 0202 0404 0404 0202 0404 0203 0303 0202 0301 0101 0101 0103 0301 0202 0404 0204 0104 0202 0404 0301 0304 0101 0303 0101 0303 0302 0303 0101 
36 , 0101 0401 0101 0303 0203 0404 0303 0101 0101 0301 0404 0401 0101 0404 0101 0302 0201 0303 0202 0303 0403 0103 0103 0104 0404 0303 0404 0404 0201 0202 0103 0402 0303 0204 0401 0201 0101 0301 0401 0104 0101 0101 0202 0303 0404 0204 0404 0303 0403 0404 0202 0202 0204 0404 0404 0202 0304 0202 0103 0202 0101 0101 0303 0303 0303 0202 0404 0202 0404 0202 0404 0101 0304 0401 0301 0202 0303 0203 0303 0301 
37 , 0101 0404 0101 0303 0303 0404 0302 0303 0101 0101 0304 0404 0404 0204 0103 0303 0102 0303 0202 0301 0404 0101 0103 0404 0404 0303 0404 0402 0202 0202 0101 0202 0103 0402 0401 0202 0101 0303 0104 0101 0401 0401 0202 0303 0404 0202 0404 0101 0303 0303 0202 0202 0202 0404 0404 0202 0403 0302 0103 0202 0301 0101 0103 0101 0303 0202 0404 0202 0404 0202 0404 0301 0303 0101 0303 0101 0303 0202 0303 0101 
38 , 0101 0404 0101 0303 0203 0404 0303 0303 0101 0103 0304 0104 0101 0404 0101 0303 0202 0303 0202 0103 0404 0303 0103 0404 0404 0403 0404 0402 0202 0202 0303 0202 0303 0202 0101 0201 0101 0301 0101 0101 0101 0101 0202 0404 0404 0404 0304 0303 0303 0404 0202 0202 0204 0404 0404 0202 0403 0302 0103 0202 0103 0104 0101 0103 0303 0202 0404 0404 0404 0202 0404 0101 0303 0101 0101 0101 0103 0202 0303 0101 
39 , 0102 0404 0104 0303 0302 0403 0303 0101 0101 0103 0403 0101 0101 0404 0301 0302 0202 0303 0202 0303 0404 0303 0101 0104 0404 0304 0404 0204 0202 0202 0303 0202 0303 0402 0101 0101 0101 0101 0401 0101 0401 0101 0202 0304 0404 0202 0304 0303 0303 0404 0202 0302 0202 0204 0404 0202 0404 0203 0303 0302 0103 0101 0301 0303 0103 0202 0404 0204 0404 0202 0404 0101 0303 0101 0303 0102 0303 0202 0303 0101 
40 , 0102 0404 0101 0303 0303 0403 0303 0103 0301 0101 0404 0104 0101 0204 0303 0302 0202 0303 0402 0301 0404 0301 0101 0404 0404 0304 0404 0202 0202 0202 0303 0204 0303 0402 0101 0202 0101 0103 0101 0101 0401 0101 0203 0304 0404 0204 0304 0303 0304 0404 0202 0302 0202 0204 0404 0202 0303 0202 0303 0202 0103 0101 0301 0303 0101 0202 0404 0202 0104 0202 0404 0101 0303 0101 0301 0101 0303 0202 0303 0101 
41 , 0101 0401 0101 0303 0203 0304 0303 0101 0101 0301 0404 0401 0101 0204 0101 0302 0202 0303 0202 0303 0404 0303 0301 0401 0404 0303 0404 0204 0202 0202 0303 0202 0303 0204 0101 0202 0101 0101 0101 0104 0104 0104 0202 0404 0404 0402 0404 0301 0303 0404 0202 0202 0402 0204 0404 0202 0404 0202 0301 0202 0301 0101 0103 0303 0303 0202 0404 0202 0401 0202 0404 0101 0303 0101 0303 0201 0303 0202 0303 0101 
42 , 0101 0104 0101 0303 0203 0304 0303 0103 0103 0103 0404 0101 0101 0204 0301 0303 0101 0303 0202 0301 0404 0103 0101 0101 0404 0304 0404 0404 0102 0202 0303 0202 0303 0202 0104 0202 0101 0101 0101 0101 0404 0401 0203 0403 0304 0202 0304 0103 0304 0404 0202 0202 0202 0404 0404 0203 0303 0302 0303 0202 0103 0101 0101 0103 0303 0202 0404 0404 0404 0202 0404 0101 0303 0101 0303 0102 0303 0202 0303 0301 
43 , 0101 0404 0101 0301 0303 0404 0303 0301 0101 0303 0403 0104 0401 0402 0301 0303 0201 0303 0202 0103 0404 0103 0103 0101 0404 0303 0404 0404 0202 0302 0303 0202 0303 0202 0101 0201 0101 0101 0104 0101 0101 0101 0202 0303 0404 0204 0404 0103 0303 0403 0202 0202 0202 0402 0404 0303 0404 0203 0301 0202 0303 0101 0101 0301 0303 0101 0204 0202 0404 0202 0404 0301 0303 0101 0103 0202 0301 0202 0303 0101 
44 , 0102 0101 0101 0303 0303 0404 0303 0303 0101 0301 0404 0101 0101 0402 0101 0203 0202 0303 0202 0101 0404 0301 0103 0401 0403 0303 0304 0402 0201 0203 0303 0402 0303 0202 0101 0202 0101 0303 0101 0101 0404 0101 0202 0403 0404 0404 0304 0303 0303 0404 0202 0202 0202 0404 0404 0303 0404 0203 0103 0202 0303 0101 0301 0103 0303 0202 0404 0402 0404 0202 0404 0101 0303 0101 0303 0202 0103 0202 0303 0101 
45 , 0101 0404 0101 0303 0302 0304 0303 0303 0103 0103 0404 0101 0401 0202 0303 0202 0202 0303 0202 0301 0404 0303 0301 0404 0404 0304 0404 0204 0202 0302 0303 0202 0303 0202 0104 0201 0101 0301 0401 0101 0401 0101 0202 0404 0404 0202 0404 0303 0403 0404 0202 0202 0402 0204 0204 0202 0404 0202 0303 0202 0303 0404 0101 0303 0303 0102 0404 0404 0401 0202 0404 0101 0303 0401 0101 0102 0303 0202 0303 0101 
46 , 0101 0404 0101 0303 0302 0404 0302 0301 0103 0303 0404 0104 0101 0202 0301 0303 0202 0302 0202 0301 0404 0301 0103 0101 0404 0303 0404 0202 0202 0203 0303 0202 0301 0202 0401 0202 0101 0101 0101 0101 0401 0401 0202 0303 0404 0404 0304 0103 0403 0404 0202 0202 0202 0402 0404 0302 0404 0302 0103 0203 0301 0101 0103 0103 0301 0202 0404 0202 0401 0202 0404 0101 0303 0101 0303 0101 0103 0302 0303 0101 
47 , 0101 0404 0101 0303 0302 0404 0303 0301 0101 0301 0304 0401 0101 0204 0301 0202 0102 0303 0202 0303 0404 0103 0301 0104 0404 0403 0404 0202 0202 0202 0303 0202 0303 0202 0101 0202 0101 0103 0101 0101 0401 0101 0202 0404 0404 0202 0404 0303 0304 0404 0202 0202 0202 0404 0404 0202 0304 0303 0303 0202 0303 0101 0101 0301 0101 0202 0404 0204 0404 0202 0404 0101 0303 0101 0303 0102 0303 0202 0303 0301 
48 , 0101 0404 0101 0303 0302 0404 0303 0303 0101 0103 0404 0104 0101 0204 0103 0303 0202 0303 0202 0101 0404 0103 0101 0101 0404 0304 0404 0402 0202 0303 0101 0202 0303 0202 0101 0201 0101 0101 0104 0101 0104 0101 0202 0304 0404 0202 0404 0103 0304 0404 0202 0302 0202 0404 0404 0302 0403 0202 0301 0202 0101 0101 0101 0303 0301 0202 0404 0202 0404 0202 0404 0301 0303 0101 0301 0201 0303 0202 0303 0101 
49 , 0101 0404 0101 0303 0303 0403 0203 0301 0101 0101 0404 0101 0101 0204 0101 0303 0102 0303 0202 0303 0404 0103 0103 0404 0404 0303 0404 0204 0202 0202 0303 0402 0303 0202 0404 0202 0104 0103 0401 0101 0404 0101 0202 0403 0404 0404 0404 0303 0403 0404 0202 0302 0202 0204 0404 0302 0404 0202 0301 0203 0301 0101 0101 0301 0301 0202 0404 0402 0101 0202 0404 0101 0303 0101 0103 0101 0103 0202 0303 0101 
50 , 0201 0104 0101 0303 0303 0404 0303 0303 0101 0103 0304 0104 0101 0204 0301 0202 0102 0303 0202 0103 0404 0101 0101 0101 0404 0403 0404 0204 0202 0202 0303 0202 0303 0202 0101 0202 0101 0101 0104 0104 0101 0101 0202 0304 0404 0402 0404 0103 0303 0404 0202 0202 0202 0404 0204 0202 0404 0202 0303 0202 0301 0101 0101 0303 0101 0202 0404 0204 0401 0202 0404 0101 0303 0101 0103 0202 0301 0203 0301 0101 
51 , 0101 0404 0101 0303 0202 0403 0203 0101 0101 0301 0404 0404 0101 0404 0103 0303 0101 0303 0202 0303 0404 0301 0103 0401 0404 0403 0404 0202 0101 0302 0301 0402 0103 0204 0101 0202 0101 0103 0401 0401 0104 0101 0302 0303 0404 0402 0403 0303 0404 0404 0202 0202 0204 0404 0402 0302 0303 0303 0103 0202 0303 0101 0103 0301 0301 0102 0204 0204 0404 0202 0404 0103 0303 0401 0301 0202 0103 0202 0303 0101 
52 , 0101 0404 0401 0301 0303 0404 0303 0103 0101 0301 0404 0404 0101 0402 0301 0203 0202 0303 0202 0301 0404 0301 0103 0101 0404 0304 0404 0204 0201 0202 0303 0402 0301 0202 0104 0202 0104 0103 0104 0401 0401 0101 0202 0303 0404 0204 0303 0303 0303 0404 0202 0202 0202 0204 0404 0202 0303 0302 0301 0202 0301 0104 0301 0103 0303 0202 0404 0202 0104 0202 0404 0101 0303 0101 0303 0201 0303 0202 0303 0101 
53 , 0101 0404 0101 0103 0203 0404 0303 0103 0101 0301 0403 0404 0101 0404 0303 0303 0202 0303 0202 0303 0404 0101 0103 0101 0404 0304 0404 0404 0102 0203 0301 0202 0303 0202 0101 0202 0101 0103 0101 0101 0101 0101 0303 0403 0403 0404 0404 0301 0303 0404 0202 0202 0202 0204 0404 0302 0404 0202 0303 0202 0103 0101 0101 0303 0303 0202 0404 0402 0401 0202 0404 0101 0303 0104 0303 0102 0303 0202 0303 0101 
54 , 0101 0404 0101 0303 0203 0404 0303 0101 0101 0101 0304 0101 0104 0202 0303 0303 0201 0303 0202 0303 0404 0303 0303 0401 0404 0403 0303 0202 0202 0202 0301 0202 0303 0202 0104 0202 0101 0103 0404 0101 0104 0101 0202 0303 0404 0402 0404 0101 0303 0404 0202 0302 0402 0402 0404 0202 0404 0202 0103 0202 0301 0101 0101 0301 0101 0202 0404 0202 0101 0202 0404 0101 0303 0101 0303 0101 0303 0203 0303 0101 
55 , 0101 0404 0101 0303 0303 0404 0302 0101 0301 0101 0404 0101 0401 0204 0301 0302 0202 0303 0402 0301 0404 0103 0101 0404 0404 0304 0404 0404 0202 0202 0303 0202 0303 0402 0101 0102 0104 0101 0401 0104 0401 0101 0202 0303 0404 0402 0304 0301 0403 0404 0204 0302 0202 0404 0404 0202 0404 0203 0303 0302 0303 0101 0301 0103 0103 0202 0404 0202 0101 0202 0404 0103 0303 0101 0303 0101 0103 0202 0303 0103 
56 , 0101 0404 0101 0303 0302 0404 0303 0303 0101 0103 0404 0101 0401 0402 0301 0303 0201 0303 0202 0303 0304 0101 0101 0104 0404 0304 0404 0204 0201 0202 0301 0402 0303 0204 0101 0201 0101 0103 0101 0101 0101 0101 0202 0303 0404 0204 0404 0303 0304 0404 0204 0203 0204 0402 0404 0202 0304 0203 0301 0202 0301 0104 0101 0301 0101 0202 0404 0202 0404 0202 0404 0101 0303 0101 0301 0102 0303 0202 0303 0101 
57 , 0101 0404 0101 0303 0203 0404 0303 0101 0101 0101 0404 0401 0104 0402 0303 0302 0201 0303 0202 0303 0404 0103 0103 0401 0404 0303 0403 0402 0102 0202 0301 0202 0303 0202 0104 0202 0101 0103 0104 0401 0104 0101 0202 0303 0404 0202 0404 0301 0303 0404 0202 0202 0202 0402 0404 0202 0404 0302 0301 0302 0101 0101 0101 0303 0103 0202 0404 0202 0101 0204 0404 0101 0303 0101 0101 0101 0303 0303 0303 0101 
58 , 0101 0404 0101 0303 0303 0404 0303 0101 0101 0101 0404 0101 0401 0404 0101 0203 0202 0303 0202 0303 0404 0101 0303 0104 0403 0403 0404 0202 0102 0202 0303 0202 0303 0204 0401 0201 0101 0303 0101 0401 0404 0101 0202 0304 0404 0404 0404 0303 0303 0403 0202 0202 0202 0404 0204 0202 0404 0203 0303 0202 0303 0101 0301 0303 0101 0202 0404 0402 0104 0202 0304 0101 0303 0104 0303 0102 0303 0202 0303 0101 
59 , 0101 0404 0101 0303 0302 0404 0303 0103 0101 0103 0404 0401 0101 0204 0103 0202 0202 0303 0202 0103 0404 0101 0103 0404 0304 0403 0404 0204 0202 0202 0301 0202 0303 0204 0101 0202 0401 0103 0101 0101 0101 0101 0302 0304 0404 0204 0404 0103 0404 0404 0202 0202 0202 0204 0402 0202 0304 0202 0303 0302 0103 0101 0301 0303 0303 0202 0404 0404 0404 0202 0404 0101 0303 0101 0103 0202 0303 0202 0303 0101 
60 , 0101 0404 0401 0303 0302 0404 0303 0103 0103 0303 0404 0401 0101 0204 0101 0302 0202 0303 0202 0303 0404 0101 0101 0101 0404 0403 0404 0402 0202 0202 0103 0202 0303 0202 0101 0202 0101 0301 0104 0101 0401 0101 0202 0303 0404 0204 0404 0303 0403 0403 0202 0202 0202 0404 0402 0202 0404 0303 0303 0202 0303 0101 0101 0301 0303 0202 0402 0402 0404 0202 0404 0101 0303 0101 0103 0201 0303 0202 0303 0301 
61 , 0101 0404 0101 0103 0202 0404 0303 0101 0101 0101 0404 0101 0101 0204 0103 0202 0201 0303 0202 0301 0404 0103 0301 0401 0404 0303 0404 0202 0202 0202 0303 0204 0301 0204 0401 0202 0101 0101 0101 0101 0101 0101 0202 0303 0404 0402 0304 0303 0303 0404 0202 0202 0202 0404 0404 0202 0403 0302 0101 0202 0303 0101 0101 0301 0303 0202 0404 0202 0104 0202 0404 0103 0303 0101 0303 0202 0303 0202 0303 0103 
62 , 0201 0404 0101 0303 0303 0404 0303 0303 0101 0103 0404 0104 0101 0202 0101 0303 0201 0303 0202 0101 0404 0101 0103 0101 0404 0404 0404 0404 0201 0202 0303 0202 0101 0202 0104 0202 0101 0301 0404 0101 0104 0101 0202 0403 0404 0404 0304 0103 0304 0404 0202 0303 0202 0404 0204 0202 0404 0302 0303 0302 0101 0101 0103 0103 0103 0201 0404 0204 0401 0402 0404 0101 0303 0101 0303 0201 0303 0202 0303 0101 
63 , 0101 0404 0101 0303 0303 0404 0303 0303 0101 0301 0304 0101 0101 0204 0303 0202 0201 0303 0202 0101 0404 0301 0101 0401 0403 0303 0404 0404 0202 0202 0303 0202 0303 0202 0404 0202 0104 0101 0104 0101 0101 0101 0302 0303 0404 0402 0404 0303 0304 0404 0202 0203 0402 0404 0404 0203 0403 0302 0301 0202 0303 0101 0103 0303 0103 0202 0204 0204 0404 0204 0404 0101 0303 0101 0301 0102 0303 0202 0303 0101 
64 , 0101 0404 0101 0303 0303 0404 0303 0103 0101 0301 0404 0104 0401 0402 0301 0302 0101 0303 0202 0303 0403 0301 0103 0101 0404 0303 0404 0402 0202 0202 0303 0202 0303 0202 0101 0202 0101 0101 0104 0104 0104 0101 0202 0404 0404 0404 0304 0301 0403 0403 0202 0202 0202 0404 0404 0202 0303 0202 0303 0202 0301 0101 0101 0103 0103 0202 0404 0204 0401 0202 0404 0303 0303 0101 0301 0102 0303 0302 0303 0101 
65 , 0102 0404 0104 0303 0303 0404 0303 0101 0101 0303 0404 0404 0101 0404 0301 0302 0202 0303 0202 0301 0404 0101 0301 0404 0404 0404 0404 0202 0102 0202 0303 0202 0301 0202 0404 0202 0401 0303 0401 0101 0404 0104 0202 0403 0403 0402 0404 0103 0404 0404 0202 0202 0402 0404 0404 0202 0404 0203 0303 0202 0303 0101 0301 0101 0101 0202 0402 0202 0404 0402 0404 0301 0303 0401 0303 0101 0103 0202 0303 0101 
66 , 0101 0104 0101 0303 0202 0304 0303 0303 0103 0103 0404 0401 0101 0204 0301 0303 0202 0303 0202 0301 0404 0101 0101 0401 0404 0304 0404 0402 0102 0202 0303 0202 0303 0202 0104 0102 0101 0303 0101 0101 0401 0101 0202 0403 0304 0204 0404 0103 0303 0304 0202 0202 0204 0404 0202 0202 0304 0303 0303 0202 0303 0101 0101 0103 0303 0202 0404 0402 0104 0202 0404 0101 0303 0101 0303 0101 0303 0202 0301 0301 
67 , 0101 0404 0101 0303 0303 0304 0303 0101 0101 0101 0404 0101 0104 0202 0103 0202 0101 0303 0202 0303 0304 0103 0103 0101 0404 0304 0404 0402 0102 0202 0301 0202 0303 0202 0104 0202 0104 0103 0101 0101 0104 0401 0202 0303 0404 0404 0404 0301 0303 0404 0202 0202 0202 0404 0404 0202 0404 0202 0301 0202 0301 0101 0101 0301 0103 0202 0404 0204 0401 0204 0404 0101 0303 0401 0303 0101 0303 0202 0303 0101 
68 , 0101 0404 0101 0303 0202 0404 0303 0301 0101 0103 0403 0404 0101 0404 0101 0303 0101 0303 0202 0303 0404 0301 0103 0401 0404 0403 0404 0404 0202 0202 0301 0202 0301 0204 0101 0202 0401 0101 0401 0101 0101 0101 0203 0303 0404 0402 0403 0303 0303 0404 0202 0202 0202 0404 0404 0202 0403 0202 0101 0202 0303 0101 0101 0301 0101 0202 0204 0202 0104 0202 0404 0101 0303 0101 0103 0102 0303 0203 0303 0301 
69 , 0102 0401 0101 0303 0303 0403 0303 0301 0101 0101 0404 0101 0401 0204 0301 0202 0202 0303 0204 0303 0404 0101 0101 0104 0404 0403 0404 0202 0202 0302 0303 0204 0303 0202 0101 0202 0101 0303 0101 0101 0101 0101 0203 0303 0403 0402 0403 0303 0303 0404 0402 0202 0202 0404 0404 0202 0403 0202 0101 0202 0303 0101 0101 0103 0301 0102 0404 0202 0401 0402 0404 0101 0303 0101 0303 0201 0303 0202 0303 0101 
70 , 0201 0404 0101 0303 0202 0304 0303 0101 0101 0303 0404 0101 0104 0202 0303 0302 0202 0303 0202 0303 0304 0303 0101 0401 0404 0304 0404 0202 0202 0202 0301 0202 0303 0202 0104 0102 0101 0103 0101 0101 0101 0401 0302 0303 0404 0404 0404 0303 0304 0404 0202 0202 0202 0202 0204 0202 0404 0202 0101 0202 0301 0104 0101 0303 0301 0202 0404 0404 0404 0202 0404 0101 0303 0101 0301 0101 0303 0203 0303 0103 
71 , 0102 0404 0101 0303 0303 0304 0303 0301 0101 0303 0404 0101 0101 0202 0101 0303 0202 0303 0204 0303 0404 0301 0101 0101 0304 0403 0404 0402 0202 0202 0303 0204 0303 0202 0101 0201 0104 0301 0401 0101 0404 0101 0302 0303 0403 0204 0404 0301 0303 0404 0202 0202 0402 0404 0204 0302 0404 0203 0103 0202 0103 0401 0103 0303 0303 0202 0404 0204 0404 0202 0404 0101 0303 0101 0303 0101 0303 0202 0303 0101 
72 , 0101 0404 0101 0303 0303 0304 0303 0303 0101 0303 0403 0404 0101 0404 0101 0202 0202 0302 0202 0101 0404 0103 0103 0104 0404 0303 0404 0202 0102 0202 0103 0402 0303 0404 0101 0202 0101 0101 0401 0401 0401 0101 0202 0303 0304 0204 0404 0301 0404 0404 0202 0202 0204 0404 0404 0202 0303 0202 0303 0302 0103 0101 0301 0101 0103 0202 0404 0404 0404 0402 0404 0101 0303 0104 0301 0101 0303 0203 0303 0301 
73 , 0101 0404 0101 0303 0302 0404 0302 0301 0101 0301 0404 0101 0101 0404 0303 0202 0102 0303 0202 0103 0404 0303 0101 0404 0404 0304 0404 0404 0201 0202 0301 0202 0303 0202 0401 0202 0104 0101 0404 0404 0101 0101 0302 0404 0404 0402 0404 0301 0303 0404 0204 0202 0402 0404 0404 0202 0404 0303 0303 0202 0303 0401 0101 0303 0103 0102 0404 0202 0101 0202 0404 0301 0303 0101 0303 0201 0303 0202 0303 0101 
74 , 0101 0404 0101 0303 0303 0404 0303 0303 0101 0303 0404 0404 0101 0202 0303 0203 0101 0303 0204 0301 0404 0301 0103 0104 0404 0303 0404 0402 0202 0202 0303 0202 0303 0402 0101 0201 0101 0103 0101 0401 0104 0101 0202 0304 0404 0202 0404 0303 0403 0404 0202 0202 0204 0402 0404 0202 0403 0303 0303 0202 0303 0101 0101 0103 0103 0202 0404 0204 0401 0202 0404 0103 0303 0101 0301 0101 0103 0202 0303 0101 
75 , 0101 0401 0101 0303 0303 0404 0303 0301 0101 0301 0404 0401 0101 0402 0303 0203 0102 0303 0202 0303 0304 0303 0301 0401 0404 0304 0404 0204 0202 0202 0303 0402 0303 0202 0101 0202 0104 0101 0101 0101 0101 0101 0202 0304 0404 0204 0404 0301 0403 0403 0202 0202 0202 0404 0404 0302 0403 0202 0103 0202 0301 0101 0301 0303 0301 0202 0404 0202 0104 0202 0303 0301 0303 0101 0103 0102 0103 0202 0301 0101 
76 , 0101 0401 0101 0301 0202 0404 0303 0303 0101 0103 0304 0101 0101 0404 0103 0203 0101 0303 0202 0103 0404 0103 0303 0404 0404 0404 0404 0404 0202 0202 0303 0202 0303 0204 0104 0202 0401 0101 0404 0101 0104 0101 0202 0403 0304 0402 0404 0303 0303 0404 0202 0202 0202 0404 0404 0202 0404 0202 0101 0202 0303 0101 0101 0301 0303 0202 0404 0402 0401 0202 0404 0101 0403 0101 0103 0101 0301 0202 0303 0103 
77 , 0101 0404 0101 0303 0203 0404 0303 0303 0101 0101 0404 0401 0101 0204 0301 0303 0101 0303 0202 0301 0404 0303 0101 0404 0404 0303 0404 0402 0202 0202 0303 0402 0303 0202 0104 0202 0101 0103 0101 0101 0104 0101 0202 0303 0404 0404 0304 0303 0403 0404 0202 0202 0202 0404 0404 0202 0404 0202 0303 0202 0103 0104 0101 0301 0101 0202 0204 0204 0101 0204 0404 0101 0303 0101 0103 0101 0303 0202 0303 0101 
78 , 0102 0404 0101 0303 0303 0403 0303 0301 0101 0101 0404 0404 0101 0404 0101 0302 0202 0203 0202 0303 0404 0101 0101 0101 0404 0303 0404 0402 0202 0202 0303 0202 0303 0402 0101 0201 0104 0301 0104 0104 0101 0101 0202 0304 0404 0402 0404 0303 0304 0403 0204 0202 0204 0402 0404 0202 0403 0302 0103 0202 0301 0101 0101 0303 0103 0202 0204 0204 0101 0202 0404 0101 0303 0401 0301 0102 0103 0202 0303 0103 
79 , 0101 0404 0401 0301 0303 0404 0303 0301 0101 0301 0404 0401 0101 0402 0301 0303 0101 0303 0202 0303 0404 0301 0101 0104 0404 0303 0404 0404 0102 0202 0103 0202 0103 0402 0401 0202 0101 0103 0104 0101 0401 0101 0202 0403 0404 0404 0404 0303 0404 0404 0204 0303 0202 0404 0404 0202 0304 0203 0303 0302 0303 0101 0101 0101 0103 0202 0404 0204 0101 0202 0404 0101 0303 0104 0303 0202 0303 0202 0301 0103 
80 , 0101 0404 0101 0303 0302 0304 0303 0103 0101 0103 0404 0404 0101 0204 0103 0203 0101 0303 0202 0101 0404 0103 0303 0104 0404 0404 0404 0402 0201 0202 0303 0202 0303 0202 0101 0202 0101 0303 0401 0101 0101 0101 0302 0304 0404 0202 0404 0103 0404 0404 0202 0202 0202 0402 0404 0302 0404 0203 0301 0202 0101 0101 0101 0303 0101 0202 0404 0404 0401 0202 0404 0101 0303 0101 0101 0202 0303 0202 0303 0101 
81 , 0201 0404 0101 0303 0302 0404 0303 0303 0101 0103 0404 0404 0104 0404 0103 0202 0201 0303 0202 0301 0404 0301 0101 0101 0404 0403 0404 0402 0202 0202 0303 0204 0303 0402 0101 0202 0101 0303 0401 0401 0101 0101 0202 0403 0404 0202 0404 0303 0303 0404 0202 0202 0202 0404 0404 0302 0403 0202 0301 0202 0303 0101 0301 0303 0303 0202 0404 0202 0404 0202 0404 0101 0303 0101 0303 0202 0303 0202 0303 0101 
82 , 0101 0404 0101 0303 0203 0404 0303 0303 0303 0301 0404 0104 0101 0402 0103 0203 0202 0303 0202 0301 0404 0103 0101 0401 0404 0404 0404 0202 0202 0202 0103 0402 0303 0202 0101 0202 0401 0103 0101 0104 0104 0101 0202 0403 0404 0402 0404 0301 0304 0404 0202 0202 0202 0404 0404 0202 0404 0202 0303 0202 0301 0401 0101 0101 0301 0202 0404 0204 0404 0202 0404 0301 0303 0101 0103 0202 0101 0202 0303 0301 
83 , 0101 0404 0101 0303 0203 0303 0303 0301 0101 0301 0404 0101 0101 0402 0101 0202 0102 0303 0202 0301 0404 0303 0101 0401 0404 0304 0404 0204 0102 0202 0303 0202 0303 0404 0401 0202 0101 0103 0101 0101 0101 0101 0202 0404 0404 0402 0404 0103 0303 0404 0402 0302 0202 0402 0202 0302 0404 0202 0301 0202 0101 0101 0101 0103 0303 0202 0404 0404 0104 0202 0403 0101 0303 0104 0101 0101 0303 0202 0103 0101 
84 , 0101 0104 0101 0303 0202 0404 0303 0103 0101 0303 0404 0101 0104 0204 0103 0303 0201 0303 0202 0103 0404 0301 0101 0101 0404 0303 0404 0404 0202 0202 0303 0204 0303 0202 0401 0202 0101 0301 0404 0101 0101 0101 0302 0403 0404 0404 0404 0303 0303 0404 0202 0202 0202 0204 0404 0302 0403 0202 0103 0202 0303 0101 0101 0303 0301 0202 0404 0204 0104 0202 0404 0101 0303 0101 0303 0102 0303 0202 0303 0101 
85 , 0101 0404 0101 0301 0203 0404 0303 0101 0101 0301 0404 0404 0101 0402 0103 0303 0101 0303 0202 0301 0404 0101 0101 0401 0404 0304 0404 0402 0202 0202 0103 0402 0303 0202 0101 0201 0104 0301 0401 0101 0104 0101 0202 0404 0404 0402 0404 0103 0403 0304 0202 0202 0204 0402 0404 0202 0303 0203 0303 0202 0103 0101 0303 0303 0303 0202 0404 0402 0404 0202 0404 0301 0303 0401 0301 0201 0303 0202 0303 0301 
86 , 0101 0101 0101 0103 0303 0404 0303 0303 0101 0101 0403 0401 0101 0202 0101 0302 0101 0303 0202 0103 0404 0301 0301 0104 0404 0303 0304 0404 0201 0202 0303 0402 0303 0204 0101 0201 0101 0301 0101 0101 0401 0101 0202 0303 0404 0204 0403 0301 0303 0404 0202 0202 0202 0404 0404 0202 0403 0202 0303 0202 0101 0101 0103 0301 0303 0202 0404 0204 0104 0204 0404 0101 0303 0101 0303 0202 0303 0202 0303 0101 
87 , 0101 0404 0101 0303 0303 0404 0302 0103 0101 0101 0404 0104 0104 0204 0103 0203 0102 0303 0202 0301 0404 0303 0103 0404 0404 0303 0403 0404 0201 0302 0301 0202 0303 0202 0101 0102 0404 0301 0104 0101 0101 0101 0202 0303 0404 0404 0404 0301 0304 0403 0202 0202 0202 0404 0404 0202 0404 0302 0303 0202 0101 0101 0303 0101 0303 0202 0404 0202 0104 0402 0404 0101 0303 0101 0103 0101 0303 0202 0303 0101 
88 , 0101 0404 0101 0303 0203 0404 0303 0103 0101 0103 0404 0401 0101 0204 0101 0303 0201 0303 0202 0103 0404 0303 0101 0404 0404 0303 0404 0204 0102 0302 0303 0202 0303 0202 0104 0202 0101 0101 0401 0101 0404 0101 0202 0304 0404 0204 0404 0303 0304 0404 0202 0203 0202 0404 0402 0202 0404 0303 0101 0202 0303 0401 0101 0303 0303 0202 0404 0202 0101 0202 0404 0301 0303 0101 0303 0202 0103 0202 0303 0103 
89 , 0101 0104 0101 0303 0303 0304 0303 0303 0101 0101 0404 0104 0104 0204 0103 0203 0102 0303 0202 0101 0404 0101 0101 0101 0404 0403 0404 0404 0202 0202 0301 0202 0303 0202 0104 0202 0101 0103 0101 0101 0101 0104 0202 0304 0403 0402 0404 0301 0304 0404 0202 0202 0202 0404 0402 0202 0403 0203 0303 0202 0301 0101 0101 0301 0103 0102 0404 0204 0401 0202 0404 0101 0303 0101 0301 0101 0303 0202 0303 0101 
90 , 0101 0404 0101 0303 0303 0404 0302 0303 0101 0101 0404 0404 0101 0204 0301 0302 0102 0203 0202 0101 0404 0303 0301 0404 0404 0304 0404 0202 0202 0302 0301 0202 0303 0202 0104 0202 0101 0103 0401 0101 0101 0101 0202 0403 0404 0404 0404 0301 0304 0404 0202 0302 0204 0404 0404 0202 0404 0202 0101 0202 0301 0101 0101 0301 0303 0202 0404 0402 0404 0202 0404 0101 0403 0101 0103 0102 0301 0202 0303 0103 
91 , 0101 0404 0101 0303 0303 0404 0303 0101 0101 0103 0404 0404 0101 0402 0103 0202 0102 0303 0202 0301 0404 0301 0301 0101 0404 0303 0403 0204 0202 0302 0301 0202 0103 0202 0101 0202 0401 0103 0404 0101 0101 0101 0202 0403 0403 0204 0403 0301 0304 0304 0202 0202 0402 0404 0404 0202 0304 0203 0303 0202 0301 0101 0301 0103 0101 0202 0404 0202 0404 0202 0404 0101 0403 0101 0303 0101 0303 0202 0303 0101 
92 , 0201 0401 0101 0303 0302 0304 0303 0103 0101 0103 0404 0104 0401 0402 0101 0302 0202 0303 0202 0103 0404 0103 0303 0101 0404 0404 0404 0404 0202 0202 0303 0204 0303 0402 0101 0201 0104 0101 0104 0104 0101 0101 0202 0303 0404 0202 0303 0301 0303 0404 0202 0302 0202 0404 0404 0202 0403 0202 0301 0302 0303 0101 0103 0301 0101 0202 0404 0202 0101 0204 0404 0101 0303 0101 0303 0101 0303 0202 0301 0101 
93 , 0101 0104 0101 0303 0202 0403 0303 0301 0103 0303 0404 0404 0101 0402 0103 0203 0202 0303 0202 0101 0404 0101 0101 0401 0404 0303 0304 0202 0202 0203 0303 0402 0301 0202 0101 0202 0101 0101 0101 0101 0101 0101 0203 0403 0404 0404 0404 0303 0403 0404 0202 0202 0202 0404 0404 0302 0403 0303 0103 0202 0303 0101 0303 0103 0303 0202 0404 0202 0104 0204 0404 0101 0303 0101 0103 0101 0303 0202 0303 0103 
94 , 0101 0404 0101 0303 0203 0304 0303 0103 0101 0101 0404 0101 0101 0202 0103 0203 0202 0303 0202 0301 0404 0303 0101 0404 0404 0403 0404 0202 0202 0302 0103 0202 0303 0202 0104 0202 0101 0101 0404 0104 0104 0101 0203 0403 0404 0404 0404 0303 0304 0404 0402 0202 0202 0404 0404 0202 0404 0203 0103 0202 0101 0101 0101 0301 0101 0202 0404 0202 0404 0202 0404 0101 0303 0101 0103 0101 0301 0202 0303 0101 
95 , 0101 0404 0101 0303 0303 0404 0203 0303 0101 0101 0404 0104 0101 0404 0103 0302 0101 0303 0202 0303 0404 0303 0303 0104 0404 0404 0404 0404 0201 0202 0303 0202 0303 0402 0101 0202 0101 0301 0104 0101 0104 0101 0202 0303 0304 0404 0404 0303 0403 0404 0202 0202 0202 0404 0204 0202 0404 0203 0103 0302 0301 0101 0101 0301 0101 0202 0204 0402 0401 0402 0404 0101 0303 0101 0303 0102 0301 0302 0301 0101 
96 , 0101 0404 0101 0303 0303 0404 0303 0301 0301 0101 0404 0404 0104 0402 0103 0203 0102 0303 0202 0303 0404 0103 0303 0101 0404 0403 0304 0404 0201 0202 0301 0202 0303 0202 0404 0202 0101 0303 0101 0101 0404 0401 0202 0303 0404 0404 0404 0301 0303 0404 0202 0202 0202 0402 0404 0202 0404 0202 0301 0202 0301 0401 0101 0301 0101 0202 0404 0202 0104 0204 0404 0101 0303 0101 0303 0201 0303 0302 0303 0301 
97 , 0101 0404 0101 0303 0303 0404 0303 0303 0101 0101 0404 0104 0401 0404 0103 0203 0102 0303 0202 0303 0303 0103 0301 0101 0404 0403 0404 0202 0202 0203 0303 0204 0303 0402 0401 0202 0101 0101 0104 0401 0401 0101 0302 0303 0404 0404 0404 0303 0303 0404 0202 0203 0202 0402 0202 0302 0304 0203 0301 0202 0103 0401 0301 0301 0101 0202 0404 0402 0101 0402 0304 0101 0303 0101 0303 0101 0303 0202 0303 0103 
98 , 0101 0404 0101 0301 0303 0404 0303 0303 0101 0301 0404 0101 0101 0204 0303 0303 0202 0303 0202 0303 0404 0101 0101 0401 0404 0303 0404 0404 0202 0202 0303 0202 0303 0202 0101 0102 0101 0301 0104 0401 0401 0101 0202 0303 0404 0204 0304 0101 0304 0404 0202 0202 0202 0404 0404 0202 0404 0302 0303 0202 0303 0104 0103 0103 0303 0202 0404 0204 0101 0204 0404 0301 0303 0101 0103 0101 0303 0202 0303 0101 
99 , 0101 0404 0101 0303 0302 0404 0303 0301 0101 0103 0403 0101 0104 0404 0103 0302 0201 0303 0202 0303 0304 0303 0301 0101 0404 0403 0404 0202 0102 0202 0303 0204 0303 0402 0101 0202 0101 0103 0104 0101 0401 0101 0202 0303 0404 0402 0404 0103 0303 0404 0202 0303 0202 0204 0204 0202 0403 0202 0101 0202 0303 0101 0101 0103 0301 0202 0404 0204 0404 0202 0404 0101 0303 0101 0303 0201 0303 0202 0303 0101 
100 , 0101 0404 0401 0303 0203 0304 0303 0103 0101 0103 0404 0104 0101 0402 0101 0203 0201 0303 0202 0303 0404 0303 0101 0404 0404 0403 0404 0404 0202 0302 0303 0202 0303 0202 0101 0201 0101 0101 0101 0101 0401 0101 0302 0403 0404 0404 0404 0103 0303 0404 0402 0202 0202 0404 0404 0202 0403 0302 0103 0202 0103 0101 0101 0303 0103 0102 0404 0204 0401 0202 0404 0101 0303 0101 0101 0101 0303 0202 0301 0101 
101 , 0101 0401 0401 0301 0202 0404 0303 0103 0101 0303 0404 0401 0101 0404 0101 0303 0202 0303 0202 0103 0404 0303 0101 0404 0404 0304 0404 0204 0202 0202 0303 0202 0303 0204 0101 0202 0401 0101 0104 0101 0401 0101 0202 0303 0404 0204 0304 0303 0304 0404 0202 0202 0202 0404 0204 0202 0304 0202 0301 0202 0301 0101 0101 0101 0101 0202 0404 0404 0401 0202 0404 0101 0303 0101 0303 0101 0301 0202 0303 0103 
102 , 0101 0404 0101 0303 0203 0404 0303 0303 0101 0301 0404 0101 0101 0202 0101 0202 0202 0303 0202 0303 0404 0103 0103 0101 0404 0404 0404 0404 0202 0202 0303 0402 0303 0202 0101 0202 0101 0301 0101 0101 0104 0101 0202 0403 0403 0202 0404 0303 0303 0404 0204 0302 0202 0404 0404 0203 0403 0202 0103 0202 0303 0401 0103 0303 0301 0202 0404 0404 0401 0402 0404 0101 0303 0101 0301 0202 0303 0202 0103 0101 
103 , 0101 0104 0101 0303 0203 0404 0303 0103 0101 0301 0404 0104 0101 0402 0101 0303 0202 0303 0202 0101 0404 0301 0103 0104 0404 0304 0404 0402 0201 0202 0303 0202 0303 0204 0401 0102 0101 0101 0401 0101 0104 0101 0202 0403 0404 0204 0404 0303 0303 0404 0202 0202 0202 0204 0404 0303 0404 0203 0303 0202 0103 0101 0101 0103 0301 0202 0404 0404 0404 0202 0404 0101 0303 0101 0303 0101 0303 0202 0303 0101 
104 , 0101 0404 0101 0303 0202 0404 0303 0103 0101 0103 0404 0101 0101 0404 0301 0202 0202 0303 0202 0303 0404 0103 0303 0404 0404 0303 0404 0204 0202 0202 0303 0402 0303 0204 0404 0102 0101 0103 0401 0101 0401 0101 0202 0303 0404 0202 0404 0301 0304 0404 0202 0202 0204 0402 0404 0202 0404 0202 0303 0202 0103 0101 0101 0103 0103 0202 0404 0204 0401 0202 0304 0101 0303 0101 0301 0202 0303 0202 0303 0101 
105 , 0101 0404 0101 0103 0302 0403 0303 0301 0103 0103 0404 0104 0101 0202 0101 0203 0102 0303 0202 0303 0304 0101 0103 0104 0404 0403 0404 0402 0102 0203 0303 0204 0301 0202 0101 0202 0101 0101 0101 0101 0101 0101 0203 0303 0404 0404 0404 0303 0303 0404 0202 0202 0402 0402 0404 0202 0404 0203 0301 0202 0303 0101 0303 0303 0101 0202 0204 0202 0401 0202 0404 0101 0303 0401 0303 0101 0303 0202 0303 0103 
106 , 0101 0404 0404 0303 0303 0404 0303 0301 0101 0301 0404 0401 0104 0402 0101 0302 0102 0303 0202 0303 0404 0301 0103 0401 0404 0304 0404 0204 0202 0202 0103 0202 0303 0204 0101 0102 0101 0101 0101 0104 0104 0101 0202 0303 0404 0202 0304 0301 0303 0404 0202 0202 0202 0204 0404 0202 0304 0302 0101 0202 0103 0101 0101 0103 0301 0202 0204 0404 0404 0202 0404 0101 0303 0101 0303 0101 0303 0202 0301 0101 
107 , 0201 0401 0104 0303 0303 0404 0303 0303 0101 0101 0404 0401 0101 0402 0303 0302 0201 0303 0202 0303 0404 0103 0301 0104 0404 0404 0404 0404 0202 0202 0303 0204 0301 0202 0101 0202 0101 0301 0401 0401 0101 0101 0302 0403 0404 0202 0404 0301 0304 0404 0202 0202 0202 0204 0404 0302 0403 0202 0101 0203 0303 0101 0303 0303 0301 0201 0204 0204 0401 0202 0404 0101 0303 0101 0303 0201 0301 0202 0303 0103 
108 , 0101 0401 0101 0303 0203 0404 0303 0303 0101 0103 0404 0401 0101 0404 0301 0302 0202 0303 0202 0103 0404 0303 0301 0404 0404 0304 0404 0204 0102 0202 0303 0204 0303 0202 0401 0201 0404 0101 0104 0101 0404 0101 0202 0403 0304 0402 0404 0103 0404 0404 0202 0202 0402 0404 0404 0202 0403 0202 0303 0202 0301 0101 0301 0301 0103 0202 0404 0202 0401 0204 0404 0301 0303 0104 0303 0101 0101 0202 0301 0103 
109 , 0101 0404 0101 0303 0202 0304 0303 0103 0101 0103 0404 0104 0101 0404 0101 0302 0102 0302 0202 0303 0404 0103 0303 0404 0404 0303 0404 0202 0102 0202 0303 0202 0303 0202 0104 0102 0101 0301 0101 0101 0101 0101 0202 0403 0304 0202 0304 0301 0304 0404 0202 0202 0204 0404 0204 0202 0404 0302 0303 0202 0103 0101 0101 0301 0103 0202 0404 0402 0104 0202 0404 0101 0303 0101 0301 0102 0303 0203 0303 0101 
110 , 0101 0104 0101 0303 0302 0404 0303 0301 0301 0103 0404 0404 0104 0204 0101 0203 0202 0303 0202 0301 0404 0301 0101 0101 0404 0403 0304 0402 0102 0202 0301 0202 0303 0202 0101 0102 0104 0103 0104 0101 0404 0101 0202 0403 0404 0202 0404 0101 0303 0403 0202 0202 0202 0404 0404 0202 0403 0202 0303 0202 0303 0101 0103 0303 0303 0202 0204 0404 0104 0202 0404 0101 0303 0101 0303 0201 0103 0202 0303 0301 
111 , 0201 0404 0101 0103 0303 0404 0303 0303 0101 0103 0304 0401 0401 0404 0101 0302 0101 0302 0202 0103 0404 0301 0301 0104 0404 0303 0304 0404 0202 0202 0303 0202 0303 0402 0104 0202 0101 0301 0104 0101 0404 0101 0202 0304 0404 0204 0304 0103 0303 0404 0202 0203 0202 0404 0404 0202 0404 0202 0301 0202 0303 0101 0101 0303 0103 0202 0204 0404 0101 0402 0404 0101 0303 0101 0303 0101 0303 0202 0103 0103 
112 , 0101 0404 0401 0103 0203 0404 0303 0301 0101 0101 0304 0104 0101 0402 0103 0202 0201 0303 0202 0103 0404 0303 0303 0101 0404 0304 0404 0204 0201 0202 0301 0202 0303 0202 0404 0202 0401 0103 0101 0101 0104 0101 0202 0303 0404 0404 0304 0301 0303 0404 0202 0202 0202 0402 0404 0202 0404 0302 0101 0202 0301 0101 0101 0303 0101 0202 0404 0402 0101 0204 0404 0101 0403 0101 0101 0101 0303 0203 0303 0301 
113 , 0101 0404 0101 0303 0202 0404 0203 0301 0101 0103 0404 0401 0101 0202 0301 0302 0201 0302 0202 0303 0403 0303 0101 0101 0404 0403 0404 0202 0202 0203 0301 0202 0303 0402 0101 0102 0101 0303 0101 0101 0101 0101 0202 0303 0304 0204 0404 0303 0404 0404 0202 0202 0202 0402 0404 0202 0404 0202 0101 0202 0301 0104 0101 0303 0301 0202 0404 0404 0404 0402 0404 0101 0303 0101 0303 0201 0103 0202 0303 0101 
114 , 0101 0404 0101 0303 0202 0404 0303 0301 0101 0103 0304 0401 0101 0402 0101 0302 0201 0303 0202 0103 0404 0103 0303 0401 0404 0403 0404 0402 0202 0203 0303 0202 0303 0202 0101 0101 0101 0301 0101 0101 0104 0401 0202 0404 0404 0402 0304 0303 0303 0404 0202 0202 0202 0404 0402 0202 0303 0302 0303 0302 0101 0101 0101 0303 0303 0202 0404 0204 0101 0202 0404 0101 0303 0401 0101 0102 0303 0202 0303 0101 
115 , 0101 0404 0101 0303 0302 0403 0303 0303 0101 0103 0404 0401 0101 0404 0103 0303 0102 0303 0202 0301 0404 0101 0103 0104 0404 0304 0404 0404 0201 0202 0103 0202 0303 0202 0101 0202 0101 0103 0101 0101 0104 0101 0202 0403 0404 0204 0404 0303 0404 0404 0202 0202 0202 0404 0204 0202 0404 0203 0101 0202 0301 0104 0101 0301 0303 0202 0404 0404 0401 0202 0404 0101 0303 0101 0103 0202 0303 0202 0303 0101 
116 , 0101 0404 0101 0303 0303 0304 0303 0303 0101 0303 0404 0104 0101 0404 0101 0203 0202 0303 0202 0303 0404 0301 0101 0404 0404 0303 0404 0204 0101 0202 0301 0202 0303 0404 0401 0201 0101 0101 0101 0401 0101 0101 0202 0404 0404 0404 0403 0103 0303 0304 0202 0302 0202 0402 0204 0302 0403 0303 0303 0202 0103 0101 0103 0103 0303 0202 0404 0404 0404 0202 0404 0101 0303 0101 0101 0101 0103 0202 0103 0101 
117 , 0101 0401 0101 0301 0303 0404 0303 0303 0101 0301 0404 0101 0101 0204 0101 0302 0101 0303 0202 0303 0404 0303 0101 0404 0404 0304 0404 0202 0202 0202 0303 0204 0303 0202 0104 0202 0101 0101 0101 0101 0101 0101 0202 0403 0303 0202 0404 0101 0303 0404 0202 0203 0202 0404 0404 0302 0304 0202 0301 0203 0303 0101 0303 0301 0301 0201 0404 0402 0404 0202 0404 0301 0303 0101 0101 0201 0301 0202 0303 0103 
118 , 0101 0404 0101 0303 0202 0404 0303 0301 0101 0303 0404 0401 0101 0404 0103 0202 0102 0303 0202 0303 0404 0103 0103 0401 0404 0403 0404 0402 0201 0202 0103 0202 0303 0202 0401 0202 0401 0103 0101 0101 0101 0101 0202 0304 0304 0202 0404 0303 0404 0404 0202 0202 0402 0402 0204 0202 0404 0302 0303 0202 0301 0101 0301 0303 0301 0202 0404 0204 0401 0402 0404 0101 0304 0101 0101 0201 0303 0202 0303 0101 
119 , 0101 0401 0101 0303 0203 0304 0303 0303 0103 0103 0304 0104 0101 0404 0101 0303 0102 0303 0202 0103 0403 0303 0103 0404 0404 0303 0404 0202 0101 0202 0303 0202 0303 0202 0404 0201 0404 0101 0101 0101 0101 0401 0202 0303 0404 0404 0304 0303 0304 0404 0202 0202 0202 0404 0404 0302 0404 0202 0303 0202 0103 0104 0101 0301 0303 0202 0404 0204 0101 0202 0404 0101 0403 0101 0301 0101 0303 0202 0103 0101 
120 , 0101 0404 0101 0303 0302 0404 0303 0303 0101 0301 0304 0401 0101 0402 0301 0302 0202 0303 0202 0103 0403 0303 0301 0401 0404 0304 0404 0202 0202 0202 0301 0204 0303 0202 0401 0202 0401 0101 0101 0101 0104 0101 0202 0403 0404 0204 0404 0303 0304 0404 0202 0202 0202 0404 0204 0202 0304 0202 0301 0202 0103 0101 0101 0103 0301 0202 0404 0404 0104 0202 0404 0101 0303 0101 0303 0101 0303 0203 0103 0101 
121 , 0101 0404 0104 0303 0303 0404 0303 0301 0101 0301 0404 0401 0401 0402 0101 0303 0201 0303 0202 0303 0404 0301 0303 0401 0404 0404 0404 0404 0202 0202 0103 0202 0303 0202 0401 0102 0101 0301 0401 0101 0404 0104 0202 0303 0404 0202 0404 0301 0303 0404 0202 0202 0204 0404 0204 0202 0403 0202 0303 0202 0303 0101 0101 0303 0301 0202 0404 0402 0404 0202 0404 0101 0303 0101 0303 0101 0103 0202 0301 0301 
122 , 0101 0404 0101 0301 0303 0404 0303 0301 0101 0103 0404 0401 0401 0204 0301 0203 0202 0303 0202 0303 0404 0103 0103 0404 0404 0404 0404 0204 0201 0202 0301 0402 0303 0204 0401 0202 0101 0301 0401 0101 0104 0101 0202 0304 0404 0402 0404 0301 0303 0404 0402 0303 0202 0404 0404 0202 0404 0202 0303 0202 0301 0401 0101 0103 0301 0102 0404 0202 0104 0202 0404 0103 0303 0101 0303 0102 0303 0202 0103 0101 
123 , 0101 0404 0104 0303 0202 0404 0203 0303 0101 0103 0404 0101 0101 0402 0301 0203 0102 0302 0202 0101 0404 0101 0101 0404 0404 0404 0404 0202 0201 0202 0303 0202 0303 0402 0101 0101 0101 0303 0401 0101 0401 0101 0202 0303 0404 0202 0404 0303 0404 0404 0204 0203 0202 0404 0404 0202 0404 0203 0301 0302 0303 0104 0101 0301 0101 0202 0204 0404 0401 0202 0404 0101 0303 0101 0301 0201 0303 0302 0303 0101 
124 , 0101 0401 0101 0303 0303 0404 0303 0303 0101 0103 0404 0101 0101 0202 0103 0202 0102 0303 0202 0303 0404 0303 0303 0404 0403 0404 0404 0204 0201 0203 0303 0202 0303 0404 0104 0202 0101 0301 0401 0101 0401 0101 0302 0303 0404 0404 0404 0303 0304 0403 0202 0302 0202 0204 0404 0302 0304 0303 0103 0202 0101 0104 0101 0303 0103 0202 0404 0202 0404 0402 0404 0101 0303 0104 0303 0102 0303 0202 0303 0101 
125 , 0101 0404 0101 0303 0303 0404 0303 0303 0101 0303 0404 0101 0101 0202 0301 0303 0101 0303 0202 0303 0404 0303 0101 0104 0404 0303 0404 0404 0202 0302 0303 0202 0303 0202 0104 0201 0101 0301 0404 0101 0101 0101 0302 0303 0404 0204 0404 0303 0303 0404 0202 0202 0202 0204 0404 0202 0404 0202 0301 0202 0303 0401 0101 0303 0303 0202 0404 0204 0401 0202 0404 0101 0303 0101 0301 0101 0301 0203 0101 0101 
126 , 0101 0404 0101 0303 0303 0404 0303 0303 0101 0303 0404 0101 0101 0204 0103 0303 0201 0203 0202 0301 0403 0101 0103 0404 0404 0304 0404 0404 0202 0302 0303 0404 0303 0202 0401 0202 0101 0303 0101 0101 0104 0101 0202 0403 0404 0202 0404 0303 0303 0404 0202 0303 0202 0404 0404 0203 0403 0203 0303 0202 0303 0101 0103 0303 0303 0102 0404 0402 0401 0204 0404 0101 0303 0101 0303 0201 0301 0203 0303 0101 
127 , 0101 0404 0101 0103 0303 0404 0203 0101 0101 0101 0404 0101 0104 0204 0101 0202 0102 0302 0202 0103 0404 0101 0103 0101 0404 0304 0404 0404 0102 0202 0303 0202 0303 0202 0101 0202 0101 0301 0401 0104 0104 0101 0202 0303 0404 0402 0404 0303 0303 0404 0202 0203 0204 0404 0404 0202 0404 0202 0303 0202 0301 0101 0301 0303 0101 0202 0404 0204 0404 0202 0404 0301 0303 0101 0303 0201 0303 0202 0301 0101 
128 , 0101 0401 0101 0303 0303 0404 0303 0303 0303 0103 0403 0104 0101 0204 0101 0203 0202 0303 0202 0301 0404 0301 0101 0401 0404 0403 0404 0402 0101 0203 0103 0202 0303 0204 0104 0201 0101 0301 0401 0101 0101 0101 0202 0303 0304 0402 0404 0103 0304 0404 0202 0202 0202 0404 0404 0202 0404 0302 0303 0202 0301 0101 0301 0101 0303 0202 0404 0402 0401 0202 0404 0101 0303 0101 0301 0201 0103 0202 0303 0101 
129 , 0101 0404 0101 0303 0303 0404 0303 0103 0301 0103 0404 0404 0101 0402 0103 0203 0201 0303 0202 0103 0304 0301 0101 0404 0404 0304 0404 0204 0202 0302 0303 0202 0301 0204 0104 0102 0101 0101 0404 0101 0101 0101 0202 0303 0404 0404 0404 0301 0304 0404 0202 0203 0202 0404 0404 0202 0403 0203 0303 0202 0101 0101 0103 0303 0303 0201 0404 0404 0401 0202 0404 0101 0304 0101 0303 0201 0303 0202 0303 0101 
130 , 0101 0404 0404 0103 0203 0304 0303 0103 0101 0101 0404 0101 0101 0204 0101 0303 0202 0303 0202 0303 0404 0303 0103 0404 0404 0304 0404 0402 0102 0202 0303 0202 0303 0202 0401 0201 0101 0103 0104 0101 0101 0401 0202 0304 0404 0402 0404 0301 0303 0404 0202 0202 0202 0404 0404 0302 0403 0302 0101 0202 0303 0104 0101 0303 0101 0202 0402 0404 0104 0204 0404 0101 0403 0101 0303 0202 0301 0202 0103 0101 
131 , 0102 0104 0101 0303 0203 0403 0303 0103 0101 0303 0304 0104 0101 0202 0103 0302 0102 0303 0202 0103 0404 0101 0101 0101 0404 0403 0404 0402 0202 0202 0303 0202 0103 0202 0104 0201 0101 0103 0404 0104 0101 0101 0202 0304 0404 0202 0404 0303 0303 0404 0202 0202 0204 0204 0402 0202 0403 0202 0103 0202 0301 0101 0101 0303 0303 0202 0404 0204 0401 0202 0404 0101 0303 0404 0101 0202 0303 0202 0303 0103 
132 , 0101 0404 0101 0303 0203 0404 0303 0103 0101 0103 0404 0401 0101 0402 0303 0203 0102 0303 0202 0303 0304 0301 0101 0404 0404 0303 0403 0404 0202 0202 0303 0402 0303 0202 0401 0102 0101 0103 0404 0101 0401 0101 0203 0303 0404 0204 0404 0303 0303 0404 0202 0202 0202 0404 0402 0202 0404 0202 0301 0202 0103 0101 0103 0301 0103 0202 0404 0204 0101 0202 0304 0101 0303 0104 0101 0202 0103 0202 0303 0101 
133 , 0101 0404 0101 0301 0302 0404 0303 0101 0101 0103 0404 0404 0101 0402 0301 0202 0102 0303 0202 0303 0303 0103 0103 0404 0404 0303 0404 0402 0202 0202 0303 0202 0303 0202 0104 0201 0104 0101 0404 0401 0404 0101 0202 0303 0404 0202 0404 0303 0303 0403 0202 0202 0202 0402 0204 0202 0303 0202 0303 0202 0303 0101 0101 0101 0103 0202 0404 0402 0404 0202 0404 0101 0303 0101 0103 0202 0101 0202 0303 0101 
134 , 0101 0404 0101 0103 0303 0404 0303 0303 0101 0301 0304 0401 0101 0204 0301 0302 0101 0303 0202 0301 0404 0101 0303 0104 0404 0404 0404 0404 0202 0203 0303 0202 0303 0402 0101 0201 0101 0101 0101 0101 0401 0101 0203 0403 0404 0404 0404 0303 0304 0404 0202 0202 0204 0404 0404 0202 0304 0303 0303 0202 0101 0401 0101 0303 0303 0202 0404 0202 0404 0202 0304 0101 0303 0101 0303 0102 0303 0202 0303 0101 
135 , 0101 0404 0401 0303 0302 0403 0303 0303 0101 0301 0403 0404 0101 0404 0303 0203 0102 0303 0202 0303 0404 0101 0301 0101 0304 0303 0304 0202 0201 0203 0303 0202 0303 0204 0404 0201 0101 0101 0401 0101 0401 0101 0202 0303 0404 0402 0404 0303 0303 0404 0204 0202 0202 0404 0404 0303 0404 0303 0303 0202 0303 0101 0303 0303 0103 0202 0404 0404 0101 0404 0403 0103 0403 0101 0303 0102 0303 0202 0303 0103 
136 , 0201 0404 0101 0303 0302 0404 0303 0303 0101 0301 0304 0101 0101 0202 0103 0203 0201 0303 0202 0101 0404 0101 0103 0104 0403 0304 0404 0404 0202 0202 0303 0202 0303 0202 0101 0202 0101 0101 0404 0101 0101 0101 0202 0403 0404 0202 0404 0301 0303 0404 0202 0202 0202 0404 0202 0302 0404 0202 0303 0202 0303 0101 0103 0303 0301 0202 0404 0204 0404 0402 0404 0101 0303 0401 0101 0201 0303 0203 0303 0103 
137 , 0101 0404 0104 0303 0203 0304 0303 0301 0101 0301 0404 0101 0101 0404 0103 0202 0202 0302 0202 0303 0404 0301 0101 0401 0404 0304 0404 0204 0102 0202 0303 0202 0303 0404 0401 0202 0101 0301 0401 0404 0104 0101 0202 0403 0404 0402 0404 0103 0303 0304 0202 0303 0204 0404 0204 0202 0404 0302 0301 0202 0101 0101 0101 0103 0301 0202 0404 0404 0404 0202 0404 0101 0303 0101 0103 0101 0303 0202 0101 0101 
138 , 0101 0404 0104 0303 0203 0404 0303 0303 0101 0101 0404 0404 0101 0404 0101 0202 0202 0303 0202 0303 0304 0103 0101 0101 0404 0403 0404 0404 0102 0202 0303 0404 0303 0202 0101 0202 0104 0101 0101 0401 0101 0101 0302 0303 0404 0402 0404 0301 0403 0404 0402 0202 0202 0204 0404 0302 0404 0302 0103 0202 0303 0101 0103 0301 0303 0102 0204 0402 0401 0202 0404 0103 0303 0101 0303 0201 0303 0202 0303 0103 
139 , 0101 0404 0101 0303 0203 0404 0303 0303 0101 0101 0404 0404 0101 0404 0301 0202 0102 0302 0202 0301 0304 0103 0303 0404 0404 0303 0404 0402 0202 0202 0303 0202 0303 0202 0104 0202 0101 0103 0101 0401 0404 0101 0202 0304 0404 0204 0404 0301 0304 0404 0202 0202 0204 0402 0404 0202 0304 0202 0303 0202 0103 0101 0101 0303 0103 0202 0404 0404 0401 0202 0304 0101 0303 0101 0103 0202 0303 0202 0303 0101 
140 , 0101 0404 0101 0303 0302 0403 0303 0101 0101 0303 0304 0401 0101 0202 0303 0202 0101 0303 0202 0301 0304 0303 0301 0404 0404 0404 0404 0204 0202 0202 0303 0402 0303 0202 0104 0202 0101 0101 0104 0104 0101 0101 0202 0304 0404 0202 0404 0303 0404 0404 0202 0202 0202 0402 0404 0203 0404 0202 0103 0202 0303 0101 0301 0103 0303 0202 0404 0402 0101 0202 0304 0303 0303 0101 0101 0101 0303 0202 0303 0101 
141 , 0101 0401 0101 0303 0303 0404 0303 0303 0301 0101 0404 0101 0401 0202 0303 0303 0102 0303 0402 0303 0404 0101 0101 0404 0404 0303 0404 0204 0202 0202 0303 0202 0303 0402 0101 0101 0101 0101 0101 0101 0401 0101 0202 0304 0404 0404 0303 0303 0303 0404 0202 0302 0202 0204 0402 0202 0303 0203 0303 0202 0101 0101 0303 0301 0101 0202 0404 0204 0104 0204 0404 0101 0303 0101 0303 0101 0103 0202 0303 0101 
142 , 0101 0404 0101 0303 0302 0403 0303 0301 0101 0301 0404 0404 0101 0404 0303 0202 0101 0303 0202 0303 0404 0301 0301 0104 0404 0404 0404 0204 0202 0202 0303 0202 0303 0402 0101 0202 0101 0101 0104 0401 0404 0101 0202 0304 0404 0402 0404 0303 0403 0403 0202 0202 0202 0404 0404 0202 0404 0302 0303 0202 0301 0101 0101 0103 0101 0202 0402 0204 0404 0202 0404 0103 0303 0101 0303 0101 0101 0202 0301 0103 
143 , 0101 0401 0101 0303 0303 0404 0303 0303 0103 0103 0404 0404 0101 0404 0101 0302 0201 0303 0202 0301 0404 0101 0101 0104 0404 0304 0404 0204 0101 0303 0303 0202 0303 0202 0404 0202 0101 0301 0101 0101 0101 0101 0202 0303 0404 0204 0404 0103 0304 0404 0202 0302 0204 0204 0404 0202 0404 0202 0303 0202 0301 0101 0301 0103 0303 0202 0404 0202 0104 0202 0404 0101 0303 0101 0103 0101 0303 0302 0303 0101 
144 , 0101 0404 0104 0303 0302 0404 0303 0301 0101 0301 0404 0101 0101 0204 0103 0203 0101 0303 0202 0103 0404 0101 0103 0101 0404 0304 0404 0402 0202 0202 0301 0204 0103 0204 0101 0202 0104 0103 0101 0101 0104 0101 0202 0304 0404 0204 0404 0303 0303 0404 0202 0202 0202 0404 0402 0202 0403 0303 0303 0202 0301 0101 0103 0301 0301 0202 0404 0204 0401 0202 0404 0103 0303 0101 0101 0101 0303 0202 0303 0103 
145 , 0101 0101 0101 0303 0303 0404 0303 0103 0101 0101 0404 0104 0101 0202 0101 0303 0102 0303 0202 0103 0404 0301 0303 0101 0404 0403 0404 0402 0201 0202 0303 0202 0303 0202 0104 0201 0101 0103 0401 0101 0404 0101 0202 0303 0404 0402 0404 0303 0303 0404 0202 0202 0202 0404 0404 0203 0404 0203 0103 0202 0301 0101 0101 0303 0301 0202 0404 0404 0404 0202 0404 0101 0303 0101 0301 0102 0303 0302 0303 0101 
146 , 0101 0404 0101 0303 0303 0404 0303 0303 0101 0101 0404 0104 0101 0402 0301 0303 0202 0303 0202 0303 0404 0103 0101 0101 0404 0303 0404 0404 0201 0202 0303 0202 0303 0202 0104 0202 0101 0301 0401 0101 0101 0101 0203 0303 0404 0202 0404 0103 0304 0404 0202 0302 0204 0404 0404 0202 0404 0202 0301 0202 0101 0101 0103 0303 0301 0202 0402 0404 0101 0404 0404 0301 0303 0101 0303 0201 0303 0202 0303 0101 
147 , 0101 0404 0104 0303 0303 0303 0303 0101 0101 0303 0304 0404 0101 0404 0103 0303 0102 0303 0204 0303 0404 0301 0303 0104 0404 0404 0403 0402 0202 0202 0103 0204 0303 0402 0401 0202 0101 0303 0104 0104 0101 0101 0202 0404 0404 0202 0404 0303 0303 0404 0202 0302 0202 0404 0404 0202 0403 0202 0303 0202 0301 0401 0301 0103 0101 0202 0402 0204 0104 0202 0404 0101 0303 0101 0303 0101 0103 0202 0303 0103 
148 , 0101 0104 0101 0303 0303 0403 0303 0303 0301 0103 0304 0104 0101 0402 0103 0203 0201 0303 0202 0303 0404 0301 0101 0104 0404 0404 0304 0404 0202 0302 0103 0202 0303 0202 0104 0202 0101 0303 0101 0101 0404 0101 0202 0403 0404 0202 0404 0303 0304 0404 0204 0202 0202 0404 0402 0202 0404 0203 0303 0202 0103 0101 0103 0101 0303 0202 0204 0404 0101 0202 0403 0101 0303 0401 0301 0202 0103 0202 0301 0301 
149 , 0101 0401 0101 0303 0203 0404 0303 0303 0101 0101 0403 0404 0101 0402 0303 0302 0101 0303 0202 0103 0404 0303 0101 0101 0404 0303 0404 0202 0202 0202 0303 0202 0303 0202 0101 0201 0101 0101 0101 0101 0101 0101 0202 0403 0304 0404 0303 0301 0303 0404 0202 0202 0202 0404 0404 0202 0404 0202 0303 0202 0301 0104 0103 0301 0301 0202 0404 0402 0101 0204 0404 0101 0303 0101 0103 0101 0103 0202 0103 0101 
150 , 0101 0401 0101 0303 0203 0404 0303 0301 0101 0301 0404 0101 0104 0402 0303 0302 0201 0302 0202 0303 0404 0101 0103 0401 0404 0304 0404 0404 0202 0202 0303 0202 0303 0202 0101 0202 0101 0301 0401 0401 0101 0101 0202 0303 0404 0402 0304 0301 0403 0404 0202 0203 0204 0404 0404 0202 0403 0302 0301 0202 0301 0101 0101 0303 0301 0102 0404 0202 0104 0202 0404 0101 0303 0101 0103 0201 0303 0202 0303 0101 
151 , 0101 0404 0101 0303 0303 0303 0303 0101 0101 0103 0403 0404 0101 0402 0103 0303 0102 0303 0202 0101 0404 0103 0101 0104 0404 0303 0404 0204 0202 0202 0303 0202 0303 0202 0401 0202 0104 0101 0401 0101 0101 0101 0302 0303 0404 0204 0404 0101 0403 0404 0202 0303 0202 0204 0404 0202 0403 0202 0303 0302 0103 0101 0301 0303 0103 0202 0404 0402 0404 0202 0404 0101 0303 0101 0103 0202 0303 0203 0303 0103 
152 , 0101 0404 0101 0303 0303 0303 0303 0103 0101 0101 0404 0401 0101 0202 0301 0302 0102 0302 0202 0103 0404 0103 0101 0404 0404 0303 0404 0404 0102 0202 0303 0202 0303 0402 0401 0102 0101 0301 0404 0401 0401 0101 0202 0304 0404 0204 0404 0303 0403 0404 0202 0202 0404 0404 0404 0203 0304 0302 0303 0302 0303 0101 0301 0103 0101 0202 0404 0404 0101 0402 0404 0101 0303 0101 0303 0102 0303 0203 0303 0301 
153 , 0101 0404 0104 0303 0202 0404 0303 0303 0301 0301 0404 0104 0101 0202 0103 0303 0201 0303 0204 0301 0404 0301 0101 0104 0404 0403 0404 0202 0102 0202 0103 0202 0303 0202 0101 0202 0101 0301 0401 0104 0104 0101 0202 0304 0304 0404 0404 0103 0303 0404 0202 0202 0404 0404 0402 0203 0404 0202 0303 0202 0303 0101 0101 0303 0303 0202 0404 0402 0104 0202 0404 0101 0303 0101 0303 0102 0301 0202 0303 0101 
154 , 0101 0404 0101 0303 0303 0404 0303 0303 0101 0101 0404 0401 0104 0402 0101 0202 0201 0302 0202 0303 0404 0103 0101 0404 0304 0404 0404 0402 0102 0202 0101 0204 0303 0202 0104 0202 0101 0101 0401 0101 0101 0401 0302 0403 0404 0204 0404 0303 0304 0404 0202 0202 0202 0404 0404 0202 0304 0203 0101 0202 0101 0401 0101 0303 0101 0202 0404 0404 0404 0204 0404 0101 0303 0401 0301 0101 0103 0203 0303 0103 
155 , 0101 0404 0101 0103 0203 0404 0303 0303 0101 0103 0304 0104 0101 0404 0103 0202 0201 0303 0202 0103 0404 0303 0101 0104 0404 0303 0404 0202 0202 0202 0303 0202 0301 0202 0101 0202 0101 0303 0401 0401 0101 0101 0202 0403 0404 0202 0304 0303 0303 0404 0202 0203 0204 0202 0404 0302 0404 0203 0301 0202 0301 0101 0101 0301 0303 0201 0404 0402 0404 0202 0404 0301 0303 0101 0103 0101 0303 0202 0303 0101 
156 , 0101 0404 0401 0303 0303 0304 0303 0303 0101 0301 0304 0401 0101 0404 0101 0302 0201 0303 0202 0303 0404 0303 0301 0104 0404 0403 0404 0404 0202 0202 0103 0402 0303 0402 0401 0202 0101 0301 0101 0101 0104 0101 0202 0403 0404 0204 0404 0303 0303 0404 0202 0303 0202 0404 0404 0202 0403 0203 0301 0202 0301 0101 0301 0101 0103 0202 0404 0202 0101 0202 0404 0101 0303 0101 0301 0102 0303 0202 0301 0101 
157 , 0201 0401 0101 0303 0303 0404 0303 0303 0101 0103 0404 0404 0101 0404 0301 0303 0102 0303 0202 0303 0404 0101 0301 0101 0404 0404 0404 0404 0202 0302 0303 0202 0303 0402 0104 0202 0101 0303 0401 0401 0104 0101 0302 0403 0404 0402 0404 0301 0304 0404 0202 0202 0202 0204 0404 0302 0404 0303 0301 0203 0301 0101 0301 0303 0303 0202 0404 0204 0401 0204 0404 0101 0303 0101 0103 0201 0303 0202 0303 0103 
158 , 0101 0404 0401 0303 0203 0404 0303 0303 0101 0103 0404 0401 0104 0202 0303 0303 0102 0303 0202 0103 0303 0301 0103 0104 0404 0303 0404 0204 0102 0202 0301 0202 0303 0202 0101 0202 0101 0301 0404 0104 0104 0101 0202 0304 0404 0404 0404 0101 0403 0404 0202 0202 0202 0404 0402 0202 0404 0303 0303 0202 0301 0101 0101 0303 0303 0202 0404 0204 0101 0202 0404 0301 0303 0101 0103 0201 0303 0303 0303 0101 
159 , 0101 0404 0101 0303 0303 0404 0303 0303 0101 0103 0404 0404 0101 0404 0301 0202 0202 0302 0202 0303 0404 0103 0103 0104 0404 0403 0404 0402 0102 0202 0303 0202 0303 0402 0104 0202 0101 0103 0101 0401 0101 0101 0202 0303 0404 0204 0304 0301 0304 0404 0202 0202 0204 0404 0404 0202 0404 0302 0303 0202 0103 0401 0101 0303 0103 0202 0404 0202 0404 0202 0404 0101 0303 0101 0103 0102 0303 0202 0303 0101 
160 , 0101 0404 0101 0303 0302 0404 0303 0303 0101 0103 0404 0401 0101 0404 0303 0203 0101 0303 0202 0303 0404 0101 0303 0104 0404 0404 0404 0404 0202 0302 0303 0202 0303 0202 0101 0202 0101 0301 0404 0401 0101 0101 0202 0403 0404 0402 0404 0303 0303 0404 0202 0202 0202 0404 0402 0302 0403 0303 0303 0202 0303 0101 0303 0303 0301 0202 0404 0202 0104 0202 0404 0101 0303 0101 0101 0201 0303 0202 0303 0101 
161 , 0101 0404 0101 0303 0303 0404 0303 0303 0101 0101 0404 0401 0101 0402 0301 0202 0201 0303 0202 0303 0304 0103 0101 0404 0404 0303 0404 0404 0202 0302 0303 0202 0303 0204 0404 0202 0101 0101 0404 0401 0401 0101 0202 0303 0404 0204 0404 0303 0303 0404 0202 0202 0202 0404 0404 0202 0304 0202 0303 0202 0103 0101 0101 0303 0103 0202 0404 0404 0101 0202 0304 0101 0303 0101 0103 0201 0103 0202 0303 0101 
162 , 0101 0404 0101 0303 0302 0404 0303 0103 0101 0301 0404 0101 0101 0404 0301 0303 0202 0303 0202 0101 0404 0301 0301 0101 0404 0303 0304 0402 0202 0202 0303 0202 0303 0202 0401 0202 0101 0101 0404 0101 0104 0101 0202 0303 0404 0404 0404 0303 0303 0303 0202 0202 0204 0404 0404 0202 0304 0203 0303 0202 0301 0101 0301 0301 0103 0202 0404 0402 0101 0202 0404 0101 0303 0101 0303 0201 0303 0202 0303 0101 
163 , 0101 0404 0101 0303 0303 0404 0303 0303 0101 0301 0404 0104 0101 0204 0101 0203 0202 0303 0204 0303 0404 0301 0103 0101 0404 0304 0404 0404 0102 0302 0103 0204 0303 0202 0104 0102 0101 0301 0101 0101 0404 0101 0202 0403 0403 0202 0404 0101 0304 0404 0202 0202 0202 0404 0404 0202 0404 0202 0303 0203 0101 0101 0101 0301 0303 0202 0404 0402 0404 0204 0404 0101 0303 0101 0301 0201 0103 0202 0103 0301 
164 , 0101 0404 0401 0101 0202 0404 0303 0301 0101 0103 0404 0101 0101 0204 0101 0203 0201 0303 0202 0103 0404 0303 0303 0104 0404 0304 0404 0404 0101 0202 0301 0202 0303 0204 0401 0102 0401 0101 0101 0101 0101 0401 0202 0303 0404 0402 0304 0303 0303 0404 0202 0202 0202 0404 0404 0202 0404 0302 0303 0202 0101 0101 0103 0303 0101 0202 0404 0402 0101 0202 0404 0103 0403 0101 0303 0202 0303 0202 0103 0101 
165 , 0101 0404 0101 0301 0303 0404 0303 0101 0101 0103 0404 0101 0101 0202 0101 0202 0202 0303 0202 0303 0404 0301 0101 0101 0404 0404 0404 0204 0102 0202 0303 0202 0303 0404 0401 0202 0101 0303 0104 0101 0404 0101 0303 0303 0404 0204 0403 0303 0403 0404 0202 0203 0202 0404 0204 0202 0404 0202 0303 0202 0103 0401 0103 0303 0101 0202 0404 0402 0101 0202 0304 0101 0303 0101 0303 0101 0103 0202 0303 0101 
166 , 0102 0404 0101 0303 0202 0404 0303 0303 0101 0103 0403 0401 0101 0204 0103 0203 0101 0302 0202 0103 0404 0301 0103 0404 0404 0403 0404 0404 0202 0202 0303 0202 0303 0402 0101 0202 0101 0301 0401 0101 0401 0101 0203 0303 0304 0202 0404 0303 0403 0404 0202 0202 0202 0404 0204 0202 0404 0203 0103 0202 0301 0401 0101 0301 0303 0202 0204 0404 0401 0402 0404 0101 0303 0101 0303 0201 0101 0302 0303 0103 
167 , 0202 0401 0101 0303 0303 0404 0303 0301 0101 0103 0404 0401 0101 0404 0101 0202 0102 0303 0202 0303 0404 0303 0303 0101 0404 0403 0403 0404 0201 0202 0303 0202 0303 0402 0101 0201 0101 0301 0401 0401 0101 0101 0302 0303 0404 0202 0404 0303 0303 0404 0202 0202 0204 0204 0404 0302 0404 0202 0303 0203 0301 0101 0303 0303 0303 0202 0204 0204 0104 0202 0404 0101 0304 0101 0301 0201 0303 0202 0303 0101 
168 , 0101 0404 0101 0301 0303 0404 0303 0101 0101 0303 0404 0404 0101 0402 0101 0302 0201 0303 0202 0303 0404 0301 0101 0101 0404 0303 0404 0402 0202 0202 0103 0202 0303 0402 0101 0101 0104 0101 0101 0101 0104 0104 0202 0303 0404 0402 0404 0301 0403 0403 0402 0202 0202 0202 0404 0302 0404 0202 0101 0202 0103 0101 0101 0303 0103 0202 0404 0202 0404 0402 0404 0101 0303 0101 0301 0202 0303 0202 0303 0101 
169 , 0101 0404 0101 0303 0303 0404 0303 0301 0101 0303 0304 0104 0101 0202 0103 0303 0202 0303 0202 0101 0404 0101 0101 0101 0404 0403 0404 0404 0202 0202 0303 0202 0103 0202 0104 0201 0101 0103 0104 0101 0101 0101 0203 0404 0404 0204 0303 0103 0303 0404 0202 0302 0202 0404 0404 0202 0404 0302 0303 0302 0301 0104 0103 0303 0103 0202 0402 0202 0404 0202 0404 0101 0303 0101 0303 0201 0301 0202 0303 0301 
170 , 0101 0404 0101 0103 0303 0404 0303 0103 0101 0301 0304 0401 0101 0202 0101 0303 0201 0302 0202 0103 0404 0101 0101 0401 0404 0303 0404 0402 0201 0202 0303 0202 0301 0402 0104 0201 0404 0103 0101 0101 0401 0401 0202 0304 0404 0404 0304 0103 0303 0404 0202 0302 0202 0204 0404 0302 0303 0202 0103 0202 0301 0101 0103 0103 0101 0202 0404 0402 0104 0202 0404 0101 0303 0101 0303 0101 0303 0302 0303 0101 
171 , 0101 0401 0101 0303 0302 0404 0303 0103 0101 0103 0404 0404 0101 0404 0303 0303 0101 0303 0202 0303 0404 0301 0303 0404 0404 0403 0404 0402 0202 0202 0101 0202 0303 0202 0104 0102 0101 0103 0401 0101 0401 0101 0202 0304 0304 0402 0304 0103 0404 0404 0202 0202 0202 0404 0204 0203 0404 0202 0303 0202 0303 0101 0101 0301 0103 0202 0404 0404 0104 0202 0404 0101 0303 0101 0303 0101 0303 0202 0301 0101 
172 , 0102 0404 0101 0303 0303 0404 0303 0101 0101 0103 0404 0401 0101 0402 0101 0203 0201 0303 0204 0303 0404 0101 0103 0101 0404 0403 0404 0404 0202 0202 0103 0402 0303 0202 0104 0201 0101 0301 0404 0101 0101 0101 0303 0403 0403 0204 0404 0103 0403 0404 0202 0202 0202 0404 0404 0202 0304 0203 0301 0202 0303 0101 0103 0301 0303 0202 0404 0204 0401 0402 0404 0301 0303 0401 0303 0201 0303 0202 0303 0301 
173 , 0101 0404 0101 0303 0203 0404 0302 0103 0101 0303 0404 0101 0101 0402 0101 0302 0202 0303 0202 0101 0404 0301 0103 0104 0404 0403 0404 0404 0202 0202 0303 0202 0303 0202 0101 0201 0101 0101 0404 0101 0101 0101 0202 0404 0404 0402 0404 0303 0304 0404 0202 0202 0202 0404 0404 0302 0403 0202 0301 0202 0103 0104 0101 0103 0303 0202 0402 0404 0104 0202 0404 0101 0303 0101 0103 0102 0303 0202 0303 0101 
174 , 0101 0404 0101 0303 0202 0304 0303 0101 0101 0303 0404 0101 0101 0204 0103 0203 0201 0303 0202 0103 0404 0303 0103 0404 0404 0403 0404 0202 0202 0302 0303 0202 0303 0202 0104 0201 0101 0101 0404 0101 0104 0101 0202 0403 0404 0404 0404 0303 0304 0404 0202 0303 0202 0404 0204 0202 0403 0302 0103 0202 0103 0401 0101 0303 0103 0202 0404 0202 0404 0202 0404 0101 0303 0101 0103 0102 0303 0202 0303 0301 
175 , 0101 0404 0101 0303 0303 0404 0303 0301 0101 0101 0404 0104 0101 0404 0303 0203 0101 0303 0202 0303 0304 0101 0301 0404 0404 0303 0404 0404 0201 0302 0301 0402 0303 0204 0401 0101 0101 0103 0401 0101 0404 0101 0202 0304 0404 0204 0403 0303 0304 0404 0202 0202 0202 0402 0204 0202 0404 0203 0303 0202 0101 0101 0101 0303 0103 0201 0404 0204 0404 0204 0404 0101 0303 0101 0103 0202 0103 0202 0303 0101 
176 , 0101 0401 0101 0303 0302 0404 0303 0303 0101 0101 0403 0101 0101 0202 0101 0202 0101 0303 0202 0101 0404 0303 0301 0404 0404 0303 0404 0204 0201 0202 0303 0202 0303 0204 0401 0201 0101 0303 0101 0101 0101 0101 0202 0304 0404 0402 0404 0303 0303 0404 0202 0203 0204 0404 0404 0302 0404 0203 0303 0202 0303 0401 0101 0101 0101 0202 0404 0204 0404 0204 0404 0101 0303 0101 0103 0201 0301 0202 0303 0101 
177 , 0101 0101 0101 0303 0303 0404 0303 0301 0101 0303 0404 0404 0101 0202 0303 0303 0101 0303 0202 0101 0404 0101 0101 0104 0404 0304 0403 0202 0202 0202 0301 0402 0303 0202 0101 0202 0104 0303 0404 0101 0101 0101 0202 0403 0304 0204 0304 0103 0304 0403 0202 0202 0202 0404 0404 0202 0404 0302 0303 0302 0303 0101 0301 0303 0103 0202 0404 0202 0404 0202 0404 0101 0303 0101 0303 0101 0303 0202 0303 0301 
178 , 0201 0404 0101 0303 0303 0404 0303 0301 0101 0101 0304 0401 0101 0202 0101 0302 0102 0303 0202 0101 0404 0303 0303 0401 0404 0303 0304 0404 0202 0202 0303 0202 0303 0202 0101 0202 0101 0303 0104 0101 0401 0101 0202 0303 0404 0202 0404 0301 0303 0404 0202 0302 0202 0202 0404 0202 0403 0202 0301 0202 0303 0104 0101 0303 0301 0202 0204 0204 0104 0204 0404 0101 0303 0101 0301 0102 0303 0202 0303 0101 
179 , 0101 0104 0104 0301 0203 0404 0303 0101 0103 0301 0404 0104 0101 0402 0103 0303 0201 0303 0204 0301 0404 0101 0103 0404 0404 0403 0404 0202 0202 0202 0303 0202 0303 0202 0401 0201 0104 0303 0101 0401 0104 0101 0202 0303 0404 0402 0404 0303 0303 0404 0202 0202 0204 0402 0404 0302 0403 0303 0103 0202 0103 0101 0103 0301 0103 0202 0204 0402 0104 0202 0404 0101 0303 0401 0303 0201 0303 0203 0303 0103 
180 , 0101 0404 0101 0303 0203 0404 0303 0303 0101 0101 0404 0404 0101 0402 0101 0203 0101 0302 0202 0303 0404 0101 0101 0404 0404 0303 0404 0404 0202 0202 0103 0402 0303 0402 0401 0202 0101 0301 0404 0101 0101 0101 0202 0404 0404 0202 0404 0103 0303 0303 0202 0202 0204 0404 0404 0203 0304 0202 0303 0202 0103 0104 0101 0101 0303 0202 0402 0404 0401 0202 0404 0101 0303 0101 0303 0202 0103 0203 0303 0301 
181 , 0101 0404 0101 0301 0303 0404 0303 0303 0301 0301 0404 0104 0101 0202 0103 0203 0102 0303 0202 0303 0404 0103 0101 0404 0404 0403 0404 0404 0102 0202 0301 0204 0303 0202 0101 0202 0101 0303 0401 0101 0104 0101 0202 0403 0404 0404 0404 0101 0304 0404 0202 0202 0402 0404 0404 0202 0403 0202 0303 0202 0303 0101 0101 0303 0301 0202 0404 0402 0104 0202 0404 0101 0303 0101 0101 0101 0103 0202 0303 0103 
182 , 0101 0401 0101 0303 0303 0404 0303 0301 0101 0101 0404 0104 0101 0202 0103 0203 0102 0303 0202 0301 0404 0301 0301 0101 0404 0404 0404 0404 0202 0202 0303 0202 0303 0402 0104 0202 0101 0303 0404 0101 0101 0101 0302 0304 0404 0404 0403 0303 0303 0404 0202 0202 0202 0204 0404 0202 0404 0302 0301 0202 0101 0104 0101 0303 0103 0202 0404 0404 0404 0402 0404 0101 0303 0101 0303 0101 0301 0202 0303 0101 
183 , 0101 0404 0101 0303 0302 0404 0303 0303 0101 0103 0404 0401 0101 0404 0103 0302 0202 0303 0202 0303 0404 0101 0301 0401 0404 0403 0404 0204 0202 0202 0301 0202 0303 0204 0401 0102 0401 0103 0401 0101 0404 0101 0202 0304 0304 0204 0404 0103 0304 0404 0202 0202 0202 0404 0404 0202 0304 0202 0303 0202 0101 0401 0301 0103 0103 0202 0404 0404 0404 0202 0404 0101 0303 0101 0101 0102 0303 0202 0303 0101 
184 , 0102 0404 0101 0303 0303 0404 0303 0101 0101 0103 0404 0101 0401 0402 0101 0203 0201 0303 0202 0303 0404 0303 0303 0101 0404 0403 0404 0202 0202 0202 0303 0202 0301 0202 0404 0201 0101 0101 0101 0401 0401 0101 0302 0303 0404 0204 0404 0301 0403 0404 0202 0202 0202 0404 0404 0302 0304 0203 0301 0202 0103 0401 0103 0301 0303 0202 0404 0404 0401 0402 0304 0101 0303 0101 0103 0101 0103 0202 0303 0101 
185 , 0101 0404 0101 0303 0202 0304 0303 0103 0101 0101 0404 0404 0101 0404 0301 0203 0202 0302 0202 0303 0404 0301 0103 0404 0404 0303 0403 0204 0202 0302 0303 0202 0303 0202 0104 0202 0101 0303 0101 0101 0401 0104 0202 0303 0404 0204 0404 0103 0403 0404 0202 0302 0202 0404 0404 0202 0403 0303 0301 0202 0103 0101 0101 0303 0301 0102 0404 0202 0104 0202 0404 0101 0303 0101 0301 0201 0303 0202 0103 0103 
186 , 0101 0404 0101 0303 0303 0404 0303 0303 0101 0301 0404 0404 0101 0204 0301 0303 0201 0303 0202 0103 0404 0101 0103 0401 0404 0303 0404 0204 0201 0202 0303 0202 0303 0202 0101 0102 0101 0103 0404 0101 0401 0101 0202 0304 0404 0202 0404 0101 0404 0404 0202 0303 0402 0404 0404 0202 0404 0203 0101 0202 0103 0401 0101 0303 0303 0201 0404 0402 0401 0402 0404 0101 0303 0101 0301 0102 0303 0302 0303 0101 
187 , 0101 0404 0101 0303 0303 0404 0303 0301 0101 0301 0404 0404 0104 0402 0303 0303 0201 0303 0202 0103 0404 0103 0303 0401 0404 0404 0404 0204 0101 0202 0301 0204 0103 0202 0404 0202 0401 0103 0104 0101 0404 0101 0202 0403 0404 0204 0404 0101 0403 0404 0202 0202 0202 0404 0404 0202 0404 0203 0303 0202 0301 0401 0301 0301 0103 0202 0404 0204 0401 0204 0404 0301 0303 0401 0301 0101 0303 0202 0303 0101 
188 , 0101 0404 0401 0303 0203 0404 0303 0103 0101 0303 0404 0404 0101 0402 0301 0302 0201 0303 0202 0103 0404 0303 0301 0401 0404 0303 0404 0204 0202 0202 0303 0202 0303 0204 0101 0202 0401 0101 0101 0101 0101 0101 0202 0403 0404 0204 0304 0303 0303 0404 0202 0202 0202 0404 0204 0202 0304 0302 0303 0202 0303 0101 0101 0103 0303 0202 0404 0404 0101 0202 0404 0101 0303 0101 0303 0101 0301 0302 0303 0101 
189 , 0101 0404 0101 0303 0202 0404 0303 0303 0101 0103 0404 0101 0101 0404 0303 0302 0201 0303 0202 0103 0404 0301 0101 0104 0404 0303 0404 0402 0202 0203 0103 0202 0303 0404 0401 0202 0101 0101 0404 0101 0101 0101 0202 0303 0404 0204 0404 0303 0303 0404 0202 0203 0202 0404 0404 0302 0303 0202 0303 0202 0103 0101 0101 0103 0103 0202 0204 0402 0401 0202 0404 0101 0303 0101 0301 0201 0103 0202 0303 0301 
190 , 0101 0404 0101 0103 0303 0404 0303 0303 0101 0303 0404 0404 0101 0402 0101 0303 0201 0303 0202 0303 0404 0101 0103 0404 0404 0304 0404 0204 0202 0202 0303 0202 0301 0204 0104 0202 0101 0101 0404 0101 0104 0101 0302 0403 0404 0404 0404 0303 0304 0404 0202 0203 0202 0404 0404 0202 0404 0203 0303 0202 0103 0101 0101 0303 0303 0202 0404 0404 0401 0202 0404 0101 0304 0101 0303 0101 0303 0202 0303 0101 
191 , 0101 0404 0101 0303 0202 0404 0303 0303 0301 0103 0404 0101 0101 0202 0103 0303 0201 0303 0202 0303 0404 0301 0101 0404 0403 0304 0404 0404 0102 0202 0303 0202 0303 0202 0104 0202 0101 0301 0404 0101 0104 0101 0202 0403 0404 0402 0404 0303 0303 0404 0204 0202 0402 0404 0404 0202 0404 0303 0303 0202 0303 0101 0303 0303 0301 0202 0404 0402 0401 0202 0404 0101 0303 0101 0101 0201 0103 0202 0303 0101 
192 , 0101 0401 0101 0303 0303 0403 0303 0303 0103 0101 0404 0401 0101 0404 0101 0303 0202 0303 0202 0101 0404 0303 0101 0401 0404 0303 0304 0402 0202 0202 0303 0204 0303 0202 0101 0202 0101 0101 0104 0101 0101 0401 0202 0303 0404 0404 0404 0303 0304 0404 0202 0202 0202 0404 0404 0202 0403 0202 0303 0202 0301 0401 0101 0303 0103 0202 0404 0202 0104 0204 0403 0101 0303 0101 0301 0102 0103 0202 0103 0301 
193 , 0101 0404 0401 0303 0202 0404 0303 0103 0101 0103 0403 0401 0101 0402 0303 0203 0202 0303 0202 0103 0404 0103 0101 0401 0404 0303 0404 0204 0201 0202 0303 0202 0303 0404 0101 0202 0101 0103 0401 0101 0101 0101 0202 0404 0404 0402 0404 0303 0304 0404 0202 0202 0202 0204 0404 0202 0304 0203 0103 0203 0301 0101 0103 0303 0103 0202 0404 0202 0401 0202 0404 0301 0303 0104 0303 0102 0303 0202 0103 0103 
194 , 0101 0404 0101 0303 0303 0404 0303 0303 0101 0303 0404 0104 0101 0402 0103 0203 0201 0303 0202 0303 0404 0103 0103 0101 0404 0303 0404 0202 0102 0202 0301 0202 0303 0402 0101 0202 0101 0303 0401 0101 0101 0101 0202 0404 0404 0404 0404 0303 0303 0404 0402 0302 0202 0404 0204 0203 0404 0302 0301 0202 0103 0101 0101 0101 0303 0202 0404 0404 0404 0404 0404 0101 0304 0101 0103 0101 0303 0202 0101 0101 
195 , 0101 0404 0101 0301 0303 0404 0303 0303 0101 0301 0304 0401 0101 0402 0101 0203 0102 0302 0202 0301 0403 0101 0303 0101 0404 0403 0404 0202 0201 0202 0303 0402 0303 0202 0104 0201 0101 0101 0104 0101 0101 0101 0202 0304 0404 0202 0403 0303 0403 0404 0202 0202 0202 0404 0404 0202 0404 0202 0101 0202 0303 0101 0303 0103 0303 0202 0404 0202 0104 0202 0303 0101 0303 0101 0103 0101 0303 0202 0303 0101 
196 , 0101 0404 0401 0303 0303 0404 0302 0303 0301 0303 0404 0101 0101 0204 0301 0303 0102 0303 0202 0103 0404 0101 0103 0404 0404 0303 0404 0204 0202 0202 0303 0402 0303 0202 0101 0202 0101 0301 0401 0101 0404 0101 0202 0404 0404 0402 0404 0303 0403 0404 0202 0302 0202 0202 0404 0202 0403 0302 0101 0202 0303 0101 0101 0303 0303 0202 0402 0404 0104 0204 0404 0101 0303 0101 0303 0202 0301 0202 0303 0101 
197 , 0101 0404 0101 0303 0303 0404 0303 0103 0101 0303 0404 0101 0101 0404 0103 0302 0102 0303 0202 0301 0404 0301 0101 0404 0404 0403 0404 0202 0102 0302 0303 0404 0303 0202 0101 0201 0101 0101 0404 0401 0104 0101 0302 0303 0403 0404 0404 0303 0303 0404 0402 0203 0202 0404 0404 0302 0304 0203 0101 0202 0301 0101 0301 0301 0301 0102 0204 0402 0401 0202 0404 0101 0303 0401 0301 0201 0303 0202 0303 0101 
198 , 0101 0401 0101 0103 0202 0304 0303 0301 0101 0103 0403 0404 0101 0402 0103 0203 0101 0303 0202 0301 0404 0301 0301 0104 0404 0303 0404 0204 0102 0302 0301 0402 0303 0202 0401 0102 0104 0103 0101 0101 0401 0101 0202 0303 0404 0204 0304 0301 0304 0403 0202 0302 0202 0404 0204 0202 0304 0202 0303 0202 0303 0101 0101 0303 0103 0202 0404 0402 0104 0202 0404 0101 0303 0101 0303 0102 0303 0202 0303 0301 
199 , 0101 0401 0101 0303 0202 0404 0303 0301 0101 0103 0404 0104 0101 0402 0301 0203 0102 0303 0202 0303 0404 0301 0101 0401 0404 0404 0404 0404 0201 0202 0301 0202 0303 0202 0104 0201 0401 0103 0104 0101 0101 0101 0202 0304 0404 0404 0304 0303 0303 0404 0202 0202 0202 0404 0404 0202 0404 0202 0303 0202 0101 0104 0103 0103 0303 0202 0404 0204 0101 0202 0404 0101 0303 0101 0103 0101 0303 0202 0303 0101 
200 , 0101 0404 0101 0303 0303 0404 0303 0303 0103 0101 0404 0401 0101 0404 0101 0303 0202 0303 0202 0101 0404 0301 0101 0401 0404 0303 0404 0402 0202 0302 0303 0202 0303 0202 0104 0102 0101 0103 0101 0101 0404 0101 0202 0303 0404 0204 0404 0303 0404 0404 0202 0302 0402 0404 0404 0202 0404 0203 0303 0202 0103 0101 0101 0303 0303 0202 0402 0402 0401 0402 0404 0101 0303 0101 0303 0101 0303 0302 0303 0101 
