Auto-generated genotype output.
1
2
3
4
5
6
7
8
9
10
11
12
13
14
15
16
17
18
19
20
21
22
23
24
25
26
27
28
29
30
31
32
33
34
35
36
37
38
39
40
Pop
1 , 0101 0404 0202 0304 0101 0101 0404 0203 0203 0101 0404 0202 0402 0202 0202 0201 0101 0304 0202 0103 0404 0403 0404 0202 0303 0303 0202 0404 0103 0101 0202 0101 0101 0403 0101 0303 0403 0202 0103 0101 
2 , 0101 0404 0102 0404 0101 0101 0303 0302 0303 0102 0404 0202 0202 0202 0202 0101 0101 0303 0203 0101 0202 0303 0404 0202 0304 0303 0302 0404 0103 0101 0204 0103 0101 0404 0101 0303 0404 0202 0303 0101 
3 , 0101 0304 0201 0403 0101 0101 0303 0303 0203 0201 0404 0202 0404 0202 0202 0101 0101 0303 0203 0101 0402 0303 0404 0202 0304 0303 0302 0404 0301 0101 0404 0101 0101 0404 0101 0303 0303 0202 0303 0201 
4 , 0103 0404 0202 0303 0102 0101 0403 0303 0202 0101 0404 0202 0202 0202 0204 0201 0101 0303 0303 0303 0402 0303 0403 0402 0404 0101 0303 0404 0101 0101 0202 0301 0101 0403 0101 0303 0403 0202 0101 0201 
5 , 0101 0404 0201 0303 0101 0101 0403 0303 0203 0201 0404 0202 0202 0202 0202 0102 0101 0303 0202 0301 0202 0403 0403 0402 0404 0301 0202 0404 0101 0101 0402 0303 0101 0403 0101 0303 0303 0202 0101 0101 
6 , 0101 0404 0102 0404 0101 0101 0304 0303 0203 0101 0404 0202 0402 0202 0202 0202 0101 0303 0202 0103 0404 0303 0304 0402 0403 0103 0302 0404 0103 0301 0404 0103 0104 0403 0101 0303 0403 0203 0101 0202 
7 , 0103 0404 0202 0303 0101 0101 0304 0203 0202 0101 0404 0202 0204 0202 0204 0101 0103 0303 0302 0301 0204 0303 0404 0204 0303 0301 0203 0403 0101 0101 0402 0303 0101 0303 0101 0303 0403 0302 0101 0101 
8 , 0101 0404 0102 0403 0101 0301 0303 0202 0203 0102 0404 0202 0202 0202 0202 0202 0101 0304 0203 0303 0404 0303 0404 0204 0404 0303 0202 0304 0101 0101 0402 0101 0101 0303 0102 0303 0303 0202 0103 0201 
9 , 0101 0304 0202 0304 0101 0101 0403 0202 0202 0101 0404 0202 0202 0102 0402 0201 0303 0403 0202 0101 0204 0303 0404 0202 0403 0303 0202 0404 0101 0101 0402 0101 0101 0303 0101 0303 0403 0202 0301 0101 
10 , 0101 0404 0201 0303 0101 0101 0404 0202 0203 0101 0404 0202 0202 0202 0202 0202 0101 0303 0302 0301 0402 0303 0404 0402 0303 0301 0202 0403 0103 0101 0202 0301 0101 0404 0101 0303 0303 0302 0101 0102 
11 , 0101 0404 0202 0303 0101 0101 0403 0302 0203 0201 0401 0202 0202 0201 0202 0102 0101 0303 0202 0301 0202 0403 0404 0402 0304 0303 0202 0404 0101 0101 0404 0301 0101 0304 0101 0303 0303 0202 0103 0201 
12 , 0101 0404 0101 0303 0101 0101 0404 0202 0303 0101 0404 0202 0202 0202 0204 0101 0101 0303 0303 0101 0202 0303 0404 0202 0404 0301 0202 0404 0303 0101 0404 0103 0101 0403 0101 0303 0303 0202 0301 0101 
13 , 0101 0404 0202 0403 0101 0101 0403 0202 0302 0201 0104 0202 0202 0202 0202 0202 0101 0303 0302 0101 0202 0303 0404 0202 0304 0101 0202 0304 0303 0101 0404 0101 0101 0404 0101 0303 0403 0202 0103 0201 
14 , 0101 0404 0102 0403 0101 0101 0303 0203 0303 0101 0404 0202 0202 0202 0202 0202 0101 0303 0202 0101 0204 0303 0404 0204 0403 0101 0202 0304 0301 0103 0202 0101 0101 0404 0101 0303 0403 0202 0101 0201 
15 , 0301 0304 0202 0303 0101 0101 0304 0202 0303 0101 0404 0202 0204 0201 0202 0102 0101 0304 0202 0103 0402 0303 0404 0402 0403 0303 0202 0404 0301 0103 0204 0301 0101 0403 0101 0303 0403 0203 0303 0201 
16 , 0301 0403 0201 0403 0101 0101 0404 0203 0203 0201 0404 0202 0202 0202 0202 0202 0101 0304 0302 0301 0202 0303 0404 0202 0304 0303 0202 0304 0301 0101 0402 0101 0104 0404 0101 0303 0303 0202 0301 0102 
17 , 0101 0403 0102 0404 0101 0101 0304 0202 0302 0101 0104 0202 0202 0202 0202 0202 0101 0304 0302 0101 0202 0303 0403 0204 0403 0103 0202 0404 0103 0101 0202 0303 0101 0403 0101 0303 0403 0203 0101 0101 
18 , 0101 0404 0102 0403 0101 0101 0304 0302 0203 0101 0404 0202 0202 0202 0202 0102 0301 0303 0203 0303 0404 0303 0404 0202 0403 0301 0202 0404 0101 0101 0202 0303 0101 0303 0101 0303 0303 0202 0101 0201 
19 , 0101 0404 0202 0403 0201 0101 0304 0302 0203 0101 0404 0202 0202 0202 0202 0102 0101 0303 0202 0103 0202 0303 0404 0202 0404 0303 0202 0304 0301 0101 0204 0301 0101 0404 0101 0303 0403 0202 0103 0201 
20 , 0101 0304 0202 0303 0101 0101 0403 0303 0303 0101 0104 0202 0402 0202 0402 0201 0101 0303 0202 0303 0202 0303 0404 0202 0304 0103 0302 0404 0301 0101 0204 0303 0101 0404 0101 0303 0304 0303 0303 0101 
21 , 0101 0404 0201 0303 0101 0301 0404 0202 0202 0101 0404 0202 0402 0202 0402 0102 0303 0303 0202 0301 0204 0303 0404 0202 0304 0103 0302 0404 0301 0101 0202 0301 0101 0404 0101 0303 0403 0302 0303 0101 
22 , 0101 0404 0202 0303 0101 0101 0303 0303 0203 0101 0404 0202 0204 0202 0204 0101 0101 0303 0303 0101 0404 0303 0404 0202 0404 0103 0202 0404 0101 0101 0204 0303 0101 0404 0101 0303 0303 0202 0303 0101 
23 , 0301 0404 0202 0304 0101 0101 0403 0202 0202 0101 0404 0202 0202 0201 0202 0201 0101 0304 0203 0301 0202 0304 0404 0202 0303 0101 0203 0403 0101 0101 0204 0101 0104 0403 0101 0303 0404 0203 0303 0201 
24 , 0101 0404 0201 0303 0101 0101 0404 0203 0303 0101 0101 0202 0402 0202 0202 0101 0101 0303 0202 0103 0202 0303 0404 0204 0303 0101 0302 0404 0103 0101 0202 0101 0101 0404 0101 0303 0304 0202 0301 0101 
25 , 0103 0404 0201 0303 0101 0101 0303 0203 0202 0101 0404 0202 0204 0202 0402 0202 0101 0303 0203 0101 0402 0303 0304 0204 0304 0103 0202 0404 0101 0101 0402 0101 0101 0404 0101 0203 0303 0202 0301 0102 
26 , 0101 0404 0201 0303 0101 0101 0403 0203 0303 0201 0404 0202 0402 0202 0202 0201 0101 0303 0202 0101 0204 0404 0404 0202 0404 0101 0202 0404 0101 0101 0202 0101 0101 0404 0101 0303 0303 0202 0101 0101 
27 , 0101 0404 0202 0404 0101 0101 0304 0203 0202 0101 0404 0202 0402 0202 0402 0101 0101 0403 0202 0103 0202 0304 0404 0202 0404 0301 0202 0404 0101 0101 0404 0303 0101 0404 0101 0303 0303 0202 0301 0201 
28 , 0101 0404 0101 0303 0101 0101 0303 0302 0303 0101 0404 0202 0202 0202 0202 0101 0301 0303 0202 0301 0204 0304 0404 0402 0304 0301 0202 0404 0101 0301 0402 0101 0101 0403 0101 0303 0303 0202 0301 0101 
29 , 0101 0403 0202 0303 0101 0303 0403 0302 0202 0101 0404 0202 0404 0202 0404 0102 0101 0303 0202 0303 0202 0303 0404 0204 0403 0101 0203 0404 0101 0101 0202 0103 0101 0403 0101 0302 0404 0202 0303 0101 
30 , 0101 0403 0202 0404 0201 0103 0404 0202 0303 0101 0401 0202 0402 0202 0202 0202 0101 0303 0203 0103 0202 0404 0404 0204 0403 0103 0202 0403 0101 0101 0202 0101 0101 0403 0101 0303 0303 0202 0101 0101 
31 , 0101 0404 0102 0304 0101 0101 0304 0302 0202 0201 0104 0202 0402 0102 0202 0102 0101 0403 0202 0301 0204 0303 0404 0202 0304 0303 0202 0404 0101 0101 0402 0101 0101 0404 0201 0303 0304 0202 0303 0101 
32 , 0101 0403 0202 0303 0101 0101 0304 0302 0203 0101 0404 0202 0202 0202 0202 0101 0301 0303 0302 0103 0202 0403 0403 0202 0404 0303 0202 0404 0103 0101 0204 0103 0101 0404 0201 0303 0303 0202 0301 0202 
33 , 0101 0404 0202 0303 0101 0101 0404 0302 0302 0102 0404 0202 0202 0202 0404 0202 0101 0303 0302 0103 0202 0303 0404 0402 0404 0303 0202 0404 0101 0101 0202 0103 0101 0404 0101 0303 0403 0202 0103 0201 
34 , 0101 0404 0102 0304 0101 0101 0404 0303 0203 0201 0104 0202 0202 0102 0204 0201 0101 0403 0202 0301 0202 0303 0404 0202 0304 0301 0203 0404 0103 0101 0404 0103 0101 0404 0101 0303 0303 0202 0303 0101 
35 , 0101 0404 0102 0303 0101 0103 0404 0303 0302 0101 0401 0202 0204 0202 0202 0202 0101 0303 0202 0101 0204 0403 0404 0204 0303 0303 0303 0403 0103 0101 0402 0103 0101 0304 0101 0302 0404 0202 0303 0101 
36 , 0101 0404 0102 0303 0101 0101 0303 0203 0302 0102 0401 0202 0204 0202 0202 0202 0301 0303 0203 0301 0404 0303 0404 0202 0404 0303 0202 0404 0101 0101 0402 0301 0101 0303 0101 0303 0303 0202 0101 0201 
37 , 0101 0404 0101 0303 0101 0103 0303 0302 0202 0101 0404 0202 0202 0202 0202 0101 0101 0404 0202 0101 0204 0303 0403 0202 0403 0303 0202 0404 0101 0101 0202 0301 0101 0304 0201 0303 0303 0202 0301 0101 
38 , 0101 0403 0102 0403 0101 0103 0303 0302 0303 0101 0401 0202 0204 0202 0202 0101 0301 0303 0202 0301 0402 0303 0404 0202 0403 0303 0202 0403 0101 0101 0202 0101 0101 0303 0101 0303 0304 0202 0101 0201 
39 , 0101 0404 0201 0303 0101 0101 0403 0202 0303 0101 0404 0102 0202 0202 0202 0202 0101 0303 0202 0101 0204 0303 0404 0202 0404 0301 0202 0404 0301 0101 0402 0101 0101 0404 0201 0303 0303 0203 0101 0101 
40 , 0101 0404 0201 0303 0101 0101 0403 0203 0203 0101 0404 0202 0202 0202 0402 0101 0101 0303 0202 0103 0202 0303 0404 0402 0403 0103 0202 0404 0301 0101 0402 0103 0401 0404 0101 0303 0303 0202 0303 0201 
41 , 0101 0404 0202 0303 0101 0101 0403 0203 0302 0201 0404 0202 0204 0202 0202 0202 0101 0303 0203 0101 0202 0303 0304 0204 0403 0303 0202 0404 0301 0101 0402 0101 0101 0404 0101 0303 0303 0202 0303 0101 
42 , 0101 0404 0201 0304 0101 0103 0304 0203 0303 0202 0401 0202 0202 0202 0202 0202 0101 0303 0203 0101 0202 0304 0404 0204 0404 0303 0203 0403 0101 0303 0404 0101 0104 0303 0201 0302 0303 0202 0301 0101 
43 , 0101 0404 0202 0303 0101 0101 0403 0203 0202 0101 0404 0202 0402 0202 0402 0102 0101 0303 0202 0301 0202 0303 0404 0202 0303 0303 0202 0404 0303 0101 0204 0303 0101 0304 0101 0303 0403 0303 0303 0101 
44 , 0101 0403 0202 0303 0101 0101 0404 0202 0202 0101 0404 0202 0204 0202 0402 0101 0101 0303 0303 0101 0204 0303 0404 0204 0404 0301 0203 0404 0301 0101 0402 0101 0101 0403 0101 0303 0303 0202 0301 0101 
45 , 0101 0404 0102 0303 0101 0101 0304 0202 0202 0201 0104 0202 0202 0202 0204 0101 0101 0303 0202 0301 0202 0303 0403 0202 0303 0303 0202 0404 0301 0101 0402 0101 0101 0404 0101 0303 0303 0202 0301 0102 
46 , 0303 0404 0202 0304 0101 0101 0403 0302 0203 0101 0104 0202 0204 0202 0202 0202 0101 0403 0202 0303 0202 0303 0403 0202 0304 0303 0202 0404 0101 0101 0404 0101 0101 0403 0101 0303 0303 0202 0303 0101 
47 , 0101 0404 0202 0303 0101 0101 0303 0202 0302 0101 0404 0202 0404 0202 0402 0101 0101 0303 0203 0101 0202 0303 0404 0202 0404 0303 0202 0403 0303 0101 0402 0101 0101 0404 0101 0303 0304 0202 0301 0202 
48 , 0101 0404 0102 0404 0101 0101 0304 0202 0203 0102 0404 0202 0402 0202 0204 0202 0301 0303 0202 0103 0202 0303 0304 0402 0404 0101 0302 0404 0101 0301 0402 0301 0101 0404 0101 0203 0403 0202 0103 0101 
49 , 0101 0404 0202 0304 0101 0101 0404 0302 0203 0102 0404 0202 0202 0202 0202 0101 0103 0303 0302 0101 0204 0304 0404 0202 0304 0103 0202 0404 0301 0301 0402 0103 0401 0304 0201 0303 0403 0202 0103 0201 
50 , 0303 0404 0102 0303 0101 0101 0304 0302 0203 0202 0404 0202 0202 0202 0404 0102 0103 0403 0302 0103 0402 0303 0404 0402 0404 0301 0203 0404 0101 0101 0404 0101 0101 0404 0201 0303 0303 0202 0303 0101 
