Generated genotype output
1
2
3
4
5
6
7
8
9
10
11
12
13
14
15
16
17
18
19
20
21
22
23
24
25
26
27
28
29
30
31
32
33
34
35
36
37
38
39
40
Pop
1 , 0203 0301 0103 0102 0302 0001 0304 0001 0103 0004 0204 0004 0102 0100 0204 0300 0302 0203 0301 0104 0102 0203 0201 0304 0401 0103 0204 0202 0404 0102 0201 0204 0301 0302
2 , 0203 0301 0103 0202 0302 0201 0003 0401 0104 0202 0204 0404 0102 0101 0300 0301 0302 0202 0103 0103 0101 0302 0201 0304 0401 0003 0203 0204 0402 0202 0102 0204 0400 0302
3 , 0203 0303 0003 0001 0402 0201 0304 0401 0103 0202 0204 0402 0202 0101 0204 0201 0302 0303 0300 0103 0000 0302 0201 0004 0401 0103 0202 0204 0302 0202 0101 0204 0401 0300
4 , 0203 0100 0103 0101 0302 0204 0304 0401 0103 0003 0204 0402 0202 0102 0204 0401 0002 0203 0301 0104 0102 0103 0201 0304 0401 0103 0204 0202 0404 0102 0101 0203 0301 0102
5 , 0203 0301 0103 0102 0002 0201 0304 0404 0003 0300 0200 0404 0102 0101 0204 0000 0302 0303 0003 0103 0101 0302 0201 0304 0401 0103 0202 0104 0302 0200 0101 0204 0401 0302
6 , 0203 0304 0103 0102 0002 0201 0304 0404 0103 0304 0204 0404 0102 0101 0204 0301 0302 0203 0401 0203 0102 0302 0001 0304 0401 0103 0204 0300 0002 0104 0101 0102 0001 0302
7 , 0203 0301 0104 0102 0103 0201 0302 0401 0103 0204 0202 0404 0402 0101 0204 0301 0302 0203 0301 0104 0102 0203 0201 0304 0401 0103 0204 0002 0404 0102 0401 0204 0301 0302
8 , 0203 0300 0003 0102 0302 0201 0304 0401 0103 0200 0204 0404 0002 0101 0204 0001 0302 0203 0301 0103 0102 0202 0201 0304 0404 0100 0004 0204 0404 0102 0100 0204 0301 0302
9 , 0303 0303 0103 0101 0302 0200 0304 0401 0103 0202 0100 0302 0002 0001 0000 0001 0303 0203 0103 0100 0101 0302 0201 0304 0001 0103 0203 0204 0402 0202 0102 0204 0401 0302
10 , 0202 0103 0103 0101 0302 0201 0304 0401 0103 0203 0204 0402 0202 0102 0204 0401 0002 0203 0000 0103 0101 0300 0200 0004 0401 0103 0203 0204 0402 0202 0102 0200 0401 0302
11 , 0203 0100 0103 0101 0300 0201 0304 0401 0103 0203 0004 0402 0202 0102 0204 0401 0302 0200 0303 0103 0101 0302 0201 0304 0401 0103 0202 0204 0400 0202 0001 0204 0200 0302
12 , 0203 0303 0103 0101 0302 0201 0304 0401 0100 0202 0204 0400 0202 0101 0204 0201 0302 0203 0301 0103 0102 0302 0301 0304 0401 0103 0304 0204 0404 0302 0101 0204 0301 0302
13 , 0203 0000 0103 0002 0202 0201 0304 0400 0103 0304 0204 0404 0102 0101 0204 0301 0302 0203 0103 0103 0101 0302 0200 0304 0401 0103 0203 0204 0402 0202 0002 0204 0401 0302
14 , 0203 0100 0103 0101 0302 0201 0304 0401 0000 0203 0204 0402 0202 0102 0204 0401 0302 0203 0103 0103 0101 0302 0201 0004 0401 0103 0203 0204 0402 0202 0102 0204 0401 0302
15 , 0203 0103 0003 0101 0302 0201 0304 0101 0103 0203 0004 0402 0202 0102 0000 0401 0302 0203 0303 0103 0101 0402 0203 0304 0401 0103 0003 0204 0402 0203 0101 0004 0201 0302
16 , 0203 0003 0100 0101 0302 0201 0304 0401 0103 0202 0204 0402 0202 0001 0204 0001 0302 0203 0301 0104 0002 0003 0001 0004 0400 0103 0204 0002 0404 0102 0104 0204 0301 0302
17 , 0203 0301 0104 0102 0103 0201 0304 0400 0103 0204 0202 0004 0102 0104 0200 0301 0302 0203 0103 0103 0101 0302 0200 0304 0401 0103 0203 0204 0402 0202 0102 0004 0401 0302
18 , 0203 0300 0103 0002 0302 0201 0304 0400 0103 0203 0204 0404 0002 0101 0204 0301 0302 0303 0304 0103 0102 0202 0201 0304 0404 0003 0300 0204 0404 0102 0101 0204 0300 0302
19 , 0203 0301 0004 0102 0203 0201 0304 0401 0103 0004 0202 0404 0102 0201 0204 0301 0302 0203 0301 0103 0100 0202 0201 0304 0404 0103 0304 0204 0404 0102 0101 0204 0301 0302
20 , 0203 0301 0103 0102 0302 0301 0304 0401 0103 0000 0204 0404 0002 0101 0204 0301 0302 0203 0301 0003 0000 0302 0301 0304 0401 0103 0304 0204 0404 0102 0101 0204 0301 0302
21 , 0203 0303 0003 0101 0302 0201 0304 0401 0103 0202 0204 0402 0202 0101 0204 0000 0302 0203 0103 0103 0001 0302 0201 0004 0401 0103 0200 0204 0002 0202 0102 0204 0401 0302
22 , 0203 0103 0103 0001 0302 0201 0304 0401 0103 0203 0204 0402 0202 0102 0204 0401 0002 0203 0303 0103 0101 0402 0001 0304 0401 0103 0003 0204 0002 0202 0100 0004 0201 0000
23 , 0203 0301 0100 0102 0203 0201 0304 0001 0103 0204 0202 0400 0002 0401 0200 0301 0002 0200 0001 0103 0102 0302 0201 0304 0401 0003 0200 0204 0404 0102 0101 0204 0301 0302
24 , 0203 0304 0103 0100 0202 0201 0304 0400 0103 0304 0200 0404 0102 0001 0204 0301 0302 0200 0301 0104 0102 0103 0201 0302 0401 0103 0204 0202 0404 0102 0101 0204 0301 0302
25 , 0203 0301 0103 0102 0302 0201 0304 0401 0003 0200 0000 0404 0102 0001 0204 0301 0302 0203 0303 0103 0001 0302 0201 0304 0401 0103 0202 0204 0402 0202 0101 0204 0201 0302
26 , 0203 0301 0103 0102 0202 0201 0304 0404 0103 0004 0204 0404 0102 0001 0204 0301 0302 0203 0301 0103 0002 0302 0201 0304 0401 0003 0203 0204 0404 0102 0101 0204 0301 0302
27 , 0203 0301 0100 0102 0302 0301 0304 0401 0103 0204 0004 0404 0102 0101 0200 0301 0302 0203 0303 0103 0101 0302 0201 0304 0400 0103 0202 0204 0402 0200 0101 0200 0200 0302
28 , 0203 0301 0104 0100 0103 0001 0304 0400 0102 0204 0202 0404 0102 0101 0202 0301 0302 0203 0301 0104 0102 0103 0200 0004 0401 0003 0204 0202 0204 0102 0104 0204 0301 0302
29 , 0203 0303 0103 0101 0302 0201 0304 0401 0103 0202 0004 0402 0202 0101 0204 0200 0302 0200 0301 0103 0102 0302 0301 0304 0401 0103 0304 0204 0404 0102 0101 0204 0301 0302
30 , 0203 0103 0103 0101 0302 0001 0300 0401 0003 0203 0004 0402 0202 0102 0204 0401 0302 0203 0401 0203 0102 0302 0201 0304 0001 0103 0204 0400 0402 0104 0001 0102 0301 0002
31 , 0203 0300 0103 0202 0302 0201 0300 0401 0104 0202 0204 0400 0102 0101 0304 0301 0302 0203 0103 0100 0101 0302 0201 0300 0401 0103 0203 0004 0402 0202 0102 0200 0400 0302
32 , 0203 0300 0103 0202 0302 0200 0303 0401 0104 0204 0204 0404 0100 0103 0303 0301 0302 0203 0301 0103 0102 0302 0201 0304 0401 0103 0203 0200 0000 0102 0001 0204 0300 0302
33 , 0203 0300 0103 0100 0302 0201 0004 0401 0303 0203 0204 0404 0102 0101 0204 0301 0302 0203 0301 0103 0002 0300 0201 0304 0400 0103 0203 0204 0404 0102 0101 0204 0301 0300
34 , 0203 0301 0104 0102 0103 0201 0304 0401 0003 0204 0202 0404 0102 0100 0203 0300 0100 0203 0103 0103 0100 0300 0201 0304 0101 0103 0203 0004 0402 0002 0102 0204 0400 0002
35 , 0203 0301 0104 0102 0100 0201 0404 0401 0103 0200 0202 0004 0102 0101 0204 0001 0402 0203 0401 0003 0102 0302 0200 0304 0401 0003 0204 0004 0402 0104 0101 0102 0301 0302
36 , 0003 0103 0303 0101 0302 0201 0304 0401 0100 0203 0204 0402 0202 0102 0204 0401 0302 0003 0003 0103 0101 0300 0204 0304 0401 0003 0203 0304 0402 0202 0002 0200 0400 0302
37 , 0203 0301 0104 0100 0100 0201 0304 0401 0103 0204 0002 0000 0102 0104 0204 0301 0002 0303 0003 0103 0101 0302 0201 0404 0401 0103 0202 0204 0300 0202 0100 0204 0401 0302
38 , 0203 0000 0103 0102 0302 0301 0004 0401 0103 0304 0204 0404 0102 0101 0204 0301 0002 0203 0300 0104 0102 0103 0200 0002 0401 0103 0204 0202 0404 0102 0101 0204 0301 0302
39 , 0203 0301 0103 0202 0302 0201 0303 0401 0104 0202 0204 0404 0102 0101 0304 0301 0302 0303 0001 0104 0102 0100 0201 0004 0401 0103 0204 0202 0004 0100 0101 0002 0301 0302
40 , 0200 0301 0104 0102 0103 0201 0304 0401 0103 0004 0200 0403 0102 0100 0204 0301 0302 0200 0301 0004 0102 0103 0201 0004 0401 0102 0204 0202 0404 0103 0101 0201 0300 0002
41 , 0200 0103 0103 0101 0302 0201 0300 0401 0100 0203 0204 0402 0202 0102 0204 0001 0302 0203 0102 0003 0101 0302 0201 0304 0001 0103 0003 0204 0402 0002 0102 0204 0401 0302
42 , 0203 0301 0103 0102 0302 0201 0304 0401 0103 0203 0204 0404 0102 0101 0204 0301 0302 0203 0301 0104 0100 0203 0001 0004 0401 0003 0204 0202 0004 0102 0401 0204 0301 0302
43 , 0203 0301 0003 0102 0302 0201 0304 0401 0103 0200 0204 0004 0000 0101 0204 0301 0302 0203 0103 0103 0101 0302 0200 0304 0001 0103 0203 0204 0402 0202 0100 0200 0401 0302
44 , 0203 0301 0003 0102 0302 0001 0304 0401 0103 0304 0200 0404 0102 0101 0204 0301 0302 0203 0400 0203 0102 0302 0201 0300 0401 0103 0204 0404 0402 0004 0101 0102 0301 0302
45 , 0203 0300 0104 0102 0103 0201 0304 0401 0102 0204 0202 0404 0103 0101 0201 0301 0302 0203 0401 0203 0102 0300 0201 0000 0400 0103 0204 0404 0402 0104 0001 0102 0300 0302
46 , 0203 0301 0003 0102 0302 0201 0304 0401 0103 0203 0204 0404 0102 0101 0204 0301 0302 0203 0301 0100 0102 0103 0201 0304 0401 0103 0201 0202 0404 0002 0101 0204 0100 0302
47 , 0003 0301 0103 0102 0302 0201 0304 0401 0103 0203 0204 0404 0102 0101 0204 0301 0300 0203 0003 0103 0101 0302 0201 0304 0401 0103 0203 0200 0402 0202 0102 0204 0400 0300
48 , 0203 0301 0103 0102 0202 0201 0304 0404 0100 0304 0204 0404 0102 0101 0200 0301 0300 0203 0304 0103 0100 0202 0001 0000 0404 0103 0304 0004 0404 0102 0101 0204 0001 0300
49 , 0203 0103 0103 0101 0302 0201 0304 0401 0103 0003 0204 0402 0202 0002 0204 0401 0302 0203 0301 0103 0202 0302 0201 0000 0401 0104 0204 0204 0404 0102 0003 0303 0301 0302
50 , 0003 0301 0103 0102 0302 0001 0300 0401 0103 0304 0204 0404 0102 0101 0204 0301 0302 0203 0103 0103 0001 0302 0201 0004 0100 0103 0203 0200 0402 0202 0102 0204 0401 0300