Generated genotype output
1
2
3
4
5
6
7
8
9
10
11
12
13
14
15
16
17
18
19
20
21
22
23
24
25
26
27
28
29
30
31
32
33
34
35
36
37
38
39
40
Pop
1 , 0403 0102 0403 0104 0102 0403 0402 0304 0303 0104 0404 0203 0200 0304 0300 0202 0303 0400 0204 0401 0304 0400 0301 0404 0304 0104 0401 0304 0101 0402 0001 0303 0102 0300 0401 0403 0301 0203 0003
2 , 0403 0102 0400 0104 0002 0403 0400 0304 0300 0104 0004 0203 0204 0304 0000 0202 0303 0401 0204 0003 0303 0402 0302 0204 0304 0103 0004 0202 0100 0402 0402 0202 0102 0404 0004 0204 0304 0303 0403
3 , 0100 0404 0403 0102 0403 0400 0404 0000 0403 0104 0202 0103 0301 0203 0404 0004 0303 0102 0304 0301 0304 0404 0301 0304 0302 0104 0301 0304 0301 0400 0202 0403 0402 0304 0401 0203 0301 0203 0403
4 , 0103 0404 0401 0102 0403 0401 0404 0103 0400 0104 0202 0103 0300 0203 0104 0104 0303 0102 0304 0301 0304 0404 0300 0304 0302 0104 0301 0304 0301 0402 0202 0400 0102 0304 0401 0003 0201 0200 0403
5 , 0403 0102 0003 0104 0402 0403 0402 0403 0303 0104 0404 0203 0201 0304 0404 0202 0303 0401 0404 0401 0301 0404 0301 0404 0304 0100 0401 0304 0401 0402 0201 0004 0102 0304 0401 0403 0301 0300 0402
6 , 0403 0102 0400 0104 0100 0403 0402 0300 0303 0104 0404 0203 0204 0304 0004 0202 0303 0401 0204 0001 0301 0404 0301 0404 0304 0104 0401 0304 0001 0402 0201 0304 0102 0300 0401 0403 0301 0003 0402
7 , 0203 0102 0003 0100 0402 0403 0402 0404 0103 0104 0404 0203 0204 0204 0404 0402 0101 0402 0302 0403 0303 0402 0302 0204 0304 0100 0004 0202 0101 0402 0402 0202 0102 0404 0400 0204 0304 0303 0403
8 , 0000 0102 0403 0104 0102 0403 0002 0304 0303 0100 0004 0203 0200 0304 0304 0202 0300 0401 0204 0403 0201 0004 0302 0304 0200 0304 0204 0403 0001 0404 0402 0304 0103 0400 0402 0001 0104 0204 0401
9 , 0403 0102 0403 0104 0402 0403 0402 0004 0303 0104 0404 0003 0201 0304 0400 0000 0300 0401 0404 0402 0300 0204 0301 0404 0204 0304 0204 0401 0001 0400 0402 0302 0402 0404 0404 0201 0104 0203 0204
10 , 0403 0102 0400 0104 0402 0403 0002 0404 0303 0104 0000 0003 0201 0304 0404 0302 0303 0401 0404 0404 0301 0204 0301 0400 0204 0304 0200 0403 0301 0404 0402 0300 0103 0004 0402 0203 0300 0104 0404
11 , 0103 0400 0400 0104 0403 0401 0400 0103 0403 0104 0202 0103 0301 0200 0404 0100 0300 0102 0304 0302 0301 0204 0301 0404 0204 0304 0204 0401 0301 0404 0402 0302 0402 0404 0004 0201 0004 0203 0204
12 , 0303 0304 0203 0202 0403 0401 0303 0402 0201 0104 0204 0202 0201 0104 0004 0402 0403 0400 0004 0303 0001 0204 0302 0304 0204 0301 0004 0000 0301 0404 0402 0104 0100 0404 0402 0001 0104 0204 0404
13 , 0103 0104 0403 0104 0403 0401 0404 0100 0404 0104 0202 0103 0401 0203 0404 0104 0303 0103 0304 0002 0301 0204 0301 0404 0204 0304 0204 0001 0400 0404 0402 0302 0400 0404 0400 0201 0104 0203 0200
14 , 0103 0404 0403 0103 0403 0201 0403 0103 0403 0004 0202 0204 0301 0203 0404 0102 0300 0102 0304 0301 0304 0404 0301 0304 0302 0104 0301 0300 0301 0002 0002 0400 0002 0304 0401 0203 0301 0303 0403
15 , 0103 0404 0403 0103 0403 0201 0403 0103 0403 0104 0202 0204 0301 0003 0404 0102 0302 0102 0304 0304 0001 0204 0302 0304 0204 0304 0004 0403 0301 0400 0402 0304 0103 0404 0402 0302 0104 0204 0404
16 , 0103 0004 0403 0102 0403 0401 0404 0103 0403 0104 0202 0103 0301 0203 0404 0104 0300 0102 0004 0303 0201 0204 0302 0304 0204 0301 0204 0403 0301 0404 0402 0100 0103 0404 0402 0300 0104 0204 0404
17 , 0103 0004 0003 0103 0403 0201 0403 0103 0403 0104 0202 0204 0301 0203 0404 0102 0303 0102 0304 0301 0304 0404 0301 0304 0302 0000 0301 0304 0301 0402 0002 0003 0002 0004 0401 0203 0301 0203 0403
18 , 0400 0102 0403 0100 0402 0403 0402 0404 0000 0104 0404 0003 0001 0304 0404 0002 0303 0401 0404 0403 0301 0204 0002 0304 0200 0304 0204 0403 0301 0404 0402 0304 0103 0404 0402 0301 0104 0204 0404
19 , 0103 0404 0403 0104 0403 0400 0404 0100 0403 0104 0200 0103 0001 0203 0404 0100 0303 0102 0304 0301 0304 0004 0301 0304 0302 0104 0301 0304 0301 0402 0202 0303 0100 0304 0401 0203 0301 0200 0403
20 , 0103 0400 0003 0103 0403 0201 0403 0103 0003 0104 0202 0004 0301 0203 0404 0102 0302 0102 0304 0304 0203 0204 0302 0004 0204 0304 0004 0400 0001 0404 0402 0304 0103 0404 0402 0302 0104 0204 0404
21 , 0103 0404 0403 0100 0403 0401 0404 0103 0403 0004 0300 0103 0301 0203 0404 0104 0303 0102 0300 0300 0301 0204 0300 0004 0204 0304 0204 0403 0301 0404 0402 0002 0103 0404 0402 0203 0304 0104 0404
22 , 0203 0102 0403 0104 0402 0403 0402 0404 0103 0104 0404 0003 0204 0204 0404 0402 0101 0402 0302 0001 0304 0004 0301 0300 0302 0100 0301 0304 0301 0402 0202 0003 0102 0004 0401 0203 0201 0203 0403
23 , 0103 0400 0403 0103 0403 0201 0403 0003 0403 0104 0002 0204 0300 0203 0400 0102 0002 0102 0304 0302 0301 0204 0301 0404 0004 0304 0204 0401 0401 0004 0402 0302 0402 0004 0404 0201 0104 0203 0004
24 , 0203 0102 0403 0100 0402 0403 0402 0404 0104 0004 0404 0203 0204 0000 0404 0402 0101 0400 0302 0402 0301 0204 0301 0004 0204 0300 0204 0400 0301 0404 0400 0300 0400 0404 0404 0200 0104 0203 0204
25 , 0300 0304 0203 0202 0000 0400 0300 0402 0201 0104 0204 0202 0201 0204 0404 0402 0403 0403 0304 0304 0301 0204 0301 0401 0204 0304 0203 0403 0301 0004 0402 0302 0003 0003 0002 0003 0304 0102 0404
26 , 0303 0304 0203 0202 0403 0401 0303 0002 0201 0104 0204 0200 0201 0004 0404 0402 0403 0003 0304 0301 0301 0400 0301 0404 0304 0104 0401 0304 0401 0402 0201 0304 0002 0304 0401 0403 0001 0303 0002
27 , 0100 0404 0403 0100 0403 0201 0403 0003 0400 0104 0202 0204 0301 0203 0404 0102 0302 0102 0304 0304 0304 0004 0301 0304 0302 0104 0301 0304 0301 0402 0202 0400 0102 0300 0401 0203 0301 0203 0403
28 , 0203 0102 0403 0104 0402 0400 0400 0404 0103 0104 0403 0203 0204 0204 0404 0402 0001 0402 0302 0400 0301 0004 0301 0404 0204 0304 0204 0003 0301 0404 0402 0302 0103 0400 0402 0003 0304 0104 0403
29 , 0302 0102 0403 0203 0402 0400 0102 0404 0303 0104 0404 0201 0401 0304 0404 0203 0101 0002 0404 0402 0301 0204 0301 0004 0204 0304 0204 0403 0101 0404 0402 0302 0103 0404 0402 0203 0304 0104 0403
30 , 0403 0102 0403 0104 0402 0403 0402 0404 0303 0104 0404 0203 0201 0304 0404 0202 0300 0401 0400 0304 0301 0204 0301 0401 0004 0304 0203 0403 0301 0404 0402 0302 0403 0403 0400 0200 0300 0102 0404
31 , 0103 0004 0403 0102 0403 0401 0404 0103 0403 0104 0202 0101 0301 0200 0400 0104 0303 0102 0304 0304 0304 0404 0301 0304 0302 0204 0301 0304 0001 0402 0202 0400 0202 0304 0403 0003 0301 0203 0403
32 , 0103 0004 0403 0100 0403 0201 0403 0103 0403 0104 0202 0204 0301 0203 0400 0102 0303 0102 0304 0301 0304 0404 0301 0304 0302 0100 0301 0304 0301 0402 0202 0403 0102 0304 0401 0203 0200 0203 0403
33 , 0203 0102 0403 0104 0402 0400 0402 0404 0103 0100 0404 0203 0204 0000 0000 0402 0101 0402 0302 0002 0301 0204 0301 0404 0204 0304 0204 0401 0301 0400 0402 0302 0402 0404 0004 0201 0104 0203 0204
34 , 0402 0302 0403 0203 0000 0403 0402 0404 0300 0004 0404 0203 0401 0304 0004 0203 0201 0402 0004 0404 0301 0204 0301 0400 0204 0304 0204 0400 0301 0404 0402 0302 0100 0404 0402 0203 0304 0104 0403
35 , 0400 0102 0403 0104 0002 0403 0402 0003 0303 0104 0404 0203 0200 0300 0400 0202 0303 0401 0404 0401 0304 0404 0101 0204 0304 0104 0401 0304 0301 0402 0001 0303 0000 0301 0401 0403 0301 0203 0403
36 , 0103 0404 0403 0102 0403 0401 0400 0103 0403 0104 0202 0101 0301 0203 0404 0104 0300 0102 0304 0301 0301 0404 0001 0404 0304 0104 0401 0304 0400 0402 0200 0300 0102 0304 0401 0003 0301 0303 0402
37 , 0100 0404 0403 0103 0403 0201 0003 0103 0403 0104 0202 0204 0300 0203 0404 0100 0002 0102 0304 0304 0301 0204 0300 0404 0204 0304 0204 0403 0301 0004 0404 0302 0100 0404 0402 0203 0004 0104 0404
38 , 0103 0004 0003 0104 0400 0401 0404 0103 0403 0104 0202 0103 0301 0203 0404 0104 0303 0102 0304 0304 0301 0201 0001 0404 0204 0304 0200 0403 0301 0404 0402 0302 0003 0004 0002 0203 0304 0104 0404
39 , 0400 0102 0403 0104 0402 0403 0402 0404 0303 0104 0004 0203 0201 0304 0004 0202 0303 0401 0404 0404 0301 0204 0301 0404 0204 0304 0204 0400 0301 0004 0000 0002 0103 0404 0402 0203 0304 0104 0004
40 , 0403 0102 0003 0104 0402 0403 0400 0003 0303 0104 0404 0203 0201 0304 0004 0202 0303 0401 0004 0404 0301 0204 0301 0404 0204 0304 0200 0403 0301 0404 0402 0302 0103 0404 0403 0203 0300 0104 0404
41 , 0003 0404 0400 0000 0403 0401 0404 0103 0403 0104 0300 0103 0301 0203 0404 0104 0303 0102 0304 0003 0301 0204 0301 0401 0204 0304 0203 0403 0001 0404 0402 0000 0003 0403 0202 0200 0304 0102 0404
42 , 0100 0404 0403 0103 0403 0201 0403 0103 0403 0104 0202 0204 0301 0203 0404 0102 0303 0102 0300 0302 0301 0004 0301 0404 0204 0304 0201 0401 0301 0400 0402 0302 0402 0004 0404 0201 0101 0203 0204
43 , 0403 0102 0403 0100 0100 0403 0402 0304 0003 0104 0404 0203 0204 0304 0304 0202 0303 0001 0204 0404 0301 0200 0301 0401 0204 0304 0203 0403 0001 0404 0402 0302 0403 0403 0402 0203 0304 0102 0404
44 , 0103 0404 0403 0104 0403 0401 0404 0103 0401 0104 0202 0003 0301 0203 0400 0104 0300 0102 0304 0001 0304 0400 0301 0404 0304 0004 0401 0004 0001 0002 0201 0303 0102 0304 0401 0403 0301 0203 0403
45 , 0003 0102 0403 0104 0400 0403 0402 0004 0103 0104 0404 0203 0204 0204 0404 0002 0101 0402 0302 0003 0201 0204 0302 0004 0204 0301 0204 0403 0301 0404 0002 0104 0103 0404 0402 0301 0104 0204 0404
46 , 0003 0404 0403 0104 0403 0401 0404 0103 0401 0104 0002 0103 0300 0203 0004 0104 0303 0102 0304 0304 0301 0204 0301 0404 0204 0304 0204 0003 0301 0404 0402 0302 0103 0004 0402 0203 0304 0104 0404
47 , 0303 0304 0200 0202 0403 0401 0303 0402 0201 0100 0204 0202 0001 0204 0404 0402 0403 0403 0304 0301 0300 0404 0301 0300 0302 0104 0301 0304 0301 0402 0202 0403 0402 0004 0401 0203 0301 0203 0403
48 , 0303 0304 0203 0202 0403 0401 0303 0402 0201 0104 0204 0202 0001 0204 0404 0402 0403 0400 0304 0304 0301 0204 0301 0404 0204 0304 0304 0303 0301 0404 0402 0302 0103 0404 0002 0203 0304 0104 0000
49 , 0402 0302 0400 0203 0002 0403 0402 0404 0003 0104 0404 0203 0401 0304 0404 0003 0201 0402 0004 0404 0201 0204 0302 0304 0204 0304 0204 0403 0300 0400 0402 0304 0103 0404 0400 0300 0104 0204 0400
50 , 0302 0102 0403 0203 0402 0403 0100 0404 0303 0104 0404 0201 0401 0304 0404 0203 0101 0402 0404 0401 0004 0404 0001 0204 0304 0104 0401 0304 0300 0402 0201 0303 0102 0300 0401 0400 0300 0200 0403
51 , 0403 0102 0003 0104 0400 0403 0402 0404 0303 0104 0404 0003 0200 0304 0404 0202 0303 0401 0404 0001 0304 0404 0301 0304 0302 0104 0301 0304 0301 0400 0202 0003 0102 0304 0401 0200 0201 0203 0403
52 , 0203 0102 0403 0004 0402 0003 0402 0404 0103 0104 0400 0203 0004 0200 0404 0402 0101 0402 0302 0404 0300 0201 0301 0404 0204 0304 0204 0003 0301 0404 0402 0302 0103 0404 0000 0203 0304 0104 0404
53 , 0103 0404 0400 0103 0403 0201 0403 0103 0403 0104 0202 0204 0301 0203 0004 0102 0303 0103 0304 0304 0300 0204 0001 0401 0204 0304 0203 0403 0301 0404 0402 0302 0403 0403 0402 0203 0304 0102 0400
54 , 0200 0002 0403 0104 0402 0403 0402 0404 0103 0104 0004 0200 0204 0204 0404 0002 0101 0402 0302 0404 0301 0204 0301 0404 0204 0304 0200 0003 0301 0404 0402 0002 0103 0404 0402 0203 0304 0104 0404
55 , 0300 0100 0403 0104 0102 0403 0402 0304 0303 0104 0004 0203 0204 0304 0304 0202 0303 0401 0204 0400 0303 0402 0302 0204 0301 0100 0304 0202 0101 0402 0402 0202 0102 0404 0404 0204 0304 0303 0403
56 , 0103 0404 0403 0102 0403 0401 0404 0103 0403 0104 0202 0101 0301 0203 0404 0104 0300 0102 0304 0304 0301 0204 0301 0404 0204 0300 0204 0403 0301 0400 0400 0300 0103 0404 0402 0203 0304 0104 0004
57 , 0002 0102 0400 0203 0402 0403 0400 0404 0303 0104 0000 0203 0402 0304 0404 0203 0001 0402 0404 0004 0301 0204 0300 0401 0204 0304 0203 0403 0301 0404 0400 0302 0400 0403 0402 0203 0304 0102 0404
58 , 0203 0102 0403 0000 0000 0403 0402 0404 0103 0104 0400 0203 0204 0204 0404 0402 0101 0402 0302 0004 0300 0204 0301 0401 0204 0304 0003 0403 0301 0404 0402 0302 0403 0403 0402 0203 0304 0102 0404
59 , 0403 0102 0403 0104 0402 0403 0402 0404 0303 0104 0404 0203 0201 0300 0404 0202 0300 0401 0404 0404 0301 0204 0301 0404 0204 0304 0200 0403 0301 0400 0402 0302 0100 0404 0402 0003 0304 0104 0400
60 , 0002 0102 0403 0203 0002 0403 0102 0404 0303 0100 0004 0201 0401 0304 0400 0203 0101 0402 0404 0402 0301 0204 0301 0404 0204 0304 0204 0401 0301 0004 0002 0302 0402 0004 0404 0201 0104 0203 0204
61 , 0403 0102 0403 0104 0402 0403 0400 0404 0003 0104 0404 0203 0200 0304 0404 0002 0003 0401 0404 0401 0304 0404 0101 0204 0304 0100 0401 0304 0301 0402 0201 0303 0102 0304 0401 0003 0301 0203 0403
62 , 0403 0102 0403 0104 0402 0400 0402 0204 0303 0104 0404 0203 0201 0304 0400 0202 0303 0401 0404 0303 0303 0400 0302 0204 0304 0100 0304 0204 0101 0402 0402 0402 0102 0404 0404 0204 0404 0303 0403
63 , 0403 0102 0403 0000 0002 0403 0400 0304 0303 0104 0404 0203 0200 0304 0304 0202 0303 0400 0204 0401 0300 0404 0301 0300 0300 0000 0301 0004 0301 0402 0202 0000 0102 0304 0401 0203 0301 0303 0403
64 , 0203 0102 0403 0000 0402 0403 0402 0404 0103 0104 0404 0203 0204 0204 0404 0402 0101 0402 0300 0401 0300 0404 0001 0204 0304 0104 0401 0304 0301 0403 0200 0303 0002 0304 0401 0403 0001 0203 0403
65 , 0103 0404 0403 0103 0403 0201 0403 0003 0403 0104 0202 0204 0301 0003 0004 0102 0303 0103 0304 0304 0001 0204 0301 0400 0204 0300 0200 0403 0301 0004 0400 0302 0100 0404 0002 0200 0304 0104 0404
66 , 0103 0404 0403 0100 0403 0201 0403 0103 0403 0104 0202 0204 0301 0200 0400 0102 0302 0102 0304 0301 0000 0404 0301 0204 0304 0104 0401 0304 0301 0402 0201 0303 0102 0304 0401 0403 0301 0203 0403
67 , 0302 0102 0403 0203 0402 0403 0402 0404 0303 0104 0404 0203 0001 0304 0404 0203 0101 0402 0404 0403 0201 0204 0302 0304 0204 0300 0204 0403 0301 0404 0402 0304 0103 0404 0402 0301 0104 0202 0404
68 , 0103 0004 0403 0103 0400 0201 0403 0100 0403 0104 0202 0204 0301 0203 0004 0102 0303 0103 0304 0002 0001 0204 0301 0404 0204 0304 0204 0401 0301 0000 0402 0302 0402 0000 0404 0201 0100 0203 0204
69 , 0203 0102 0403 0104 0402 0403 0002 0004 0103 0104 0404 0203 0204 0204 0400 0402 0101 0402 0302 0001 0304 0404 0301 0404 0004 0104 0400 0304 0301 0400 0201 0303 0002 0304 0401 0403 0301 0203 0403
70 , 0000 0000 0403 0103 0403 0201 0403 0103 0403 0104 0202 0204 0301 0203 0404 0102 0003 0102 0004 0303 0301 0204 0301 0401 0204 0304 0203 0400 0001 0404 0402 0302 0403 0403 0402 0200 0304 0102 0404
71 , 0303 0304 0203 0202 0403 0401 0303 0400 0201 0104 0204 0202 0201 0204 0404 0402 0003 0403 0304 0301 0004 0404 0301 0204 0304 0104 0401 0004 0301 0400 0201 0303 0102 0304 0401 0003 0301 0203 0400
72 , 0303 0102 0403 0004 0102 0403 0402 0004 0303 0004 0404 0203 0204 0304 0304 0202 0303 0001 0000 0402 0301 0204 0001 0404 0204 0304 0204 0401 0401 0404 0002 0302 0402 0404 0404 0201 0104 0203 0204
73 , 0203 0102 0400 0104 0402 0400 0402 0404 0103 0104 0404 0200 0204 0204 0004 0402 0101 0402 0300 0402 0301 0204 0001 0404 0204 0304 0004 0001 0301 0404 0402 0302 0402 0404 0400 0001 0104 0003 0204
74 , 0003 0002 0403 0104 0402 0403 0400 0404 0104 0104 0404 0203 0204 0204 0404 0402 0101 0402 0302 0403 0303 0402 0302 0204 0304 0103 0304 0202 0001 0402 0402 0202 0102 0004 0404 0204 0304 0303 0003
75 , 0403 0102 0403 0104 0402 0403 0400 0404 0300 0104 0404 0003 0201 0304 0404 0202 0303 0401 0404 0403 0003 0000 0300 0004 0004 0103 0304 0202 0101 0402 0000 0202 0102 0404 0404 0204 0304 0303 0403
76 , 0203 0102 0403 0104 0402 0400 0402 0404 0103 0104 0404 0203 0200 0204 0404 0402 0101 0402 0300 0404 0301 0201 0001 0004 0204 0304 0204 0400 0301 0404 0402 0302 0103 0404 0402 0203 0300 0104 0404
77 , 0103 0404 0000 0102 0403 0401 0404 0103 0403 0104 0202 0103 0301 0203 0404 0104 0303 0002 0304 0301 0304 0404 0301 0204 0300 0004 0401 0300 0301 0402 0200 0303 0100 0300 0401 0403 0301 0003 0403
78 , 0402 0302 0403 0003 0002 0403 0402 0404 0300 0104 0404 0203 0001 0304 0404 0203 0201 0402 0404 0401 0304 0404 0301 0304 0302 0104 0001 0304 0301 0402 0202 0403 0102 0304 0401 0203 0301 0203 0403
79 , 0103 0404 0403 0002 0403 0401 0404 0103 0403 0104 0302 0103 0301 0203 0404 0004 0003 0002 0304 0301 0300 0404 0301 0400 0304 0104 0401 0304 0401 0402 0201 0304 0102 0004 0401 0403 0301 0003 0402
80 , 0103 0104 0403 0104 0403 0400 0004 0103 0404 0104 0202 0103 0401 0203 0404 0004 0303 0103 0304 0201 0304 0404 0301 0000 0302 0104 0301 0304 0301 0400 0202 0403 0102 0304 0401 0203 0301 0203 0403
81 , 0103 0404 0403 0103 0003 0201 0403 0103 0403 0104 0002 0203 0301 0203 0404 0100 0303 0100 0304 0302 0301 0204 0301 0404 0204 0304 0204 0401 0301 0404 0402 0302 0402 0404 0404 0001 0104 0203 0004
82 , 0203 0102 0403 0104 0402 0403 0402 0404 0103 0104 0404 0203 0204 0004 0404 0402 0101 0402 0302 0401 0004 0404 0301 0300 0302 0104 0301 0304 0301 0402 0202 0403 0102 0300 0401 0203 0301 0203 0403
83 , 0103 0400 0403 0103 0403 0001 0403 0103 0403 0104 0202 0204 0301 0203 0404 0102 0303 0102 0300 0303 0201 0004 0302 0304 0204 0304 0204 0403 0301 0400 0402 0304 0103 0404 0402 0001 0104 0202 0404
84 , 0400 0102 0403 0100 0402 0403 0402 0000 0303 0104 0404 0203 0201 0304 0404 0202 0303 0001 0404 0403 0301 0204 0301 0401 0204 0304 0203 0403 0301 0404 0402 0302 0403 0403 0402 0203 0304 0100 0404
85 , 0203 0102 0400 0104 0402 0403 0402 0404 0100 0104 0404 0003 0204 0200 0404 0402 0101 0402 0302 0003 0303 0400 0302 0004 0304 0103 0304 0202 0101 0402 0402 0402 0102 0404 0404 0200 0304 0302 0403
86 , 0403 0002 0403 0104 0002 0403 0402 0304 0303 0104 0404 0203 0204 0304 0304 0202 0303 0401 0204 0401 0304 0404 0301 0204 0300 0104 0401 0304 0001 0402 0201 0100 0102 0304 0401 0403 0301 0200 0403
87 , 0103 0404 0403 0102 0003 0401 0404 0103 0003 0104 0202 0102 0301 0203 0404 0104 0303 0102 0300 0301 0304 0404 0301 0204 0304 0100 0401 0304 0301 0402 0201 0103 0002 0304 0401 0403 0301 0203 0403
88 , 0103 0104 0403 0104 0403 0401 0404 0103 0404 0104 0202 0103 0101 0203 0404 0100 0303 0103 0304 0004 0203 0204 0302 0004 0204 0304 0204 0403 0300 0404 0402 0304 0103 0404 0002 0302 0104 0204 0404
89 , 0103 0104 0403 0104 0403 0001 0404 0103 0404 0104 0202 0103 0401 0203 0404 0104 0303 0103 0304 0204 0301 0200 0301 0000 0204 0304 0204 0403 0301 0404 0002 0302 0103 0404 0402 0203 0304 0104 0404
90 , 0103 0404 0403 0100 0403 0400 0404 0103 0403 0104 0202 0101 0301 0203 0404 0104 0303 0102 0304 0303 0303 0402 0302 0204 0300 0103 0304 0202 0101 0402 0402 0202 0102 0404 0404 0204 0304 0303 0403
91 , 0203 0102 0403 0104 0402 0403 0400 0404 0104 0104 0404 0200 0204 0204 0404 0400 0001 0400 0302 0401 0304 0404 0301 0200 0304 0104 0401 0304 0300 0400 0201 0300 0102 0304 0401 0403 0301 0203 0403
92 , 0403 0002 0403 0104 0402 0403 0402 0400 0003 0104 0404 0003 0001 0304 0404 0202 0303 0401 0404 0304 0201 0204 0302 0004 0204 0004 0204 0404 0300 0404 0402 0304 0103 0004 0402 0302 0104 0204 0004
93 , 0203 0102 0003 0004 0402 0403 0402 0404 0103 0104 0404 0003 0004 0204 0404 0402 0101 0402 0302 0404 0301 0204 0301 0404 0200 0304 0204 0403 0300 0004 0004 0002 0103 0004 0402 0203 0304 0104 0404
94 , 0100 0400 0400 0103 0403 0001 0403 0103 0403 0100 0202 0204 0301 0203 0404 0102 0300 0102 0304 0304 0301 0200 0300 0404 0204 0304 0204 0403 0301 0404 0400 0302 0103 0404 0402 0203 0304 0104 0404
95 , 0403 0102 0400 0104 0400 0403 0402 0404 0303 0104 0404 0403 0201 0300 0404 0202 0303 0401 0404 0402 0300 0200 0301 0404 0204 0004 0204 0401 0301 0404 0402 0302 0400 0404 0404 0201 0100 0203 0204
96 , 0303 0102 0403 0104 0102 0403 0400 0304 0303 0104 0404 0003 0204 0004 0304 0002 0303 0400 0204 0404 0301 0004 0301 0401 0204 0004 0203 0403 0301 0004 0402 0302 0400 0403 0002 0203 0304 0102 0404
97 , 0403 0102 0403 0104 0402 0000 0402 0404 0303 0104 0404 0203 0201 0304 0404 0202 0303 0001 0404 0401 0304 0404 0001 0204 0304 0104 0401 0300 0301 0402 0201 0003 0102 0001 0401 0400 0301 0203 0403
98 , 0203 0102 0403 0104 0402 0403 0402 0100 0103 0104 0000 0203 0204 0204 0404 0002 0101 0102 0302 0402 0301 0204 0300 0403 0200 0304 0004 0401 0301 0404 0400 0302 0402 0404 0004 0201 0104 0203 0204
99 , 0303 0304 0200 0202 0403 0401 0303 0400 0201 0100 0204 0202 0201 0204 0404 0402 0403 0403 0304 0304 0301 0204 0001 0401 0204 0304 0203 0003 0301 0404 0402 0302 0403 0403 0402 0203 0304 0102 0404
100 , 0403 0102 0403 0304 0402 0403 0402 0400 0303 0104 0404 0203 0201 0304 0404 0202 0303 0001 0404 0404 0201 0204 0302 0004 0004 0304 0204 0403 0301 0404 0402 0304 0103 0404 0402 0302 0104 0204 0404
101 , 0203 0102 0003 0104 0402 0403 0402 0404 0103 0104 0404 0000 0204 0204 0400 0402 0001 0402 0002 0404 0300 0400 0301 0304 0302 0104 0301 0304 0301 0402 0202 0403 0102 0304 0001 0200 0301 0203 0403
102 , 0103 0104 0403 0104 0403 0401 0404 0103 0404 0104 0202 0100 0400 0200 0404 0104 0303 0103 0304 0004 0203 0204 0302 0304 0204 0304 0204 0403 0301 0004 0402 0304 0103 0004 0402 0302 0100 0204 0404
103 , 0203 0102 0403 0104 0400 0403 0402 0404 0103 0100 0404 0203 0204 0204 0404 0402 0101 0402 0300 0400 0301 0204 0303 0404 0204 0304 0204 0403 0301 0404 0402 0002 0103 0404 0402 0203 0304 0104 0004
104 , 0103 0404 0403 0103 0403 0201 0403 0103 0403 0004 0202 0204 0301 0203 0404 0102 0303 0103 0304 0301 0304 0004 0300 0304 0302 0104 0301 0300 0300 0002 0202 0403 0102 0300 0401 0200 0301 0203 0400
105 , 0003 0404 0403 0102 0403 0401 0404 0103 0403 0104 0202 0103 0301 0203 0404 0100 0303 0102 0304 0303 0301 0204 0301 0401 0204 0304 0203 0403 0301 0404 0402 0302 0003 0403 0402 0203 0004 0102 0404
106 , 0303 0102 0403 0104 0100 0403 0402 0304 0303 0100 0404 0003 0204 0004 0300 0002 0303 0400 0204 0400 0201 0204 0300 0304 0204 0301 0204 0403 0301 0404 0402 0104 0103 0404 0402 0001 0000 0004 0400
107 , 0103 0104 0403 0104 0403 0401 0404 0103 0404 0104 0202 0103 0301 0203 0404 0004 0303 0102 0304 0202 0301 0200 0301 0400 0204 0304 0204 0401 0301 0404 0402 0300 0002 0004 0404 0201 0104 0203 0204
108 , 0303 0304 0003 0202 0403 0400 0303 0402 0201 0004 0204 0202 0201 0204 0404 0402 0403 0403 0304 0303 0003 0402 0302 0004 0304 0103 0304 0202 0001 0402 0402 0202 0102 0404 0404 0204 0304 0303 0003
109 , 0400 0300 0403 0203 0402 0403 0402 0404 0003 0104 0400 0203 0401 0304 0004 0203 0201 0402 0004 0401 0304 0404 0301 0304 0302 0004 0001 0304 0301 0402 0202 0003 0102 0304 0401 0203 0201 0200 0403
110 , 0400 0100 0400 0203 0402 0400 0402 0404 0403 0104 0404 0203 0401 0304 0404 0203 0001 0402 0404 0401 0301 0404 0301 0400 0300 0104 0401 0304 0401 0402 0201 0304 0102 0304 0001 0403 0301 0303 0402
111 , 0303 0304 0003 0202 0403 0401 0303 0402 0201 0104 0204 0202 0001 0204 0404 0400 0403 0403 0004 0302 0301 0204 0301 0404 0204 0304 0204 0401 0401 0404 0402 0002 0402 0404 0404 0201 0104 0203 0204
112 , 0303 0102 0403 0104 0102 0403 0402 0304 0003 0104 0400 0203 0200 0304 0304 0202 0303 0401 0204 0000 0304 0404 0301 0204 0304 0104 0401 0304 0301 0402 0201 0103 0102 0304 0401 0403 0001 0203 0403
113 , 0103 0004 0403 0102 0403 0401 0404 0103 0403 0104 0202 0101 0301 0203 0404 0104 0303 0102 0004 0304 0304 0404 0301 0304 0302 0104 0001 0304 0301 0402 0202 0403 0102 0304 0001 0203 0301 0200 0403
114 , 0103 0404 0403 0103 0403 0201 0003 0103 0403 0100 0202 0204 0301 0203 0404 0002 0303 0102 0304 0303 0201 0204 0302 0304 0204 0304 0204 0403 0301 0404 0402 0304 0103 0404 0402 0301 0104 0200 0401
115 , 0203 0102 0403 0104 0402 0003 0402 0404 0103 0102 0404 0203 0204 0204 0404 0400 0101 0402 0302 0002 0301 0200 0301 0404 0204 0304 0204 0401 0301 0404 0402 0302 0400 0404 0404 0201 0004 0203 0004
116 , 0403 0400 0403 0103 0403 0200 0403 0103 0403 0004 0200 0204 0301 0200 0404 0102 0303 0102 0304 0301 0304 0404 0001 0304 0302 0104 0301 0304 0301 0402 0002 0403 0102 0004 0001 0203 0301 0203 0403
117 , 0403 0102 0403 0104 0402 0003 0402 0404 0303 0104 0404 0203 0201 0304 0400 0202 0303 0401 0404 0402 0001 0204 0301 0404 0204 0304 0204 0401 0301 0404 0402 0302 0402 0404 0004 0201 0104 0203 0204
118 , 0103 0404 0003 0103 0403 0201 0403 0103 0403 0104 0202 0204 0300 0203 0404 0102 0303 0102 0304 0303 0303 0002 0302 0204 0300 0103 0304 0204 0101 0402 0402 0402 0102 0404 0404 0204 0004 0303 0403
119 , 0203 0102 0403 0104 0402 0403 0402 0004 0100 0104 0000 0203 0204 0200 0404 0402 0101 0402 0302 0400 0301 0204 0301 0404 0204 0004 0200 0401 0401 0404 0402 0302 0402 0404 0004 0201 0104 0203 0200
120 , 0203 0102 0403 0104 0402 0403 0402 0404 0103 0104 0404 0203 0204 0204 0404 0000 0101 0400 0302 0403 0303 0402 0002 0204 0304 0100 0304 0002 0101 0402 0402 0002 0002 0404 0404 0204 0304 0303 0000
121 , 0103 0404 0403 0003 0403 0201 0403 0103 0403 0104 0202 0204 0301 0203 0004 0102 0303 0103 0304 0304 0301 0204 0301 0404 0200 0304 0204 0403 0301 0404 0402 0302 0103 0404 0402 0203 0304 0004 0404
122 , 0103 0404 0403 0002 0403 0401 0004 0103 0403 0004 0202 0103 0300 0203 0004 0104 0303 0102 0304 0304 0301 0204 0301 0404 0204 0304 0204 0303 0301 0404 0000 0302 0103 0404 0402 0203 0304 0104 0404
123 , 0302 0102 0403 0203 0402 0403 0402 0404 0303 0100 0404 0203 0401 0304 0404 0203 0101 0402 0200 0404 0301 0204 0301 0401 0204 0304 0203 0403 0301 0404 0402 0302 0400 0403 0400 0203 0304 0102 0404
124 , 0103 0004 0403 0103 0403 0201 0403 0103 0400 0100 0202 0204 0101 0203 0404 0102 0302 0102 0304 0303 0301 0204 0002 0004 0204 0304 0204 0403 0301 0404 0402 0304 0103 0404 0402 0301 0104 0204 0004
125 , 0103 0404 0403 0103 0403 0201 0403 0103 0003 0104 0202 0204 0301 0203 0404 0102 0302 0102 0304 0304 0001 0204 0301 0404 0204 0304 0000 0403 0301 0404 0402 0002 0103 0404 0402 0203 0300 0100 0004
126 , 0403 0102 0403 0104 0402 0400 0402 0404 0303 0104 0404 0203 0001 0304 0404 0202 0303 0400 0404 0401 0304 0404 0001 0304 0302 0100 0300 0304 0301 0402 0202 0403 0102 0304 0401 0203 0301 0303 0403
127 , 0402 0302 0403 0203 0402 0403 0402 0404 0303 0104 0404 0203 0401 0304 0404 0200 0201 0000 0404 0401 0304 0404 0301 0404 0304 0004 0401 0304 0300 0402 0201 0303 0102 0304 0401 0403 0301 0203 0403
128 , 0103 0404 0403 0103 0403 0201 0003 0103 0403 0104 0202 0204 0301 0203 0404 0102 0303 0102 0304 0302 0301 0204 0301 0004 0204 0304 0204 0401 0301 0404 0302 0302 0402 0404 0404 0201 0104 0203 0204
129 , 0403 0102 0003 0104 0402 0403 0402 0403 0303 0104 0400 0203 0201 0304 0404 0202 0303 0401 0400 0403 0201 0204 0302 0304 0200 0304 0204 0403 0301 0404 0402 0304 0103 0004 0402 0301 0004 0204 0401
130 , 0103 0404 0401 0102 0003 0401 0404 0103 0403 0104 0202 0103 0301 0003 0404 0104 0303 0102 0304 0001 0304 0404 0301 0304 0002 0104 0301 0304 0301 0402 0202 0403 0102 0004 0401 0203 0300 0003 0403
131 , 0100 0004 0403 0003 0403 0001 0003 0100 0403 0100 0202 0003 0301 0203 0404 0100 0303 0102 0000 0304 0301 0204 0301 0401 0204 0004 0203 0403 0001 0004 0402 0302 0003 0403 0402 0203 0004 0000 0404
132 , 0403 0100 0403 0304 0402 0403 0402 0404 0303 0100 0404 0203 0201 0304 0404 0202 0303 0401 0404 0404 0000 0204 0301 0401 0204 0304 0203 0403 0301 0404 0402 0302 0403 0403 0400 0003 0300 0102 0404
133 , 0203 0102 0403 0104 0002 0403 0400 0404 0003 0104 0404 0003 0204 0204 0404 0402 0101 0402 0302 0400 0301 0204 0301 0404 0204 0304 0204 0401 0401 0404 0402 0302 0402 0404 0004 0201 0104 0203 0204
134 , 0302 0002 0403 0203 0402 0403 0102 0404 0303 0104 0404 0201 0401 0304 0404 0203 0000 0400 0400 0404 0201 0204 0302 0304 0204 0304 0204 0400 0301 0404 0402 0304 0103 0404 0402 0302 0104 0004 0004
135 , 0203 0102 0403 0104 0402 0000 0402 0404 0103 0100 0400 0200 0204 0204 0404 0402 0100 0402 0302 0401 0004 0404 0301 0304 0302 0104 0301 0304 0301 0402 0202 0403 0102 0304 0401 0203 0300 0003 0403
136 , 0003 0102 0403 0104 0402 0403 0402 0404 0103 0104 0004 0203 0204 0204 0404 0402 0101 0402 0302 0404 0201 0204 0302 0004 0004 0304 0004 0003 0301 0404 0402 0304 0103 0004 0402 0302 0100 0204 0404
137 , 0203 0102 0403 0004 0002 0403 0402 0404 0100 0104 0404 0203 0204 0204 0404 0402 0101 0402 0002 0404 0301 0204 0301 0404 0204 0304 0204 0403 0301 0404 0002 0302 0103 0404 0402 0203 0304 0104 0404
138 , 0303 0102 0403 0104 0102 0403 0402 0304 0303 0104 0404 0203 0204 0004 0302 0002 0003 0401 0204 0401 0304 0404 0101 0204 0304 0104 0401 0004 0001 0400 0201 0303 0102 0304 0401 0403 0301 0203 0403
139 , 0203 0102 0403 0104 0402 0403 0402 0404 0100 0104 0404 0003 0204 0204 0404 0402 0101 0402 0302 0402 0301 0200 0301 0404 0204 0304 0204 0401 0301 0004 0402 0302 0402 0004 0404 0201 0104 0203 0204
140 , 0303 0304 0203 0200 0403 0401 0303 0402 0200 0104 0204 0202 0201 0204 0404 0402 0403 0403 0304 0303 0301 0204 0302 0304 0200 0304 0204 0403 0301 0404 0402 0304 0103 0404 0402 0301 0104 0204 0404
141 , 0103 0404 0400 0103 0403 0201 0403 0103 0400 0104 0202 0204 0301 0203 0404 0100 0303 0103 0304 0303 0303 0402 0302 0204 0300 0100 0304 0200 0101 0402 0402 0202 0102 0404 0400 0204 0304 0303 0403
142 , 0203 0102 0403 0104 0002 0403 0000 0404 0104 0104 0004 0203 0204 0004 0404 0400 0100 0400 0302 0404 0201 0204 0302 0000 0204 0304 0204 0403 0300 0400 0402 0004 0103 0404 0402 0302 0104 0204 0404
143 , 0300 0004 0203 0200 0403 0401 0303 0402 0201 0104 0204 0202 0200 0204 0404 0402 0403 0403 0304 0303 0303 0402 0302 0004 0304 0103 0304 0200 0101 0402 0402 0202 0002 0404 0404 0204 0302 0303 0403
144 , 0403 0102 0003 0104 0100 0403 0402 0304 0303 0104 0404 0203 0204 0304 0000 0202 0303 0001 0200 0400 0300 0402 0302 0204 0304 0003 0004 0202 0101 0402 0402 0202 0102 0404 0404 0204 0304 0303 0403
145 , 0403 0102 0403 0304 0402 0403 0402 0404 0303 0104 0404 0200 0201 0304 0404 0202 0303 0001 0404 0004 0301 0004 0301 0401 0204 0304 0200 0403 0301 0004 0402 0302 0400 0403 0402 0203 0304 0102 0000
146 , 0103 0004 0403 0104 0403 0001 0404 0103 0404 0104 0202 0103 0101 0203 0404 0104 0300 0103 0004 0203 0303 0402 0302 0204 0304 0103 0304 0202 0101 0402 0402 0202 0102 0404 0404 0204 0304 0303 0403
147 , 0403 0404 0400 0103 0403 0201 0003 0103 0403 0104 0202 0004 0301 0203 0404 0102 0303 0102 0304 0302 0301 0204 0301 0404 0204 0004 0200 0401 0301 0403 0402 0302 0402 0404 0404 0201 0104 0203 0204
148 , 0103 0004 0403 0103 0003 0201 0403 0103 0400 0104 0200 0204 0300 0203 0404 0102 0303 0102 0304 0304 0203 0204 0302 0304 0004 0304 0200 0403 0300 0404 0402 0304 0100 0404 0402 0300 0104 0204 0404
149 , 0003 0104 0403 0104 0003 0401 0404 0100 0404 0104 0202 0103 0101 0203 0404 0104 0300 0103 0304 0201 0004 0404 0301 0304 0302 0104 0001 0304 0300 0402 0200 0403 0102 0304 0401 0203 0301 0203 0403
150 , 0403 0102 0403 0104 0402 0403 0402 0404 0303 0104 0404 0203 0201 0304 0404 0002 0303 0401 0404 0401 0304 0404 0301 0404 0304 0104 0401 0304 0001 0402 0201 0303 0102 0304 0401 0403 0301 0203 0000
151 , 0103 0104 0403 0104 0403 0401 0004 0000 0404 0104 0002 0100 0301 0203 0404 0104 0303 0103 0304 0201 0304 0400 0301 0300 0302 0104 0301 0304 0301 0402 0202 0403 0102 0300 0401 0203 0201 0200 0003
152 , 0403 0100 0103 0104 0402 0403 0002 0404 0303 0104 0404 0203 0201 0004 0400 0202 0303 0401 0404 0404 0301 0204 0301 0404 0204 0304 0204 0403 0301 0404 0402 0302 0103 0404 0402 0403 0304 0104 0404
153 , 0103 0104 0403 0104 0403 0401 0404 0103 0404 0104 0202 0003 0301 0203 0404 0104 0303 0102 0304 0201 0000 0404 0301 0400 0304 0104 0401 0304 0401 0400 0201 0301 0102 0304 0401 0403 0301 0303 0402
154 , 0303 0300 0203 0202 0403 0401 0003 0402 0204 0004 0204 0002 0201 0204 0404 0402 0403 0003 0004 0304 0301 0204 0301 0404 0204 0304 0204 0403 0300 0404 0402 0302 0003 0400 0402 0203 0304 0104 0403
155 , 0203 0102 0400 0104 0402 0000 0402 0404 0103 0104 0004 0003 0204 0204 0404 0402 0101 0002 0302 0402 0301 0004 0301 0404 0204 0304 0204 0401 0300 0404 0402 0300 0402 0404 0404 0001 0100 0203 0204
156 , 0103 0404 0400 0102 0403 0401 0404 0003 0403 0104 0202 0103 0001 0203 0404 0104 0303 0102 0304 0001 0304 0404 0301 0304 0302 0104 0300 0304 0301 0402 0202 0403 0102 0304 0401 0203 0301 0303 0403
157 , 0203 0102 0403 0104 0400 0403 0402 0404 0100 0100 0004 0203 0204 0204 0400 0402 0101 0000 0302 0401 0304 0404 0101 0204 0304 0104 0401 0304 0300 0402 0201 0303 0102 0000 0401 0403 0301 0203 0403
158 , 0103 0404 0003 0103 0403 0001 0003 0103 0403 0104 0202 0203 0001 0203 0404 0102 0303 0102 0304 0303 0303 0400 0302 0004 0304 0103 0304 0202 0100 0402 0402 0002 0102 0400 0404 0204 0004 0303 0403
159 , 0103 0404 0401 0102 0403 0401 0404 0103 0403 0104 0202 0003 0301 0203 0104 0104 0303 0102 0304 0304 0301 0204 0301 0401 0204 0304 0203 0403 0001 0404 0402 0302 0400 0403 0002 0200 0304 0100 0004
160 , 0403 0102 0403 0104 0302 0403 0402 0004 0303 0104 0404 0203 0204 0304 0304 0200 0303 0401 0200 0403 0201 0204 0302 0304 0204 0301 0204 0403 0301 0404 0402 0104 0103 0404 0402 0301 0004 0204 0004
161 , 0403 0102 0403 0104 0002 0403 0402 0304 0303 0104 0404 0003 0204 0304 0304 0202 0303 0400 0204 0400 0301 0204 0301 0404 0204 0304 0204 0303 0301 0404 0402 0002 0103 0404 0402 0203 0004 0104 0404
162 , 0003 0102 0003 0104 0102 0403 0402 0304 0303 0104 0400 0003 0200 0304 0302 0202 0303 0401 0204 0404 0301 0204 0001 0401 0204 0300 0203 0403 0301 0400 0000 0302 0003 0403 0402 0203 0304 0102 0404
163 , 0103 0404 0403 0102 0403 0001 0404 0103 0403 0104 0302 0103 0301 0203 0404 0104 0303 0100 0304 0301 0304 0404 0001 0304 0302 0104 0301 0304 0301 0402 0202 0403 0102 0304 0401 0000 0301 0303 0403
164 , 0103 0400 0403 0102 0400 0401 0400 0103 0403 0104 0202 0100 0300 0203 0400 0004 0303 0102 0304 0001 0304 0404 0101 0204 0304 0104 0401 0304 0301 0402 0201 0303 0102 0304 0401 0403 0001 0203 0403
165 , 0003 0102 0403 0304 0402 0403 0400 0404 0303 0004 0004 0203 0201 0304 0404 0202 0303 0401 0404 0401 0304 0404 0101 0204 0004 0104 0001 0304 0301 0402 0201 0300 0100 0304 0401 0403 0301 0200 0403
166 , 0203 0102 0403 0104 0402 0403 0402 0004 0104 0104 0404 0203 0204 0204 0404 0002 0000 0402 0302 0403 0303 0402 0302 0004 0304 0103 0004 0202 0100 0002 0402 0200 0102 0404 0404 0204 0304 0303 0403
167 , 0403 0102 0403 0104 0402 0403 0002 0403 0303 0104 0404 0203 0201 0300 0404 0202 0303 0401 0404 0403 0303 0402 0302 0004 0304 0003 0304 0202 0101 0402 0402 0402 0102 0004 0404 0204 0304 0302 0000
168 , 0200 0102 0403 0104 0402 0003 0402 0404 0104 0100 0404 0200 0204 0204 0404 0402 0101 0002 0302 0401 0301 0404 0301 0404 0004 0104 0400 0304 0001 0402 0200 0303 0102 0304 0401 0403 0301 0303 0402
169 , 0403 0102 0403 0104 0102 0403 0402 0304 0303 0104 0404 0203 0204 0300 0004 0202 0303 0401 0204 0400 0304 0404 0001 0004 0304 0104 0401 0000 0301 0402 0001 0303 0102 0301 0401 0403 0301 0203 0403
170 , 0403 0102 0403 0004 0002 0403 0402 0404 0303 0104 0404 0203 0201 0304 0004 0202 0303 0401 0404 0402 0301 0204 0000 0404 0204 0004 0004 0001 0401 0404 0002 0302 0402 0004 0404 0201 0100 0203 0204
171 , 0103 0004 0003 0103 0403 0201 0403 0103 0403 0104 0202 0204 0301 0003 0404 0100 0002 0102 0304 0304 0304 0404 0301 0304 0302 0104 0301 0304 0001 0402 0202 0403 0102 0304 0401 0200 0301 0203 0403
172 , 0403 0102 0403 0104 0002 0403 0402 0400 0300 0104 0000 0203 0201 0304 0404 0202 0300 0401 0400 0002 0301 0204 0301 0404 0204 0304 0204 0401 0301 0404 0402 0302 0402 0404 0004 0201 0104 0203 0204
173 , 0403 0102 0403 0104 0402 0403 0402 0400 0303 0100 0404 0203 0201 0304 0404 0202 0303 0401 0004 0003 0303 0402 0302 0204 0304 0403 0304 0202 0101 0402 0402 0202 0102 0404 0404 0204 0304 0303 0403
174 , 0303 0304 0203 0202 0003 0400 0003 0402 0200 0104 0204 0202 0201 0204 0404 0402 0403 0400 0304 0303 0201 0204 0302 0304 0204 0304 0204 0403 0301 0404 0402 0004 0103 0404 0402 0301 0100 0204 0401
175 , 0103 0404 0403 0100 0400 0400 0404 0103 0403 0104 0302 0103 0301 0203 0004 0104 0303 0102 0304 0304 0300 0204 0001 0404 0204 0300 0204 0403 0301 0004 0402 0302 0103 0004 0402 0203 0304 0004 0404
176 , 0302 0102 0403 0203 0002 0403 0402 0404 0303 0104 0404 0203 0401 0004 0404 0203 0101 0402 0204 0404 0301 0204 0301 0404 0204 0304 0204 0403 0301 0404 0402 0302 0003 0404 0402 0203 0304 0000 0404
177 , 0103 0104 0403 0104 0403 0401 0404 0103 0404 0104 0202 0103 0101 0203 0404 0100 0303 0103 0304 0202 0301 0204 0301 0404 0204 0000 0204 0401 0001 0400 0402 0302 0402 0404 0404 0201 0104 0203 0200
178 , 0203 0102 0403 0100 0400 0403 0402 0404 0103 0104 0404 0203 0204 0204 0404 0402 0100 0402 0302 0404 0000 0204 0001 0404 0204 0004 0204 0303 0301 0404 0402 0302 0103 0404 0402 0203 0304 0104 0404
179 , 0103 0404 0403 0103 0403 0201 0403 0103 0403 0100 0202 0204 0301 0203 0404 0102 0303 0102 0304 0304 0201 0204 0002 0304 0204 0304 0204 0403 0301 0404 0402 0304 0103 0404 0402 0302 0104 0204 0404
180 , 0403 0102 0003 0104 0102 0403 0000 0004 0300 0104 0404 0203 0204 0304 0004 0202 0303 0001 0004 0403 0201 0204 0300 0004 0204 0301 0204 0403 0301 0004 0402 0104 0103 0404 0402 0301 0104 0204 0404
181 , 0402 0102 0403 0203 0402 0400 0402 0404 0403 0104 0004 0203 0001 0304 0404 0203 0201 0402 0404 0403 0201 0204 0302 0004 0204 0304 0204 0400 0301 0404 0402 0304 0103 0404 0002 0301 0104 0204 0404
182 , 0402 0300 0403 0203 0402 0403 0402 0400 0303 0104 0404 0203 0400 0304 0404 0203 0201 0402 0404 0401 0304 0404 0300 0304 0302 0104 0301 0304 0301 0400 0200 0303 0102 0304 0400 0203 0301 0203 0403
183 , 0203 0102 0403 0104 0402 0403 0402 0404 0103 0104 0400 0203 0204 0204 0404 0402 0101 0402 0302 0000 0301 0204 0301 0404 0204 0304 0204 0400 0301 0404 0400 0302 0103 0404 0402 0203 0304 0104 0404
184 , 0303 0300 0203 0202 0003 0401 0300 0402 0201 0104 0204 0202 0201 0200 0404 0402 0403 0403 0304 0303 0201 0204 0302 0304 0204 0004 0204 0403 0300 0404 0402 0304 0103 0404 0402 0001 0100 0204 0401
185 , 0103 0404 0003 0103 0003 0201 0403 0103 0403 0104 0202 0200 0301 0203 0404 0102 0303 0102 0304 0301 0304 0404 0301 0304 0302 0104 0300 0304 0301 0402 0202 0403 0102 0304 0401 0203 0201 0203 0400
186 , 0403 0100 0403 0004 0402 0000 0402 0404 0303 0104 0400 0003 0201 0304 0404 0202 0303 0001 0004 0300 0300 0404 0301 0004 0304 0104 0401 0304 0301 0402 0201 0303 0102 0304 0001 0403 0300 0203 0403
187 , 0103 0404 0403 0000 0403 0201 0403 0103 0003 0104 0202 0200 0301 0203 0404 0102 0303 0102 0004 0302 0301 0204 0301 0404 0200 0304 0204 0401 0301 0404 0002 0300 0402 0400 0404 0201 0004 0203 0204
188 , 0200 0102 0403 0004 0402 0403 0402 0404 0103 0104 0404 0203 0204 0204 0404 0402 0101 0402 0302 0403 0301 0204 0001 0401 0204 0300 0003 0403 0301 0404 0402 0300 0403 0403 0002 0203 0304 0100 0404
189 , 0203 0102 0403 0104 0402 0403 0402 0404 0104 0104 0404 0003 0204 0204 0400 0402 0001 0402 0302 0404 0301 0004 0301 0404 0200 0304 0204 0000 0301 0404 0402 0302 0100 0404 0402 0200 0304 0104 0404
190 , 0400 0300 0403 0203 0402 0403 0402 0404 0303 0104 0404 0203 0401 0304 0404 0203 0201 0402 0404 0402 0301 0204 0301 0403 0204 0304 0204 0001 0301 0404 0402 0302 0402 0404 0404 0201 0104 0203 0204
191 , 0100 0104 0003 0104 0403 0401 0404 0103 0404 0104 0202 0103 0400 0203 0404 0104 0303 0103 0304 0204 0301 0204 0001 0401 0204 0004 0203 0400 0301 0400 0402 0302 0403 0403 0402 0200 0300 0102 0404
192 , 0303 0102 0403 0104 0102 0403 0402 0300 0303 0104 0404 0203 0204 0300 0304 0202 0303 0401 0200 0401 0304 0404 0301 0304 0300 0104 0001 0304 0301 0402 0002 0403 0100 0304 0401 0203 0301 0003 0403
193 , 0403 0102 0403 0104 0402 0003 0402 0404 0300 0104 0400 0203 0201 0304 0404 0202 0303 0401 0404 0404 0201 0204 0302 0004 0204 0300 0204 0003 0001 0404 0402 0004 0103 0404 0402 0002 0104 0204 0404
194 , 0303 0300 0000 0202 0400 0401 0303 0402 0201 0104 0204 0202 0201 0000 0404 0402 0403 0403 0304 0304 0301 0204 0301 0404 0204 0004 0204 0400 0301 0404 0402 0300 0103 0404 0402 0000 0304 0104 0404
195 , 0103 0404 0403 0103 0403 0201 0403 0103 0403 0104 0200 0204 0304 0203 0404 0102 0303 0102 0304 0301 0300 0004 0301 0304 0302 0104 0301 0304 0301 0402 0202 0400 0102 0304 0401 0203 0301 0200 0403
196 , 0203 0102 0403 0104 0400 0403 0402 0404 0103 0104 0404 0203 0204 0204 0004 0402 0101 0402 0302 0403 0303 0402 0302 0204 0004 0103 0304 0202 0101 0402 0402 0202 0102 0404 0404 0204 0304 0303 0403
197 , 0003 0404 0400 0103 0403 0001 0403 0103 0403 0104 0202 0204 0301 0203 0404 0102 0302 0000 0304 0302 0301 0204 0001 0404 0204 0304 0204 0401 0401 0404 0402 0302 0400 0404 0404 0201 0104 0203 0204
198 , 0302 0102 0403 0203 0402 0403 0102 0404 0303 0104 0400 0201 0401 0304 0400 0203 0101 0402 0004 0403 0303 0400 0302 0200 0304 0103 0304 0202 0100 0402 0402 0202 0102 0404 0404 0204 0304 0300 0403
199 , 0402 0102 0403 0203 0402 0403 0402 0004 0403 0104 0404 0003 0401 0304 0004 0203 0201 0400 0404 0402 0301 0204 0301 0404 0204 0304 0204 0401 0301 0204 0402 0302 0402 0404 0004 0201 0104 0203 0200
200 , 0403 0102 0003 0100 0402 0403 0002 0404 0303 0104 0404 0003 0201 0304 0404 0200 0003 0401 0404 0404 0001 0200 0300 0404 0204 0304 0200 0403 0301 0404 0402 0300 0103 0404 0402 0200 0304 0104 0404