Generated genotype output
1
2
3
4
5
6
7
8
9
10
11
12
13
14
15
16
17
18
19
20
21
22
23
24
25
26
27
28
29
30
31
32
33
34
35
36
37
38
39
40
41
42
43
44
45
46
47
48
49
50
51
52
53
54
55
56
57
58
59
60
61
62
63
64
65
66
67
68
69
70
71
72
73
74
75
76
77
78
79
80
Pop
1 , 0103 0302 0101 0302 0303 0300 0002 0204 0301 0400 0404 0304 0400 0403 0103 0404 0401 0402 0103 0201 0400 0203 0000 0103 0402 0401 0004 0200 0304 0203 0301 0203 0102 0404 0403 0204 0402 0202 0102 0102 0300 0302 0203 0202 0201 0100 0103 0202 0202 0202 0404 0304 0301 0403 0104 0001 0202 0401 0002 0403 0003 0203 0404 0303 0102 0003 0004 0104 0200 0202 0301 0204 0301 0404 0100 0402 0301 0204 0301 0000
2 , 0103 0302 0101 0302 0300 0303 0102 0200 0300 0401 0004 0304 0002 0403 0103 0404 0401 0402 0103 0201 0400 0203 0204 0003 0402 0401 0204 0002 0304 0203 0300 0203 0102 0404 0403 0204 0400 0202 0102 0102 0001 0100 0103 0003 0102 0404 0201 0203 0304 0002 0201 0204 0101 0103 0103 0301 0403 0403 0302 0300 0301 0201 0403 0202 0404 0102 0304 0304 0401 0403 0204 0201 0403 0402 0002 0202 0400 0102 0101 0203
3 , 0104 0300 0200 0202 0200 0100 0103 0402 0202 0200 0404 0304 0301 0103 0004 0401 0202 0402 0302 0101 0403 0003 0404 0203 0102 0403 0304 0101 0403 0203 0201 0204 0301 0404 0102 0403 0301 0202 0302 0301 0304 0102 0204 0203 0202 0103 0100 0300 0303 0103 0402 0304 0403 0003 0103 0401 0202 0001 0202 0103 0404 0200 0403 0303 0402 0304 0204 0004 0404 0103 0202 0204 0401 0404 0104 0402 0104 0302 0101 0301
4 , 0104 0302 0203 0202 0201 0103 0000 0402 0002 0202 0404 0304 0301 0103 0104 0401 0101 0401 0302 0101 0403 0203 0004 0300 0102 0400 0304 0101 0403 0103 0201 0204 0301 0404 0104 0002 0301 0302 0300 0301 0304 0102 0200 0003 0202 0103 0102 0302 0300 0100 0402 0304 0403 0403 0003 0401 0202 0401 0204 0100 0404 0202 0403 0303 0200 0304 0204 0104 0404 0101 0202 0204 0401 0004 0104 0402 0104 0302 0101 0301
5 , 0103 0302 0101 0303 0303 0303 0102 0201 0001 0401 0404 0304 0402 0403 0104 0404 0401 0102 0104 0000 0401 0203 0204 0003 0402 0401 0204 0202 0404 0200 0301 0203 0102 0404 0100 0204 0402 0202 0102 0102 0304 0202 0003 0202 0204 0104 0103 0200 0202 0200 0404 0304 0301 0403 0104 0401 0202 0401 0302 0101 0402 0203 0404 0303 0104 0403 0304 0100 0103 0202 0201 0200 0301 0404 0104 0402 0300 0202 0301 0300
6 , 0103 0002 0101 0302 0003 0303 0102 0204 0301 0401 0400 0304 0402 0400 0103 0404 0401 0402 0103 0201 0401 0203 0204 0103 0402 0401 0204 0202 0304 0203 0301 0003 0102 0404 0403 0204 0400 0202 0100 0002 0304 0202 0203 0202 0204 0104 0100 0202 0202 0202 0404 0304 0301 0403 0104 0401 0202 0001 0302 0101 0402 0203 0404 0303 0104 0403 0004 0101 0103 0002 0201 0204 0301 0404 0100 0402 0301 0202 0301 0301
7 , 0303 0302 0103 0403 0303 0403 0202 0404 0301 0403 0304 0404 0002 0004 0103 0102 0402 0302 0303 0101 0301 0203 0302 0100 0404 0402 0100 0300 0404 0102 0100 0203 0102 0404 0203 0103 0202 0402 0100 0303 0400 0001 0103 0404 0002 0404 0204 0203 0304 0202 0201 0004 0101 0103 0103 0301 0403 0400 0300 0303 0300 0200 0404 0202 0404 0104 0304 0304 0401 0403 0204 0001 0403 0402 0102 0204 0401 0002 0101 0203
8 , 0003 0302 0101 0302 0303 0303 0102 0200 0301 0001 0404 0304 0400 0403 0103 0404 0401 0402 0103 0201 0401 0203 0004 0103 0402 0401 0204 0202 0304 0203 0301 0203 0102 0404 0403 0204 0402 0202 0102 0102 0104 0002 0101 0403 0303 0403 0103 0001 0301 0401 0404 0304 0300 0302 0203 0101 0402 0402 0003 0103 0204 0203 0202 0103 0004 0101 0204 0202 0403 0202 0100 0203 0100 0404 0103 0203 0402 0403 0401 0104
9 , 0103 0302 0101 0303 0303 0303 0102 0201 0301 0401 0404 0304 0000 0403 0103 0404 0401 0101 0003 0103 0401 0203 0204 0103 0002 0401 0004 0002 0104 0003 0301 0203 0102 0404 0400 0000 0400 0202 0102 0102 0303 0302 0103 0403 0300 0103 0202 0104 0301 0003 0304 0404 0402 0404 0103 0102 0400 0402 0303 0101 0001 0203 0202 0103 0404 0402 0104 0302 0404 0202 0101 0203 0102 0404 0203 0103 0202 0402 0102 0303
10 , 0103 0300 0101 0302 0300 0303 0202 0204 0301 0400 0000 0300 0402 0403 0103 0404 0401 0302 0103 0101 0400 0203 0204 0101 0402 0401 0204 0202 0404 0203 0300 0200 0102 0404 0403 0204 0402 0302 0102 0100 0103 0302 0101 0303 0303 0303 0102 0201 0301 0401 0404 0304 0402 0403 0103 0403 0001 0102 0103 0100 0401 0003 0204 0103 0402 0400 0204 0202 0404 0203 0301 0203 0102 0404 0403 0204 0402 0202 0102 0102
11 , 0304 0301 0200 0202 0101 0100 0103 0102 0202 0202 0404 0304 0301 0401 0104 0401 0202 0400 0402 0004 0403 0003 0404 0303 0203 0403 0304 0101 0403 0402 0201 0204 0101 0404 0304 0402 0301 0202 0301 0300 0303 0002 0103 0400 0303 0403 0202 0404 0301 0403 0004 0404 0402 0400 0003 0102 0402 0302 0003 0101 0301 0003 0002 0102 0404 0402 0104 0302 0404 0102 0101 0203 0002 0404 0203 0003 0202 0002 0102 0303
12 , 0401 0101 0103 0004 0102 0404 0204 0203 0304 0202 0201 0104 0101 0103 0103 0001 0400 0403 0302 0303 0301 0200 0404 0202 0004 0104 0004 0304 0401 0403 0204 0201 0403 0002 0102 0204 0400 0002 0101 0203 0104 0302 0101 0403 0303 0403 0002 0101 0301 0401 0404 0304 0302 0302 0203 0100 0402 0402 0103 0103 0200 0203 0202 0100 0404 0101 0204 0200 0403 0202 0101 0203 0102 0400 0103 0204 0402 0403 0401 0104
13 , 0304 0002 0203 0202 0204 0100 0103 0002 0202 0002 0404 0304 0301 0400 0104 0401 0202 0001 0300 0101 0002 0003 0404 0003 0104 0402 0304 0101 0103 0202 0201 0304 0301 0404 0104 0402 0300 0200 0301 0301 0300 0002 0103 0403 0303 0403 0200 0104 0001 0403 0004 0404 0402 0400 0103 0102 0400 0402 0303 0101 0301 0203 0202 0100 0404 0402 0004 0302 0404 0202 0101 0200 0102 0404 0203 0003 0202 0402 0000 0203
14 , 0301 0102 0204 0203 0202 0103 0102 0302 0403 0100 0402 0300 0403 0403 0103 0401 0202 0001 0202 0103 0404 0202 0403 0303 0102 0304 0204 0104 0404 0101 0201 0200 0401 0004 0104 0000 0104 0300 0101 0301 0301 0102 0204 0203 0200 0103 0100 0302 0303 0103 0402 0304 0403 0403 0103 0401 0200 0401 0202 0103 0404 0202 0003 0304 0402 0304 0204 0404 0404 0101 0202 0204 0401 0404 0004 0400 0104 0302 0101 0301
15 , 0004 0002 0204 0200 0200 0103 0102 0302 0303 0103 0402 0004 0403 0403 0103 0400 0002 0401 0202 0103 0404 0202 0403 0303 0400 0304 0204 0104 0404 0103 0202 0004 0401 0400 0304 0402 0004 0302 0100 0301 0102 0302 0101 0403 0303 0403 0102 0101 0301 0401 0402 0304 0302 0302 0203 0101 0401 0403 0104 0003 0201 0203 0002 0100 0404 0101 0204 0202 0403 0202 0101 0203 0102 0004 0103 0204 0402 0403 0401 0104
16 , 0004 0300 0200 0202 0200 0103 0103 0402 0202 0202 0404 0300 0001 0103 0104 0401 0202 0402 0302 0101 0400 0203 0404 0203 0102 0403 0304 0101 0403 0203 0201 0204 0301 0404 0102 0403 0301 0202 0002 0001 0104 0302 0101 0003 0303 0403 0102 0101 0301 0401 0400 0304 0302 0302 0203 0101 0402 0402 0103 0103 0204 0203 0202 0103 0404 0101 0204 0200 0403 0202 0101 0203 0102 0004 0103 0204 0402 0403 0401 0104
17 , 0301 0102 0004 0203 0202 0103 0102 0302 0003 0103 0402 0304 0403 0403 0103 0400 0202 0001 0202 0003 0404 0202 0403 0303 0102 0300 0004 0104 0404 0101 0201 0204 0401 0404 0104 0000 0104 0302 0101 0301 0304 0102 0004 0203 0202 0103 0102 0302 0303 0103 0402 0304 0403 0403 0100 0401 0000 0401 0202 0103 0404 0002 0000 0303 0402 0304 0200 0100 0404 0103 0202 0200 0400 0404 0104 0402 0104 0302 0101 0301
18 , 0103 0302 0101 0303 0303 0303 0102 0201 0301 0400 0400 0304 0402 0000 0003 0304 0401 0102 0100 0103 0401 0203 0204 0103 0402 0401 0204 0202 0403 0203 0301 0303 0002 0404 0403 0204 0002 0202 0102 0002 0104 0402 0101 0403 0303 0403 0100 0101 0300 0400 0404 0304 0302 0402 0203 0001 0401 0000 0100 0003 0001 0200 0202 0103 0401 0101 0204 0202 0400 0402 0101 0203 0102 0404 0100 0104 0402 0401 0400 0104
19 , 0304 0301 0203 0204 0101 0101 0103 0102 0202 0202 0404 0304 0301 0403 0104 0401 0202 0401 0302 0104 0403 0003 0404 0300 0202 0403 0204 0001 0103 0402 0201 0204 0101 0404 0304 0402 0300 0202 0300 0301 0304 0102 0200 0203 0202 0103 0102 0302 0003 0103 0400 0304 0403 0400 0003 0401 0202 0401 0202 0103 0404 0402 0403 0303 0402 0103 0204 0004 0404 0103 0202 0204 0401 0404 0104 0402 0104 0302 0100 0301
20 , 0304 0102 0004 0203 0202 0103 0102 0302 0303 0103 0402 0304 0403 0403 0103 0000 0202 0401 0204 0103 0404 0202 0403 0303 0402 0300 0204 0100 0404 0101 0202 0204 0401 0404 0104 0402 0100 0302 0101 0300 0102 0001 0102 0403 0303 0403 0100 0101 0301 0401 0402 0300 0300 0302 0003 0101 0401 0403 0104 0103 0201 0203 0202 0103 0400 0101 0204 0202 0403 0202 0101 0203 0102 0404 0103 0004 0402 0403 0401 0104
21 , 0004 0302 0203 0200 0201 0103 0103 0102 0402 0302 0404 0304 0301 0403 0104 0401 0202 0401 0300 0101 0403 0203 0404 0303 0102 0403 0304 0101 0203 0202 0201 0204 0101 0402 0104 0402 0301 0202 0301 0004 0103 0002 0101 0303 0300 0303 0102 0201 0301 0400 0404 0304 0402 0403 0103 0404 0401 0101 0103 0103 0401 0203 0204 0103 0402 0400 0204 0202 0104 0203 0301 0203 0102 0404 0403 0204 0402 0200 0102 0002
22 , 0303 0302 0103 0403 0303 0400 0202 0004 0301 0403 0004 0404 0002 0004 0103 0102 0402 0402 0303 0101 0300 0203 0202 0100 0400 0400 0104 0302 0404 0202 0101 0203 0102 0404 0203 0103 0002 0402 0102 0303 0300 0100 0204 0203 0202 0103 0102 0300 0003 0103 0402 0304 0403 0400 0103 0401 0202 0401 0204 0103 0404 0202 0403 0303 0202 0300 0204 0104 0004 0101 0002 0204 0401 0000 0104 0400 0104 0300 0100 0301
23 , 0304 0102 0204 0203 0202 0103 0102 0302 0303 0100 0000 0304 0403 0403 0103 0401 0202 0401 0204 0103 0404 0202 0403 0303 0202 0304 0200 0104 0404 0100 0202 0204 0401 0400 0104 0402 0104 0302 0101 0301 0300 0302 0003 0403 0303 0003 0202 0104 0301 0400 0300 0404 0402 0001 0103 0102 0002 0402 0303 0001 0302 0203 0202 0103 0404 0402 0104 0302 0404 0202 0101 0203 0102 0404 0000 0003 0202 0402 0102 0303
24 , 0303 0302 0103 0403 0300 0403 0202 0104 0301 0403 0304 0004 0002 0401 0103 0102 0402 0402 0303 0101 0301 0203 0402 0103 0004 0401 0104 0002 0404 0202 0101 0203 0102 0404 0203 0103 0202 0402 0000 0303 0303 0402 0103 0003 0003 0403 0002 0004 0301 0400 0302 0404 0402 0404 0103 0102 0402 0402 0303 0001 0301 0203 0202 0103 0404 0402 0104 0302 0404 0200 0101 0203 0100 0404 0203 0103 0200 0402 0102 0303
25 , 0401 0001 0103 0403 0102 0404 0204 0203 0304 0202 0201 0204 0001 0403 0003 0301 0003 0003 0302 0300 0303 0201 0404 0204 0404 0102 0304 0304 0401 0401 0204 0201 0400 0400 0102 0200 0401 0102 0101 0203 0003 0300 0101 0302 0303 0303 0102 0204 0001 0401 0404 0304 0402 0403 0103 0404 0401 0000 0103 0201 0401 0203 0204 0103 0402 0401 0204 0202 0304 0200 0301 0203 0100 0404 0400 0204 0402 0202 0102 0102
26 , 0401 0101 0103 0404 0102 0404 0204 0200 0304 0002 0201 0104 0101 0100 0103 0301 0003 0403 0302 0303 0301 0201 0400 0200 0404 0004 0304 0304 0401 0403 0204 0201 0403 0402 0102 0204 0400 0000 0100 0203 0304 0202 0203 0200 0004 0104 0103 0202 0202 0202 0004 0304 0301 0403 0104 0401 0202 0401 0302 0000 0002 0203 0404 0303 0104 0403 0304 0001 0103 0202 0201 0304 0301 0404 0104 0402 0001 0202 0301 0301
27 , 0304 0102 0204 0203 0202 0103 0102 0302 0003 0100 0402 0304 0400 0400 0103 0401 0002 0401 0204 0102 0404 0202 0403 0103 0402 0304 0004 0104 0404 0101 0002 0204 0401 0404 0004 0402 0104 0302 0101 0301 0304 0102 0204 0203 0102 0103 0102 0302 0300 0403 0402 0304 0403 0403 0104 0001 0202 0403 0202 0103 0404 0202 0403 0300 0402 0304 0203 0404 0000 0101 0202 0004 0201 0404 0104 0402 0104 0402 0101 0301
28 , 0300 0002 0100 0403 0303 0003 0002 0104 0301 0403 0304 0004 0402 0304 0104 0002 0402 0302 0303 0101 0300 0203 0302 0100 0404 0402 0104 0302 0404 0200 0201 0203 0100 0000 0203 0103 0203 0402 0102 0303 0101 0001 0101 0303 0003 0303 0102 0201 0301 0403 0404 0304 0402 0403 0103 0404 0401 0102 0403 0103 0401 0203 0004 0103 0402 0401 0204 0202 0400 0200 0301 0200 0102 0404 0403 0204 0202 0202 0002 0102
29 , 0104 0302 0101 0403 0300 0403 0102 0100 0001 0001 0404 0304 0302 0302 0203 0101 0402 0402 0103 0103 0204 0203 0202 0102 0404 0001 0204 0202 0403 0200 0101 0203 0100 0404 0103 0204 0402 0403 0401 0104 0101 0301 0001 0003 0303 0303 0102 0001 0301 0400 0400 0304 0402 0403 0103 0404 0401 0102 0400 0103 0401 0203 0204 0103 0402 0401 0204 0202 0400 0203 0301 0203 0102 0404 0003 0204 0202 0202 0102 0102
30 , 0101 0301 0100 0303 0303 0303 0102 0001 0301 0403 0404 0304 0402 0403 0100 0404 0401 0102 0403 0103 0401 0203 0204 0103 0402 0401 0004 0202 0404 0203 0301 0203 0102 0404 0403 0204 0202 0202 0100 0102 0103 0302 0101 0302 0303 0303 0102 0204 0301 0401 0404 0304 0400 0403 0103 0404 0401 0402 0103 0200 0401 0203 0104 0100 0402 0401 0204 0202 0304 0203 0301 0203 0102 0404 0403 0204 0402 0202 0102 0102
31 , 0102 0302 0203 0202 0001 0003 0101 0402 0202 0202 0404 0301 0001 0403 0304 0401 0202 0401 0302 0101 0103 0203 0404 0303 0002 0403 0000 0001 0403 0200 0201 0204 0301 0404 0104 0402 0301 0202 0302 0301 0304 0100 0204 0003 0200 0103 0102 0300 0303 0403 0402 0304 0103 0403 0104 0401 0402 0401 0202 0003 0404 0202 0403 0303 0402 0304 0204 0104 0404 0001 0202 0204 0200 0404 0104 0402 0104 0402 0101 0301
32 , 0304 0102 0204 0203 0202 0100 0002 0302 0303 0103 0402 0300 0403 0403 0003 0401 0202 0401 0202 0103 0404 0202 0403 0303 0402 0300 0204 0104 0404 0100 0202 0204 0401 0404 0104 0402 0104 0002 0101 0301 0304 0102 0204 0203 0202 0103 0102 0302 0303 0103 0402 0304 0403 0403 0103 0401 0200 0401 0204 0003 0404 0202 0403 0303 0402 0304 0204 0104 0400 0101 0202 0204 0401 0404 0104 0400 0104 0300 0101 0301
33 , 0303 0302 0103 0403 0003 0003 0202 0004 0301 0403 0304 0404 0402 0404 0103 0101 0402 0302 0003 0101 0301 0203 0301 0103 0004 0402 0104 0302 0404 0202 0101 0003 0102 0404 0203 0103 0202 0402 0102 0303 0303 0302 0103 0403 0303 0403 0202 0104 0301 0403 0304 0404 0402 0404 0103 0101 0402 0302 0003 0101 0301 0203 0301 0103 0404 0402 0104 0302 0404 0202 0101 0203 0102 0404 0203 0103 0202 0002 0102 0303
34 , 0102 0301 0102 0403 0303 0403 0100 0100 0301 0401 0402 0304 0302 0302 0203 0101 0001 0003 0104 0103 0201 0203 0202 0103 0404 0001 0204 0202 0403 0202 0101 0203 0102 0404 0100 0204 0402 0003 0401 0104 0101 0301 0101 0303 0303 0303 0002 0201 0301 0403 0404 0004 0402 0400 0103 0404 0401 0102 0403 0103 0401 0203 0204 0103 0402 0400 0204 0202 0004 0003 0301 0203 0002 0004 0400 0204 0202 0202 0102 0102
35 , 0100 0302 0101 0303 0303 0303 0102 0201 0001 0401 0404 0304 0402 0403 0004 0404 0402 0002 0104 0103 0401 0203 0204 0403 0402 0401 0204 0202 0404 0203 0301 0200 0002 0404 0103 0004 0400 0200 0100 0102 0104 0002 0203 0200 0201 0103 0103 0404 0202 0202 0404 0304 0300 0103 0104 0401 0102 0401 0302 0101 0403 0204 0404 0303 0102 0403 0004 0001 0403 0103 0201 0204 0301 0404 0104 0402 0301 0202 0302 0001
36 , 0102 0302 0203 0202 0201 0103 0103 0402 0202 0202 0404 0304 0301 0403 0304 0401 0202 0401 0002 0101 0403 0203 0404 0303 0102 0403 0304 0101 0403 0003 0201 0204 0301 0404 0004 0402 0301 0202 0302 0301 0304 0202 0201 0202 0204 0104 0103 0200 0202 0002 0404 0304 0301 0403 0104 0001 0202 0401 0302 0101 0402 0203 0404 0303 0104 0403 0304 0101 0103 0202 0201 0204 0301 0404 0104 0402 0301 0202 0301 0301
37 , 0300 0102 0200 0204 0202 0103 0102 0300 0303 0103 0002 0304 0203 0403 0103 0401 0000 0401 0204 0102 0404 0202 0401 0300 0402 0304 0203 0104 0404 0101 0202 0204 0401 0004 0104 0402 0104 0302 0101 0301 0103 0302 0100 0303 0300 0303 0102 0201 0301 0403 0404 0104 0402 0403 0103 0404 0400 0102 0103 0003 0401 0203 0204 0103 0402 0301 0004 0301 0404 0203 0300 0203 0002 0404 0403 0204 0402 0202 0102 0002
38 , 0304 0301 0203 0202 0001 0001 0103 0102 0202 0202 0404 0304 0301 0401 0104 0401 0202 0401 0402 0104 0403 0003 0404 0303 0203 0400 0304 0101 0403 0402 0000 0204 0001 0000 0304 0402 0301 0202 0301 0301 0103 0302 0101 0303 0303 0303 0102 0201 0001 0403 0004 0304 0402 0403 0003 0404 0401 0102 0103 0103 0401 0003 0204 0103 0400 0401 0200 0200 0404 0203 0301 0203 0102 0404 0403 0204 0400 0202 0102 0102
39 , 0103 0302 0101 0300 0303 0303 0100 0201 0301 0401 0404 0304 0402 0403 0103 0403 0201 0102 0103 0103 0401 0203 0204 0103 0402 0401 0204 0002 0404 0203 0301 0203 0102 0404 0403 0204 0402 0202 0102 0102 0003 0302 0101 0303 0300 0303 0102 0201 0301 0401 0404 0304 0402 0400 0103 0304 0401 0102 0103 0103 0401 0203 0004 0103 0002 0401 0204 0202 0403 0203 0301 0303 0002 0404 0403 0004 0402 0202 0102 0102
40 , 0103 0002 0101 0303 0303 0303 0100 0201 0301 0401 0404 0304 0402 0403 0104 0404 0401 0100 0104 0103 0400 0203 0204 0100 0400 0401 0204 0002 0404 0203 0301 0200 0002 0404 0003 0204 0002 0202 0102 0102 0103 0302 0101 0302 0303 0303 0202 0204 0301 0401 0304 0304 0402 0400 0103 0404 0400 0302 0103 0100 0401 0203 0204 0101 0402 0401 0004 0200 0404 0200 0301 0203 0102 0404 0403 0204 0402 0002 0002 0102
41 , 0104 0302 0203 0204 0201 0103 0103 0102 0402 0302 0404 0304 0301 0403 0104 0401 0202 0401 0002 0101 0403 0203 0404 0303 0102 0403 0304 0101 0203 0202 0201 0004 0101 0400 0104 0402 0301 0202 0001 0304 0003 0302 0100 0302 0303 0303 0102 0204 0301 0401 0404 0000 0002 0403 0103 0400 0401 0402 0103 0201 0400 0203 0004 0103 0402 0401 0204 0202 0304 0200 0301 0203 0102 0404 0403 0204 0402 0202 0102 0102
42 , 0301 0102 0204 0203 0202 0103 0102 0302 0003 0103 0402 0304 0403 0003 0103 0401 0202 0400 0202 0003 0404 0202 0403 0303 0002 0304 0204 0104 0404 0101 0202 0204 0401 0400 0104 0402 0104 0302 0101 0301 0003 0302 0103 0403 0303 0403 0202 0104 0301 0403 0300 0404 0402 0404 0103 0102 0402 0400 0003 0001 0001 0200 0202 0103 0400 0402 0101 0302 0404 0202 0101 0203 0102 0404 0000 0103 0202 0402 0102 0303
43 , 0003 0302 0101 0300 0303 0303 0102 0204 0301 0401 0004 0301 0402 0400 0103 0404 0401 0402 0103 0201 0401 0003 0204 0103 0402 0401 0204 0202 0000 0203 0300 0203 0102 0404 0403 0204 0402 0202 0102 0102 0103 0302 0101 0300 0303 0003 0102 0204 0301 0400 0404 0304 0402 0403 0103 0000 0401 0000 0100 0201 0401 0203 0204 0103 0402 0401 0204 0200 0304 0203 0301 0203 0102 0404 0403 0204 0402 0202 0102 0102
44 , 0300 0302 0203 0202 0201 0103 0103 0202 0202 0202 0404 0304 0301 0403 0104 0401 0202 0401 0302 0403 0403 0203 0404 0300 0102 0403 0304 0104 0200 0202 0301 0204 0301 0404 0104 0402 0301 0204 0301 0300 0302 0302 0203 0202 0201 0100 0103 0202 0202 0202 0404 0304 0301 0403 0104 0401 0202 0401 0302 0400 0403 0203 0404 0303 0102 0400 0304 0104 0203 0002 0301 0004 0301 0400 0104 0402 0301 0204 0301 0303
45 , 0003 0302 0003 0403 0303 0403 0202 0104 0301 0403 0304 0404 0402 0404 0103 0102 0402 0402 0303 0101 0301 0203 0200 0103 0404 0402 0104 0002 0404 0200 0101 0203 0102 0404 0203 0103 0000 0402 0102 0300 0004 0002 0101 0403 0303 0403 0102 0001 0300 0401 0404 0304 0302 0302 0203 0001 0402 0402 0100 0103 0204 0203 0202 0100 0404 0101 0204 0202 0403 0002 0101 0203 0102 0404 0100 0204 0402 0003 0401 0100
46 , 0302 0302 0200 0202 0201 0103 0103 0202 0202 0202 0400 0300 0301 0403 0104 0401 0202 0401 0302 0000 0403 0203 0404 0300 0102 0403 0304 0104 0203 0202 0301 0204 0301 0404 0104 0402 0301 0004 0301 0303 0103 0302 0100 0303 0003 0303 0102 0201 0301 0401 0404 0304 0402 0403 0103 0004 0401 0100 0103 0103 0401 0203 0204 0103 0402 0401 0204 0202 0404 0203 0001 0203 0301 0104 0403 0204 0302 0202 0102 0102
47 , 0401 0101 0103 0404 0102 0404 0204 0203 0304 0002 0201 0104 0101 0103 0103 0301 0403 0003 0302 0303 0301 0201 0404 0202 0404 0104 0300 0304 0400 0403 0004 0001 0403 0402 0102 0202 0401 0102 0101 0003 0304 0102 0204 0203 0202 0103 0100 0302 0303 0103 0402 0304 0403 0403 0103 0401 0202 0401 0000 0103 0404 0002 0403 0304 0402 0300 0204 0104 0404 0103 0200 0200 0401 0404 0104 0402 0104 0302 0101 0301
48 , 0401 0100 0103 0404 0102 0404 0204 0203 0304 0202 0001 0104 0001 0103 0103 0300 0403 0403 0302 0303 0401 0201 0004 0202 0400 0004 0304 0304 0401 0403 0204 0200 0403 0402 0102 0202 0001 0102 0101 0203 0104 0302 0100 0303 0300 0303 0002 0201 0301 0401 0404 0304 0402 0203 0104 0404 0401 0102 0104 0103 0400 0203 0204 0103 0402 0401 0200 0202 0404 0203 0301 0203 0102 0404 0103 0204 0402 0202 0100 0102
49 , 0100 0001 0100 0403 0303 0403 0102 0101 0301 0401 0402 0304 0302 0302 0203 0101 0401 0403 0104 0003 0200 0203 0202 0103 0404 0100 0004 0202 0403 0202 0101 0203 0102 0404 0103 0200 0402 0403 0401 0004 0102 0300 0101 0003 0303 0403 0102 0001 0301 0401 0402 0304 0302 0302 0203 0100 0001 0403 0104 0103 0200 0203 0202 0003 0404 0101 0204 0202 0403 0202 0101 0203 0102 0404 0103 0004 0402 0403 0401 0104
50 , 0104 0302 0101 0403 0303 0303 0102 0100 0301 0401 0404 0304 0302 0302 0203 0101 0002 0402 0103 0103 0204 0203 0202 0103 0004 0101 0000 0202 0403 0202 0101 0203 0102 0404 0103 0200 0402 0400 0401 0104 0104 0302 0203 0200 0201 0103 0103 0402 0202 0202 0404 0304 0301 0103 0104 0401 0002 0402 0302 0101 0403 0200 0404 0003 0102 0400 0300 0101 0400 0200 0201 0204 0301 0404 0102 0003 0301 0202 0300 0301
51 , 0003 0302 0101 0303 0303 0303 0100 0200 0301 0401 0404 0300 0402 0400 0103 0304 0401 0102 0103 0103 0401 0203 0204 0103 0400 0400 0204 0202 0403 0203 0301 0303 0302 0004 0403 0204 0400 0202 0102 0102 0304 0102 0004 0200 0002 0103 0102 0302 0003 0103 0402 0300 0403 0403 0103 0401 0202 0401 0204 0103 0404 0202 0403 0303 0402 0304 0204 0104 0404 0101 0202 0204 0401 0004 0104 0402 0100 0002 0101 0300
52 , 0303 0302 0103 0403 0303 0403 0202 0104 0301 0403 0304 0400 0402 0404 0103 0101 0402 0302 0303 0001 0301 0203 0300 0103 0404 0402 0004 0302 0004 0202 0100 0203 0102 0404 0203 0103 0202 0402 0102 0303 0103 0302 0101 0303 0300 0303 0102 0201 0301 0403 0404 0304 0402 0403 0003 0400 0401 0102 0103 0000 0401 0203 0204 0100 0402 0401 0204 0201 0404 0203 0301 0203 0102 0400 0400 0204 0402 0202 0102 0102
53 , 0304 0102 0204 0203 0202 0103 0102 0302 0303 0103 0402 0304 0403 0403 0103 0001 0200 0001 0200 0103 0404 0202 0403 0304 0402 0304 0200 0104 0404 0101 0202 0004 0001 0404 0104 0400 0104 0302 0101 0301 0103 0302 0101 0302 0303 0303 0102 0204 0001 0400 0404 0300 0400 0400 0103 0404 0001 0402 0103 0001 0001 0003 0204 0003 0402 0401 0004 0202 0304 0203 0301 0203 0102 0404 0403 0200 0402 0202 0102 0102
54 , 0303 0302 0103 0403 0303 0400 0202 0404 0301 0403 0304 0404 0402 0404 0003 0102 0002 0302 0303 0001 0001 0203 0302 0102 0404 0402 0104 0302 0404 0102 0101 0200 0102 0404 0203 0103 0202 0402 0102 0300 0103 0302 0101 0302 0300 0303 0102 0204 0301 0400 0404 0004 0202 0403 0100 0404 0001 0402 0103 0101 0401 0203 0204 0100 0402 0001 0204 0002 0404 0203 0301 0203 0102 0404 0400 0204 0402 0200 0002 0002
55 , 0103 0302 0101 0302 0300 0300 0102 0004 0301 0401 0404 0304 0402 0403 0103 0404 0401 0402 0100 0201 0401 0203 0200 0103 0402 0401 0204 0002 0304 0003 0301 0203 0102 0400 0403 0204 0402 0202 0002 0100 0401 0101 0103 0403 0104 0404 0204 0203 0304 0002 0201 0204 0101 0103 0103 0301 0403 0400 0302 0403 0301 0200 0404 0202 0404 0102 0004 0304 0401 0403 0204 0201 0203 0402 0102 0000 0401 0102 0101 0203
56 , 0100 0302 0203 0202 0201 0103 0101 0402 0202 0202 0404 0304 0301 0403 0304 0001 0202 0401 0002 0001 0003 0203 0404 0303 0002 0403 0004 0101 0403 0203 0201 0204 0301 0404 0404 0402 0301 0202 0302 0001 0103 0002 0101 0303 0303 0003 0102 0201 0301 0401 0404 0304 0402 0403 0103 0304 0401 0102 0100 0100 0401 0203 0204 0103 0402 0401 0200 0202 0403 0203 0300 0303 0302 0404 0403 0204 0402 0202 0102 0102
57 , 0104 0302 0101 0403 0303 0000 0103 0101 0301 0401 0404 0304 0302 0302 0203 0101 0402 0402 0103 0103 0204 0203 0202 0004 0404 0101 0204 0202 0403 0202 0100 0203 0102 0404 0103 0202 0402 0403 0401 0004 0103 0002 0101 0302 0303 0303 0102 0200 0301 0401 0400 0304 0402 0403 0103 0404 0400 0402 0100 0201 0401 0003 0204 0103 0402 0401 0204 0202 0304 0200 0300 0203 0102 0404 0403 0204 0402 0202 0102 0102
58 , 0303 0302 0003 0003 0003 0403 0202 0104 0001 0403 0304 0404 0400 0404 0103 0102 0402 0302 0303 0101 0301 0203 0302 0103 0404 0402 0104 0302 0400 0102 0101 0203 0102 0404 0203 0103 0202 0402 0102 0303 0103 0302 0100 0302 0303 0303 0102 0200 0301 0401 0404 0304 0402 0403 0103 0404 0401 0002 0003 0201 0401 0203 0204 0003 0402 0401 0004 0202 0304 0203 0300 0200 0102 0404 0403 0204 0402 0202 0102 0102
59 , 0103 0302 0101 0303 0303 0303 0002 0201 0301 0401 0404 0304 0402 0003 0103 0003 0001 0102 0103 0103 0001 0203 0204 0103 0402 0401 0004 0202 0404 0203 0301 0203 0100 0404 0403 0204 0002 0202 0102 0102 0103 0302 0101 0300 0303 0003 0102 0204 0301 0401 0004 0304 0002 0403 0103 0404 0401 0402 0103 0101 0401 0203 0204 0103 0402 0401 0204 0202 0404 0203 0301 0203 0102 0004 0403 0204 0400 0202 0202 0002
60 , 0104 0302 0100 0403 0300 0400 0102 0101 0301 0401 0404 0300 0302 0300 0203 0101 0402 0402 0003 0103 0204 0203 0202 0103 0404 0101 0204 0202 0403 0202 0101 0203 0102 0404 0103 0204 0402 0403 0401 0104 0300 0300 0103 0403 0303 0003 0202 0004 0301 0403 0304 0404 0402 0400 0103 0101 0402 0302 0303 0101 0301 0003 0001 0103 0404 0402 0004 0302 0404 0002 0001 0203 0102 0400 0203 0100 0202 0402 0102 0303
61 , 0100 0302 0101 0303 0303 0303 0102 0201 0301 0401 0404 0304 0402 0403 0103 0304 0401 0102 0100 0103 0001 0003 0204 0003 0402 0400 0204 0202 0003 0203 0301 0303 0302 0404 0003 0204 0402 0202 0102 0102 0104 0302 0203 0202 0201 0103 0100 0402 0202 0002 0404 0004 0301 0100 0004 0401 0202 0401 0302 0101 0003 0203 0404 0200 0101 0403 0004 0101 0403 0103 0201 0200 0300 0404 0104 0002 0301 0002 0302 0301
62 , 0101 0301 0101 0303 0303 0303 0102 0201 0001 0403 0404 0304 0402 0400 0003 0404 0401 0102 0403 0103 0401 0203 0304 0103 0402 0401 0204 0202 0404 0203 0301 0003 0102 0404 0403 0204 0202 0202 0002 0002 0401 0101 0003 0100 0102 0404 0004 0203 0304 0202 0201 0400 0401 0103 0103 0301 0403 0103 0302 0303 0401 0201 0404 0002 0404 0102 0304 0300 0401 0402 0300 0002 0403 0402 0102 0202 0401 0202 0401 0303
63 , 0103 0302 0101 0302 0303 0303 0002 0004 0001 0401 0404 0304 0400 0403 0103 0404 0401 0402 0103 0201 0400 0203 0204 0103 0402 0401 0204 0202 0304 0203 0301 0203 0102 0404 0403 0204 0402 0202 0100 0102 0304 0000 0204 0003 0002 0103 0102 0302 0303 0103 0402 0304 0403 0403 0103 0401 0002 0400 0202 0103 0404 0200 0403 0304 0402 0304 0204 0104 0404 0100 0200 0204 0401 0404 0004 0402 0104 0302 0101 0301
64 , 0303 0302 0103 0403 0003 0403 0200 0104 0301 0403 0304 0404 0400 0404 0100 0100 0402 0302 0303 0101 0301 0003 0302 0103 0404 0402 0104 0302 0404 0102 0101 0203 0102 0400 0203 0103 0202 0402 0102 0303 0104 0302 0003 0204 0201 0103 0103 0102 0403 0002 0404 0304 0301 0403 0104 0401 0202 0401 0302 0101 0403 0203 0400 0303 0102 0403 0304 0101 0203 0202 0200 0204 0001 0402 0104 0002 0301 0202 0301 0004
65 , 0301 0102 0204 0203 0202 0103 0102 0302 0003 0100 0402 0304 0403 0403 0003 0401 0002 0401 0202 0103 0404 0202 0403 0304 0402 0304 0204 0404 0404 0101 0202 0204 0401 0404 0100 0400 0104 0302 0101 0000 0103 0302 0101 0303 0303 0303 0102 0001 0301 0401 0404 0300 0402 0403 0003 0304 0401 0102 0100 0103 0401 0003 0204 0100 0402 0001 0200 0200 0003 0203 0300 0303 0302 0404 0403 0204 0402 0200 0102 0102
66 , 0304 0102 0204 0203 0202 0103 0102 0302 0303 0103 0402 0304 0400 0403 0103 0001 0202 0401 0200 0103 0404 0202 0003 0300 0200 0304 0204 0104 0404 0101 0002 0204 0001 0404 0104 0402 0104 0302 0101 0301 0004 0302 0203 0002 0001 0103 0003 0402 0202 0202 0404 0300 0301 0103 0104 0401 0000 0402 0002 0101 0403 0203 0404 0203 0202 0403 0304 0101 0403 0203 0201 0204 0301 0004 0102 0403 0301 0202 0302 0301
67 , 0104 0302 0001 0403 0303 0403 0102 0101 0300 0401 0404 0300 0302 0302 0203 0100 0402 0402 0103 0103 0204 0203 0202 0103 0004 0101 0204 0202 0400 0202 0101 0200 0102 0404 0103 0200 0002 0403 0401 0104 0103 0302 0101 0403 0303 0403 0102 0101 0401 0401 0404 0304 0300 0302 0203 0101 0302 0402 0103 0103 0204 0203 0202 0103 0404 0101 0004 0002 0303 0202 0001 0203 0102 0404 0303 0204 0402 0403 0401 0104
68 , 0304 0002 0204 0203 0202 0103 0102 0002 0303 0103 0402 0304 0400 0403 0103 0401 0202 0401 0202 0103 0400 0202 0403 0304 0402 0304 0204 0104 0404 0101 0202 0204 0001 0004 0104 0102 0104 0302 0100 0301 0303 0402 0103 0403 0303 0403 0202 0104 0301 0403 0302 0004 0402 0404 0103 0102 0402 0002 0303 0101 0301 0203 0202 0003 0404 0002 0104 0302 0004 0202 0101 0203 0002 0404 0203 0103 0202 0402 0102 0303
69 , 0303 0302 0103 0403 0303 0403 0202 0104 0301 0403 0304 0404 0402 0402 0103 0102 0002 0302 0303 0001 0301 0203 0302 0003 0404 0402 0104 0302 0404 0102 0101 0203 0100 0004 0203 0103 0202 0402 0102 0303 0304 0301 0200 0204 0101 0101 0003 0102 0202 0202 0404 0304 0301 0403 0004 0401 0202 0401 0002 0104 0403 0303 0404 0300 0202 0403 0204 0101 0403 0402 0201 0204 0101 0404 0304 0402 0301 0202 0001 0301
70 , 0304 0102 0204 0003 0202 0103 0102 0302 0303 0103 0002 0300 0403 0400 0103 0401 0202 0401 0202 0103 0404 0202 0003 0302 0402 0304 0204 0104 0404 0103 0202 0204 0401 0404 0104 0402 0104 0302 0101 0301 0100 0302 0101 0302 0303 0303 0102 0204 0301 0401 0404 0304 0402 0403 0103 0404 0401 0402 0103 0201 0401 0203 0004 0103 0402 0401 0204 0202 0304 0203 0301 0203 0102 0404 0403 0204 0400 0202 0102 0102
71 , 0401 0101 0003 0403 0104 0004 0204 0203 0304 0202 0204 0204 0101 0103 0103 0301 0403 0400 0302 0303 0301 0201 0004 0002 0404 0102 0304 0304 0401 0403 0204 0201 0203 0402 0102 0202 0400 0102 0101 0200 0104 0302 0203 0202 0000 0103 0103 0402 0002 0202 0404 0304 0001 0003 0104 0401 0000 0402 0302 0101 0403 0203 0004 0203 0200 0403 0304 0101 0403 0203 0201 0204 0301 0400 0102 0403 0300 0202 0002 0301
72 , 0103 0302 0101 0302 0303 0003 0100 0204 0301 0400 0404 0304 0402 0003 0103 0404 0000 0402 0103 0201 0401 0200 0204 0103 0402 0401 0204 0202 0304 0203 0301 0200 0102 0404 0400 0204 0402 0202 0102 0102 0303 0302 0103 0403 0303 0003 0202 0104 0301 0403 0304 0404 0402 0401 0103 0102 0400 0402 0303 0101 0301 0203 0200 0100 0404 0400 0104 0302 0400 0202 0101 0203 0102 0400 0203 0103 0000 0402 0002 0303
73 , 0003 0302 0103 0003 0303 0003 0202 0104 0301 0403 0304 0404 0402 0400 0103 0000 0402 0302 0303 0101 0301 0203 0300 0103 0104 0402 0104 0302 0404 0102 0101 0203 0100 0004 0203 0100 0202 0402 0002 0303 0303 0302 0103 0403 0303 0403 0200 0104 0301 0403 0304 0404 0402 0404 0103 0102 0402 0302 0303 0101 0301 0203 0302 0103 0404 0402 0104 0002 0404 0102 0101 0203 0102 0404 0203 0103 0202 0402 0102 0303
74 , 0303 0302 0003 0403 0303 0403 0002 0104 0301 0403 0304 0400 0402 0401 0103 0102 0402 0402 0303 0101 0301 0203 0202 0103 0404 0400 0104 0302 0004 0202 0101 0203 0102 0404 0003 0103 0202 0402 0102 0303 0401 0101 0103 0404 0102 0404 0204 0203 0304 0202 0201 0104 0001 0103 0003 0301 0403 0403 0302 0303 0401 0201 0404 0202 0404 0104 0304 0304 0001 0403 0204 0201 0403 0400 0100 0202 0401 0102 0101 0203
75 , 0103 0302 0001 0303 0303 0303 0102 0201 0301 0400 0404 0304 0402 0403 0103 0304 0401 0102 0100 0103 0401 0203 0204 0003 0402 0401 0204 0202 0403 0203 0301 0303 0302 0400 0403 0200 0402 0202 0102 0102 0401 0104 0103 0403 0102 0400 0201 0203 0304 0202 0200 0204 0001 0103 0103 0301 0403 0403 0302 0303 0300 0201 0000 0200 0404 0002 0304 0304 0401 0403 0200 0201 0400 0402 0102 0000 0401 0000 0101 0203
76 , 0303 0400 0103 0403 0303 0403 0202 0104 0301 0403 0304 0004 0402 0404 0103 0100 0402 0402 0303 0101 0301 0200 0202 0103 0404 0400 0104 0302 0404 0202 0101 0203 0000 0404 0203 0103 0202 0402 0102 0303 0003 0302 0101 0300 0300 0303 0102 0201 0300 0403 0404 0304 0402 0403 0103 0404 0401 0102 0103 0103 0401 0003 0204 0100 0400 0401 0204 0201 0004 0003 0301 0200 0002 0404 0403 0204 0402 0202 0102 0102
77 , 0104 0002 0203 0202 0201 0103 0103 0402 0202 0202 0404 0304 0301 0103 0004 0001 0202 0402 0302 0101 0403 0203 0404 0203 0101 0003 0304 0101 0403 0203 0201 0204 0001 0404 0002 0403 0301 0002 0302 0300 0104 0302 0203 0202 0201 0103 0103 0002 0202 0200 0404 0304 0301 0103 0104 0401 0202 0400 0302 0101 0003 0203 0404 0203 0102 0403 0304 0101 0400 0203 0001 0204 0300 0404 0102 0403 0301 0200 0302 0301
78 , 0102 0001 0102 0400 0303 0403 0102 0101 0300 0401 0402 0304 0302 0302 0203 0100 0401 0400 0104 0103 0201 0203 0202 0103 0404 0001 0204 0200 0003 0200 0101 0203 0102 0400 0103 0204 0402 0003 0400 0104 0304 0102 0204 0203 0202 0103 0102 0002 0303 0103 0402 0304 0403 0403 0003 0000 0202 0401 0202 0103 0404 0202 0403 0303 0402 0004 0204 0104 0404 0100 0202 0204 0401 0404 0304 0402 0104 0302 0101 0301
79 , 0000 0302 0203 0204 0201 0103 0103 0102 0403 0202 0400 0004 0301 0403 0104 0401 0202 0001 0302 0000 0403 0203 0404 0303 0102 0400 0304 0101 0203 0202 0201 0204 0100 0402 0104 0402 0301 0202 0301 0004 0300 0202 0203 0202 0204 0104 0103 0202 0202 0202 0404 0004 0300 0400 0004 0401 0202 0401 0302 0101 0002 0203 0404 0303 0004 0403 0304 0101 0103 0202 0201 0304 0301 0404 0104 0402 0301 0202 0301 0301
80 , 0304 0202 0203 0202 0204 0104 0100 0202 0202 0202 0404 0000 0001 0403 0100 0401 0002 0401 0300 0101 0402 0203 0404 0303 0104 0403 0304 0101 0100 0202 0200 0204 0301 0404 0004 0402 0301 0200 0301 0301 0001 0102 0204 0203 0202 0103 0102 0302 0400 0103 0402 0304 0403 0403 0103 0401 0200 0401 0202 0003 0404 0001 0403 0303 0102 0304 0204 0104 0404 0101 0202 0204 0401 0404 0004 0402 0104 0302 0101 0300
81 , 0304 0002 0204 0203 0202 0103 0102 0302 0303 0003 0402 0304 0403 0403 0103 0401 0202 0401 0202 0103 0404 0202 0403 0303 0402 0103 0204 0104 0404 0103 0202 0204 0401 0404 0104 0400 0100 0302 0101 0301 0303 0002 0103 0403 0303 0103 0202 0104 0301 0403 0304 0004 0402 0400 0103 0102 0402 0402 0003 0101 0301 0203 0202 0103 0404 0400 0104 0300 0004 0002 0101 0203 0102 0404 0203 0100 0202 0402 0102 0003
82 , 0303 0302 0103 0403 0300 0403 0202 0400 0301 0403 0004 0404 0402 0404 0103 0102 0400 0302 0303 0101 0001 0203 0002 0102 0404 0002 0104 0300 0404 0002 0101 0200 0102 0404 0200 0103 0202 0402 0102 0303 0301 0100 0004 0203 0202 0103 0102 0302 0403 0100 0402 0304 0403 0403 0103 0401 0202 0401 0202 0103 0400 0202 0403 0303 0102 0304 0204 0104 0404 0101 0201 0204 0401 0404 0104 0402 0104 0302 0101 0301
83 , 0300 0102 0204 0203 0200 0103 0102 0302 0303 0003 0002 0300 0403 0403 0103 0400 0202 0401 0200 0103 0404 0200 0403 0303 0402 0003 0004 0100 0404 0100 0202 0204 0401 0404 0104 0402 0104 0302 0101 0301 0103 0002 0101 0003 0303 0403 0100 0001 0301 0401 0404 0304 0302 0300 0203 0101 0300 0402 0100 0103 0004 0203 0202 0003 0404 0101 0004 0202 0303 0202 0101 0203 0002 0404 0300 0204 0402 0403 0401 0104
84 , 0003 0302 0101 0003 0303 0303 0002 0201 0300 0401 0404 0004 0402 0403 0103 0403 0201 0102 0103 0103 0401 0203 0204 0103 0402 0401 0204 0202 0404 0203 0301 0203 0102 0404 0003 0204 0402 0202 0002 0002 0103 0302 0101 0302 0003 0303 0100 0204 0301 0401 0404 0304 0402 0403 0103 0404 0401 0402 0103 0201 0401 0203 0204 0103 0402 0401 0200 0202 0300 0200 0301 0203 0102 0404 0403 0204 0402 0202 0102 0102
85 , 0303 0302 0103 0403 0300 0403 0202 0004 0301 0403 0304 0404 0402 0401 0100 0102 0402 0402 0303 0101 0301 0203 0202 0103 0404 0002 0104 0300 0404 0202 0101 0203 0102 0404 0203 0103 0202 0402 0002 0303 0401 0101 0103 0000 0100 0404 0004 0203 0304 0402 0201 0404 0201 0101 0103 0301 0403 0403 0302 0300 0301 0201 0400 0202 0104 0102 0304 0304 0404 0402 0304 0204 0403 0402 0100 0202 0401 0102 0101 0203
86 , 0103 0302 0101 0302 0300 0303 0102 0204 0301 0401 0404 0304 0402 0003 0103 0404 0401 0002 0103 0201 0401 0203 0200 0103 0402 0401 0200 0202 0300 0203 0301 0203 0102 0400 0403 0204 0402 0202 0102 0102 0102 0302 0203 0202 0201 0103 0101 0002 0202 0002 0400 0304 0301 0403 0304 0400 0002 0401 0302 0101 0403 0203 0404 0003 0102 0403 0004 0101 0403 0203 0201 0200 0301 0404 0400 0402 0301 0202 0302 0301
87 , 0104 0002 0203 0202 0201 0103 0103 0402 0200 0202 0400 0304 0301 0103 0104 0401 0202 0402 0302 0101 0403 0203 0404 0203 0102 0403 0304 0101 0403 0203 0201 0204 0301 0404 0102 0400 0300 0202 0302 0301 0102 0302 0203 0202 0201 0103 0101 0402 0002 0202 0404 0304 0301 0403 0304 0401 0202 0401 0302 0001 0403 0203 0404 0300 0100 0403 0304 0001 0403 0200 0201 0204 0301 0404 0404 0402 0301 0202 0302 0301
88 , 0304 0202 0201 0200 0204 0104 0100 0202 0202 0202 0404 0304 0300 0403 0104 0401 0202 0400 0302 0101 0402 0203 0404 0303 0004 0403 0004 0101 0103 0202 0201 0204 0301 0404 0104 0002 0301 0202 0301 0301 0002 0300 0102 0403 0303 0403 0102 0001 0301 0401 0402 0304 0302 0302 0203 0101 0401 0403 0104 0100 0201 0203 0202 0103 0404 0101 0200 0202 0403 0202 0101 0203 0102 0404 0100 0204 0402 0403 0401 0104
89 , 0300 0202 0203 0202 0200 0104 0103 0202 0002 0200 0404 0304 0300 0403 0104 0401 0202 0401 0302 0101 0002 0003 0404 0300 0104 0400 0304 0101 0103 0202 0201 0204 0301 0404 0104 0402 0300 0202 0301 0301 0003 0002 0101 0303 0303 0303 0002 0200 0301 0401 0404 0004 0402 0003 0003 0003 0001 0102 0103 0103 0401 0203 0004 0103 0402 0401 0204 0202 0404 0203 0301 0203 0102 0404 0403 0204 0402 0202 0102 0102
90 , 0102 0302 0203 0002 0201 0103 0101 0402 0202 0202 0400 0304 0001 0403 0304 0400 0002 0401 0002 0101 0403 0203 0004 0303 0102 0003 0304 0101 0403 0203 0201 0204 0301 0404 0404 0402 0301 0202 0302 0301 0401 0101 0103 0403 0102 0404 0204 0203 0304 0202 0201 0004 0401 0003 0003 0301 0403 0403 0302 0303 0303 0201 0404 0204 0404 0102 0304 0304 0401 0401 0204 0001 0403 0402 0102 0202 0401 0102 0101 0203
91 , 0303 0302 0103 0403 0300 0403 0202 0104 0300 0403 0304 0404 0402 0401 0103 0102 0400 0402 0300 0101 0301 0203 0202 0100 0404 0402 0104 0302 0404 0202 0101 0203 0102 0004 0203 0103 0202 0402 0002 0303 0104 0302 0203 0002 0201 0103 0103 0402 0202 0202 0404 0304 0301 0103 0104 0001 0202 0402 0302 0101 0403 0203 0404 0200 0102 0403 0304 0101 0403 0203 0201 0204 0301 0404 0102 0403 0301 0202 0302 0301
92 , 0101 0301 0001 0303 0300 0003 0102 0201 0301 0400 0400 0304 0402 0003 0103 0404 0001 0102 0003 0103 0401 0003 0304 0003 0402 0401 0204 0200 0404 0203 0301 0203 0102 0404 0403 0204 0202 0202 0102 0102 0100 0302 0101 0403 0300 0003 0102 0101 0301 0401 0402 0304 0302 0302 0203 0101 0401 0403 0104 0103 0201 0203 0202 0100 0404 0101 0204 0202 0403 0202 0101 0203 0102 0004 0100 0204 0402 0403 0400 0104
93 , 0303 0302 0400 0403 0303 0403 0202 0104 0301 0403 0304 0404 0402 0404 0103 0001 0400 0302 0300 0101 0301 0200 0301 0103 0400 0402 0104 0302 0004 0202 0100 0203 0102 0004 0203 0103 0202 0402 0102 0303 0103 0302 0101 0303 0303 0303 0102 0201 0001 0400 0404 0104 0402 0400 0103 0404 0401 0102 0103 0103 0401 0203 0204 0103 0402 0301 0204 0301 0004 0200 0301 0203 0102 0404 0403 0204 0402 0202 0102 0102
94 , 0301 0102 0200 0203 0202 0103 0102 0302 0303 0103 0402 0300 0403 0403 0103 0401 0202 0301 0202 0103 0404 0202 0403 0303 0402 0304 0204 0100 0404 0103 0202 0204 0401 0404 0104 0402 0104 0302 0001 0301 0103 0002 0101 0003 0303 0303 0102 0201 0301 0400 0404 0304 0402 0402 0103 0304 0401 0102 0103 0103 0401 0203 0204 0103 0402 0401 0204 0202 0403 0203 0301 0303 0302 0404 0403 0204 0402 0202 0102 0002
95 , 0103 0300 0101 0303 0303 0303 0102 0201 0301 0403 0400 0104 0402 0400 0103 0404 0401 0102 0103 0103 0401 0200 0204 0103 0402 0301 0204 0301 0404 0203 0301 0200 0002 0404 0403 0204 0000 0200 0102 0002 0003 0302 0103 0203 0303 0403 0000 0100 0301 0403 0304 0404 0402 0404 0000 0102 0402 0300 0303 0101 0301 0203 0300 0103 0104 0000 0104 0303 0404 0102 0100 0203 0102 0404 0203 0103 0202 0402 0102 0003
96 , 0003 0302 0101 0300 0003 0303 0100 0204 0301 0401 0404 0304 0402 0403 0103 0404 0401 0402 0103 0201 0401 0203 0204 0103 0402 0400 0204 0202 0304 0203 0300 0203 0002 0404 0403 0004 0402 0202 0102 0002 0103 0302 0101 0300 0303 0003 0102 0204 0301 0401 0004 0304 0402 0403 0103 0404 0401 0400 0103 0201 0401 0203 0204 0103 0402 0401 0204 0202 0304 0203 0301 0203 0102 0004 0403 0204 0400 0200 0102 0102
97 , 0103 0302 0101 0303 0303 0303 0102 0201 0301 0001 0404 0304 0402 0403 0103 0000 0001 0101 0003 0103 0401 0203 0204 0103 0402 0401 0204 0202 0104 0000 0300 0003 0102 0404 0403 0200 0002 0202 0102 0102 0104 0302 0003 0202 0001 0103 0103 0404 0202 0200 0404 0304 0301 0103 0104 0000 0102 0401 0302 0101 0400 0204 0404 0003 0002 0403 0304 0101 0403 0103 0001 0204 0001 0404 0104 0402 0301 0202 0302 0301
98 , 0303 0302 0003 0403 0303 0403 0202 0104 0301 0403 0300 0400 0402 0400 0103 0002 0402 0402 0303 0100 0301 0200 0202 0103 0404 0402 0101 0300 0404 0202 0101 0203 0102 0400 0203 0100 0202 0402 0102 0303 0303 0002 0103 0403 0003 0303 0202 0004 0301 0403 0304 0404 0400 0404 0103 0100 0400 0002 0303 0101 0301 0203 0202 0103 0404 0402 0104 0302 0404 0202 0101 0000 0000 0404 0203 0103 0202 0002 0102 0303
99 , 0401 0001 0103 0404 0102 0404 0204 0203 0304 0202 0000 0104 0101 0103 0100 0301 0403 0403 0302 0003 0300 0200 0404 0202 0404 0104 0304 0304 0401 0403 0204 0201 0403 0402 0102 0200 0401 0102 0000 0203 0103 0302 0101 0302 0303 0303 0102 0204 0301 0401 0004 0304 0402 0403 0103 0404 0401 0402 0103 0201 0401 0003 0004 0103 0400 0401 0004 0202 0304 0203 0301 0203 0102 0404 0403 0004 0402 0202 0102 0100
100 , 0103 0302 0101 0302 0303 0303 0102 0204 0301 0400 0404 0300 0402 0400 0103 0404 0001 0402 0103 0001 0401 0203 0204 0003 0402 0401 0204 0202 0404 0203 0301 0200 0002 0404 0403 0204 0402 0202 0200 0102 0102 0002 0101 0403 0303 0403 0102 0100 0301 0401 0402 0004 0302 0300 0203 0101 0401 0403 0004 0103 0200 0203 0202 0103 0404 0101 0000 0202 0403 0202 0101 0203 0102 0404 0103 0204 0402 0403 0001 0104
101 , 0303 0402 0103 0403 0303 0403 0202 0104 0301 0003 0304 0404 0402 0400 0103 0002 0402 0402 0303 0101 0301 0200 0202 0003 0404 0402 0104 0302 0404 0202 0100 0203 0102 0404 0203 0103 0202 0402 0102 0003 0304 0102 0204 0203 0100 0103 0102 0302 0303 0403 0002 0304 0403 0403 0104 0401 0202 0403 0200 0103 0404 0202 0403 0303 0402 0304 0203 0404 0404 0101 0202 0204 0001 0404 0104 0002 0100 0102 0101 0301
102 , 0304 0202 0203 0202 0204 0004 0103 0202 0202 0202 0404 0304 0300 0400 0104 0401 0202 0401 0302 0101 0402 0203 0404 0303 0104 0403 0304 0101 0103 0202 0201 0300 0301 0404 0104 0400 0301 0202 0001 0301 0102 0001 0102 0403 0300 0403 0102 0101 0301 0401 0402 0304 0302 0302 0200 0101 0400 0403 0004 0103 0001 0003 0202 0100 0404 0102 0204 0202 0403 0202 0101 0203 0002 0404 0103 0204 0002 0403 0401 0104
103 , 0003 0302 0100 0403 0303 0403 0202 0104 0301 0403 0004 0404 0002 0404 0103 0102 0402 0002 0303 0101 0001 0203 0302 0103 0400 0402 0104 0302 0404 0102 0101 0200 0102 0404 0203 0103 0202 0402 0102 0303 0003 0302 0101 0302 0303 0303 0102 0204 0301 0401 0404 0304 0402 0003 0103 0400 0401 0400 0103 0101 0401 0203 0204 0003 0402 0401 0204 0202 0404 0203 0301 0003 0102 0404 0003 0200 0002 0202 0200 0102
104 , 0304 0102 0204 0200 0202 0103 0102 0302 0303 0103 0402 0304 0403 0403 0103 0401 0202 0401 0202 0103 0404 0202 0403 0304 0402 0004 0204 0104 0404 0101 0202 0204 0401 0400 0100 0402 0104 0302 0101 0301 0304 0102 0004 0203 0202 0003 0102 0302 0303 0103 0402 0304 0403 0403 0003 0401 0202 0401 0202 0103 0404 0202 0403 0303 0402 0103 0204 0100 0404 0103 0202 0204 0401 0404 0104 0400 0100 0302 0101 0301
105 , 0104 0302 0203 0202 0201 0103 0103 0402 0202 0202 0404 0304 0300 0103 0104 0401 0200 0402 0302 0001 0403 0203 0404 0203 0102 0403 0304 0101 0403 0203 0201 0204 0300 0404 0100 0003 0301 0202 0300 0301 0103 0302 0101 0302 0003 0303 0102 0204 0301 0401 0400 0304 0400 0403 0103 0404 0400 0002 0103 0201 0000 0203 0204 0103 0402 0401 0204 0202 0304 0203 0301 0203 0102 0004 0403 0204 0402 0202 0102 0102
106 , 0103 0302 0101 0302 0303 0303 0002 0204 0301 0400 0404 0304 0402 0403 0103 0404 0401 0402 0103 0201 0400 0203 0204 0103 0402 0401 0204 0202 0304 0203 0301 0003 0100 0400 0403 0004 0402 0202 0102 0100 0104 0302 0101 0403 0003 0403 0102 0101 0301 0401 0404 0004 0302 0302 0203 0101 0402 0402 0103 0103 0204 0203 0202 0103 0404 0101 0204 0202 0400 0002 0101 0200 0102 0404 0103 0204 0002 0403 0401 0000
107 , 0304 0202 0200 0002 0200 0101 0103 0402 0202 0202 0404 0304 0301 0403 0104 0401 0202 0400 0302 0101 0402 0003 0400 0303 0004 0003 0104 0101 0101 0202 0001 0201 0301 0404 0104 0402 0301 0202 0301 0301 0303 0302 0103 0403 0303 0103 0202 0104 0301 0003 0304 0004 0402 0404 0103 0102 0402 0402 0003 0101 0301 0203 0202 0103 0400 0402 0100 0302 0404 0202 0101 0200 0102 0400 0200 0103 0002 0402 0102 0303
108 , 0401 0101 0103 0403 0000 0404 0204 0203 0304 0202 0001 0004 0101 0103 0103 0301 0403 0403 0302 0303 0301 0201 0403 0202 0404 0102 0304 0304 0400 0403 0204 0201 0403 0402 0100 0202 0401 0102 0001 0203 0400 0104 0103 0403 0102 0404 0201 0203 0304 0202 0201 0204 0101 0000 0103 0301 0403 0400 0302 0303 0301 0201 0403 0202 0404 0102 0304 0304 0401 0403 0004 0201 0403 0402 0102 0200 0001 0102 0001 0203
109 , 0102 0301 0102 0403 0303 0403 0102 0101 0300 0401 0402 0304 0002 0302 0203 0101 0401 0403 0100 0103 0201 0203 0202 0103 0404 0101 0204 0002 0403 0202 0101 0203 0102 0404 0103 0204 0402 0403 0400 0104 0304 0102 0200 0203 0202 0103 0102 0302 0303 0103 0402 0304 0403 0403 0103 0401 0202 0401 0204 0103 0404 0202 0403 0300 0202 0304 0200 0104 0404 0101 0202 0204 0400 0004 0104 0402 0104 0302 0001 0301
110 , 0102 0302 0101 0403 0003 0403 0102 0101 0301 0401 0402 0304 0302 0302 0203 0101 0401 0403 0100 0100 0201 0200 0202 0103 0404 0101 0200 0202 0403 0202 0101 0203 0102 0404 0100 0204 0400 0403 0401 0004 0304 0202 0203 0202 0204 0004 0103 0202 0202 0202 0404 0304 0301 0403 0104 0401 0202 0401 0302 0101 0400 0203 0404 0303 0104 0403 0304 0101 0103 0202 0201 0304 0300 0404 0104 0002 0001 0202 0001 0001
111 , 0401 0101 0103 0403 0102 0000 0304 0203 0304 0202 0200 0200 0401 0003 0103 0300 0403 0403 0002 0303 0300 0201 0404 0204 0404 0102 0304 0300 0401 0000 0204 0201 0003 0402 0102 0202 0401 0102 0101 0203 0303 0302 0003 0003 0303 0400 0202 0104 0301 0403 0304 0004 0402 0401 0103 0102 0400 0402 0303 0100 0301 0203 0202 0103 0404 0402 0104 0302 0404 0202 0101 0203 0102 0004 0203 0103 0202 0402 0102 0300
112 , 0103 0302 0100 0302 0303 0303 0102 0204 0301 0401 0400 0304 0402 0403 0103 0404 0401 0402 0103 0201 0401 0203 0204 0103 0402 0001 0204 0200 0304 0203 0301 0203 0102 0404 0003 0204 0402 0202 0102 0102 0102 0302 0200 0202 0001 0103 0101 0002 0202 0202 0404 0304 0301 0403 0304 0401 0202 0401 0302 0101 0403 0203 0404 0300 0102 0403 0304 0101 0403 0203 0001 0200 0301 0404 0404 0402 0301 0202 0000 0301
113 , 0102 0002 0203 0202 0201 0103 0101 0402 0002 0202 0400 0304 0301 0403 0304 0401 0202 0401 0302 0101 0403 0203 0404 0303 0100 0403 0304 0101 0400 0203 0201 0204 0301 0404 0404 0400 0301 0202 0302 0301 0304 0102 0204 0203 0100 0100 0102 0302 0303 0403 0402 0304 0403 0403 0104 0401 0202 0403 0202 0103 0404 0200 0403 0003 0000 0304 0203 0404 0404 0101 0202 0204 0201 0404 0101 0402 0104 0402 0101 0301
114 , 0304 0102 0204 0203 0202 0103 0102 0302 0303 0103 0402 0304 0403 0403 0100 0401 0200 0401 0202 0103 0404 0202 0400 0303 0402 0304 0004 0000 0404 0100 0002 0204 0401 0404 0300 0402 0104 0302 0101 0301 0104 0302 0101 0403 0003 0403 0100 0101 0301 0401 0404 0304 0302 0302 0203 0001 0002 0402 0100 0103 0204 0203 0202 0104 0404 0101 0204 0202 0403 0202 0101 0200 0102 0404 0103 0204 0402 0403 0401 0104
115 , 0303 0302 0103 0403 0303 0403 0002 0104 0201 0403 0304 0404 0402 0404 0102 0102 0402 0302 0303 0101 0301 0203 0302 0103 0404 0002 0104 0302 0404 0101 0001 0203 0102 0400 0200 0103 0202 0302 0100 0303 0303 0302 0100 0403 0303 0403 0202 0404 0301 0403 0304 0404 0402 0404 0103 0102 0400 0302 0303 0101 0301 0203 0002 0002 0404 0402 0104 0302 0404 0102 0100 0003 0102 0004 0203 0003 0202 0402 0102 0303
116 , 0004 0100 0200 0203 0102 0103 0102 0002 0303 0403 0402 0304 0403 0403 0104 0401 0202 0403 0202 0103 0404 0000 0403 0000 0402 0304 0203 0404 0404 0101 0202 0204 0200 0404 0101 0002 0104 0402 0101 0301 0301 0102 0204 0203 0200 0103 0102 0302 0403 0103 0402 0304 0403 0400 0103 0401 0202 0401 0202 0103 0404 0201 0403 0303 0102 0304 0204 0104 0404 0101 0202 0204 0401 0404 0104 0402 0104 0002 0101 0001
117 , 0103 0302 0101 0303 0303 0303 0002 0201 0301 0400 0404 0304 0402 0403 0103 0403 0201 0102 0103 0003 0401 0203 0204 0103 0402 0401 0204 0202 0404 0203 0301 0203 0002 0404 0403 0204 0402 0202 0102 0100 0303 0302 0103 0403 0303 0403 0202 0004 0301 0403 0304 0404 0402 0404 0103 0102 0402 0300 0303 0101 0301 0203 0302 0103 0404 0002 0100 0302 0004 0102 0101 0003 0102 0404 0003 0100 0202 0402 0102 0303
118 , 0301 0102 0204 0203 0202 0103 0102 0302 0303 0100 0400 0304 0403 0403 0100 0401 0202 0301 0202 0103 0404 0202 0403 0303 0402 0300 0204 0104 0404 0103 0002 0200 0401 0404 0104 0402 0104 0302 0101 0301 0401 0101 0103 0103 0100 0004 0204 0203 0304 0202 0201 0404 0401 0103 0103 0301 0403 0103 0002 0003 0401 0201 0404 0202 0404 0102 0304 0304 0401 0402 0304 0202 0403 0402 0002 0202 0401 0202 0401 0303
119 , 0303 0302 0103 0203 0300 0403 0203 0104 0301 0403 0304 0404 0402 0404 0103 0102 0402 0302 0300 0101 0301 0203 0302 0100 0104 0402 0104 0303 0404 0100 0100 0203 0100 0404 0203 0103 0202 0402 0100 0300 0303 0302 0103 0403 0303 0403 0202 0104 0301 0403 0304 0404 0402 0401 0103 0102 0402 0402 0003 0101 0301 0203 0202 0103 0404 0402 0004 0302 0404 0202 0101 0203 0100 0404 0203 0103 0202 0402 0102 0303
120 , 0300 0302 0100 0403 0303 0003 0202 0100 0301 0003 0304 0004 0402 0402 0103 0102 0402 0302 0303 0101 0301 0003 0302 0103 0404 0402 0104 0002 0400 0102 0101 0203 0102 0404 0203 0103 0202 0402 0102 0303 0401 0101 0000 0404 0102 0404 0204 0003 0304 0202 0201 0104 0101 0103 0103 0000 0403 0403 0302 0303 0301 0001 0404 0200 0404 0104 0304 0304 0401 0003 0204 0201 0403 0002 0102 0202 0001 0102 0101 0003
121 , 0304 0102 0204 0203 0202 0103 0102 0302 0303 0003 0402 0304 0403 0403 0103 0000 0002 0401 0202 0100 0404 0202 0403 0304 0400 0304 0204 0104 0404 0001 0200 0204 0401 0404 0004 0402 0004 0302 0100 0300 0103 0302 0101 0300 0303 0303 0102 0201 0301 0401 0400 0304 0402 0400 0103 0403 0201 0102 0103 0103 0401 0203 0204 0103 0402 0401 0204 0202 0000 0203 0001 0203 0102 0400 0403 0204 0000 0202 0102 0102
122 , 0104 0302 0203 0202 0201 0100 0103 0402 0202 0002 0004 0304 0001 0103 0104 0401 0200 0402 0302 0101 0403 0203 0404 0003 0100 0403 0304 0101 0400 0203 0201 0204 0300 0404 0102 0403 0301 0000 0302 0301 0103 0002 0101 0303 0303 0303 0102 0201 0301 0401 0404 0304 0402 0003 0104 0404 0401 0102 0004 0103 0401 0203 0204 0400 0002 0401 0200 0202 0404 0203 0301 0203 0102 0404 0103 0200 0402 0202 0102 0102
123 , 0000 0300 0101 0403 0303 0403 0102 0101 0301 0401 0404 0304 0300 0302 0203 0101 0002 0402 0103 0103 0204 0203 0202 0103 0404 0100 0200 0202 0303 0202 0100 0203 0002 0004 0303 0204 0402 0403 0401 0104 0103 0302 0101 0302 0303 0303 0102 0204 0301 0401 0404 0004 0402 0003 0103 0404 0401 0402 0100 0001 0401 0203 0204 0103 0402 0401 0204 0002 0304 0203 0301 0200 0102 0404 0403 0004 0402 0202 0102 0102
124 , 0304 0102 0204 0200 0202 0403 0102 0302 0300 0103 0402 0300 0403 0403 0103 0401 0202 0401 0204 0100 0404 0202 0403 0300 0402 0304 0204 0104 0404 0101 0202 0204 0400 0400 0104 0402 0104 0302 0101 0301 0104 0402 0101 0403 0303 0403 0102 0101 0301 0401 0404 0300 0302 0402 0203 0101 0401 0402 0103 0200 0201 0203 0202 0103 0401 0101 0200 0202 0403 0402 0101 0203 0100 0404 0103 0104 0402 0401 0401 0104
125 , 0304 0102 0204 0203 0202 0103 0102 0302 0303 0103 0402 0304 0403 0403 0103 0401 0202 0401 0204 0103 0404 0202 0403 0303 0202 0304 0204 0104 0404 0101 0202 0204 0400 0400 0104 0402 0104 0302 0101 0301 0100 0302 0101 0303 0303 0303 0102 0200 0301 0403 0404 0304 0402 0403 0103 0404 0401 0102 0403 0103 0401 0203 0204 0103 0402 0401 0204 0202 0404 0203 0300 0203 0102 0404 0403 0204 0201 0202 0102 0102
126 , 0103 0302 0101 0300 0303 0303 0102 0204 0300 0400 0404 0304 0002 0403 0103 0404 0401 0402 0103 0101 0401 0203 0204 0103 0402 0401 0204 0202 0404 0200 0301 0203 0100 0404 0403 0204 0402 0202 0202 0100 0304 0102 0204 0203 0202 0103 0102 0302 0303 0103 0402 0304 0403 0403 0103 0401 0202 0401 0202 0103 0404 0202 0400 0304 0002 0304 0204 0104 0404 0101 0202 0204 0400 0404 0104 0402 0104 0302 0101 0301
127 , 0102 0301 0102 0403 0303 0403 0102 0100 0301 0401 0400 0304 0302 0302 0200 0101 0401 0403 0004 0103 0201 0203 0200 0103 0404 0101 0204 0202 0403 0002 0101 0200 0102 0404 0103 0204 0402 0403 0401 0104 0304 0301 0203 0202 0001 0101 0103 0102 0200 0202 0404 0004 0301 0401 0104 0401 0202 0401 0402 0104 0403 0303 0404 0300 0203 0403 0304 0101 0403 0402 0001 0204 0101 0404 0304 0402 0301 0202 0001 0301
128 , 0300 0100 0204 0203 0202 0103 0102 0302 0003 0103 0402 0304 0403 0003 0103 0401 0202 0401 0200 0003 0404 0202 0403 0303 0402 0300 0204 0104 0404 0103 0202 0204 0401 0400 0304 0402 0100 0302 0101 0300 0303 0302 0103 0403 0303 0403 0202 0104 0301 0400 0304 0404 0402 0304 0004 0102 0400 0302 0003 0101 0304 0203 0300 0100 0404 0402 0104 0302 0404 0202 0201 0203 0102 0404 0003 0003 0203 0402 0100 0303
129 , 0103 0300 0001 0303 0303 0303 0102 0201 0000 0401 0404 0300 0402 0003 0104 0404 0401 0002 0104 0103 0401 0200 0004 0103 0402 0401 0204 0000 0404 0203 0301 0200 0102 0404 0100 0200 0402 0202 0102 0102 0004 0302 0101 0403 0303 0400 0003 0100 0301 0401 0404 0304 0302 0302 0003 0101 0402 0402 0103 0103 0204 0003 0202 0004 0404 0101 0204 0202 0003 0202 0101 0201 0102 0404 0103 0204 0002 0403 0401 0104
130 , 0104 0002 0203 0200 0201 0103 0003 0400 0202 0202 0404 0304 0301 0103 0104 0401 0200 0001 0302 0101 0003 0303 0404 0303 0101 0400 0304 0101 0403 0103 0201 0200 0301 0004 0104 0402 0301 0202 0302 0301 0304 0102 0004 0003 0202 0003 0102 0302 0303 0103 0402 0304 0403 0403 0103 0400 0202 0401 0202 0100 0404 0202 0003 0303 0402 0004 0204 0104 0404 0103 0200 0204 0401 0404 0304 0402 0000 0302 0101 0301
131 , 0304 0102 0204 0203 0202 0103 0102 0302 0303 0103 0402 0304 0403 0403 0103 0401 0202 0401 0202 0100 0404 0202 0403 0303 0402 0103 0204 0104 0404 0103 0202 0204 0401 0404 0104 0402 0104 0002 0101 0001 0103 0302 0101 0302 0303 0303 0102 0204 0301 0401 0404 0304 0402 0403 0103 0404 0401 0402 0100 0201 0001 0203 0204 0103 0402 0401 0004 0202 0304 0203 0001 0203 0102 0404 0403 0204 0002 0202 0102 0102
132 , 0103 0302 0101 0302 0003 0303 0002 0200 0301 0401 0404 0300 0402 0000 0103 0404 0401 0402 0103 0101 0401 0203 0204 0003 0002 0401 0204 0202 0004 0203 0301 0203 0102 0004 0403 0204 0402 0202 0200 0102 0103 0302 0101 0302 0303 0303 0102 0204 0301 0401 0404 0304 0402 0403 0103 0400 0400 0402 0103 0201 0401 0203 0204 0103 0402 0401 0204 0202 0304 0203 0301 0203 0102 0404 0000 0004 0402 0000 0102 0102
133 , 0303 0002 0003 0403 0303 0403 0200 0004 0001 0403 0304 0404 0002 0404 0103 0102 0402 0302 0303 0001 0301 0203 0302 0103 0404 0402 0104 0302 0404 0100 0101 0203 0102 0404 0203 0100 0002 0402 0102 0003 0303 0302 0103 0403 0303 0400 0200 0104 0301 0403 0304 0404 0402 0001 0103 0002 0402 0402 0303 0100 0301 0203 0402 0103 0404 0402 0104 0302 0404 0202 0101 0203 0102 0404 0203 0103 0202 0402 0102 0303
134 , 0104 0002 0101 0403 0303 0403 0102 0001 0301 0401 0404 0304 0302 0302 0203 0101 0002 0402 0003 0103 0204 0203 0202 0103 0404 0101 0004 0202 0403 0202 0101 0203 0000 0000 0303 0204 0402 0403 0401 0104 0002 0302 0100 0400 0303 0403 0102 0101 0301 0401 0402 0304 0302 0302 0203 0101 0401 0403 0104 0103 0201 0203 0202 0103 0404 0101 0204 0200 0403 0202 0101 0203 0102 0404 0003 0204 0402 0403 0301 0104
135 , 0303 0302 0103 0403 0303 0400 0202 0104 0301 0403 0304 0404 0402 0404 0100 0100 0402 0302 0303 0101 0301 0203 0302 0103 0400 0002 0104 0302 0404 0102 0101 0200 0102 0404 0203 0103 0202 0402 0100 0303 0304 0102 0204 0203 0202 0003 0102 0302 0303 0003 0002 0304 0403 0403 0103 0401 0200 0401 0202 0103 0404 0200 0403 0303 0402 0304 0204 0104 0400 0103 0202 0200 0400 0404 0100 0402 0104 0302 0101 0301
136 , 0303 0302 0103 0400 0303 0103 0002 0104 0301 0403 0304 0404 0402 0404 0003 0102 0402 0402 0303 0101 0301 0203 0002 0103 0404 0402 0104 0302 0004 0202 0101 0203 0102 0404 0203 0103 0202 0400 0102 0303 0102 0000 0101 0403 0300 0403 0100 0100 0001 0401 0402 0300 0302 0302 0203 0101 0401 0403 0104 0103 0201 0203 0202 0103 0404 0101 0204 0202 0403 0202 0101 0200 0102 0404 0103 0204 0002 0400 0401 0104
137 , 0303 0302 0103 0403 0300 0403 0200 0404 0001 0403 0304 0004 0002 0404 0103 0102 0402 0302 0303 0101 0301 0203 0302 0102 0404 0402 0104 0302 0404 0102 0101 0203 0102 0404 0003 0103 0202 0402 0102 0303 0103 0302 0101 0303 0003 0303 0002 0200 0301 0401 0404 0304 0402 0400 0103 0304 0401 0102 0103 0103 0401 0003 0204 0103 0402 0001 0204 0202 0403 0203 0301 0303 0300 0404 0403 0204 0402 0200 0002 0102
138 , 0103 0002 0101 0000 0303 0003 0002 0204 0301 0401 0404 0304 0402 0403 0103 0404 0401 0002 0103 0001 0401 0203 0204 0103 0402 0401 0200 0202 0300 0200 0300 0200 0102 0404 0400 0204 0402 0002 0102 0102 0104 0302 0203 0202 0201 0103 0103 0402 0202 0202 0404 0304 0301 0103 0104 0401 0202 0001 0302 0101 0403 0203 0404 0303 0101 0403 0300 0100 0003 0003 0200 0004 0301 0404 0004 0000 0301 0202 0300 0301
139 , 0303 0302 0103 0403 0303 0403 0202 0104 0301 0403 0304 0404 0402 0404 0103 0100 0002 0302 0303 0001 0301 0203 0302 0103 0404 0402 0104 0302 0404 0002 0101 0203 0102 0004 0203 0103 0202 0002 0102 0303 0303 0002 0103 0400 0303 0403 0202 0104 0301 0403 0304 0404 0402 0404 0103 0101 0402 0302 0303 0101 0301 0203 0001 0100 0404 0402 0104 0302 0404 0202 0101 0203 0002 0404 0203 0103 0200 0402 0102 0303
140 , 0401 0101 0003 0403 0102 0404 0204 0203 0304 0202 0200 0204 0101 0103 0103 0301 0400 0400 0300 0303 0001 0201 0104 0202 0404 0104 0004 0304 0401 0403 0004 0201 0403 0402 0102 0202 0401 0102 0101 0203 0104 0402 0101 0403 0303 0403 0100 0101 0301 0401 0404 0300 0302 0002 0203 0101 0401 0402 0103 0003 0201 0203 0202 0103 0001 0101 0204 0202 0403 0402 0101 0203 0002 0404 0103 0104 0402 0402 0001 0104
141 , 0304 0102 0204 0203 0202 0103 0102 0300 0303 0103 0402 0304 0403 0403 0403 0001 0202 0400 0002 0103 0404 0202 0403 0304 0402 0304 0204 0104 0404 0101 0202 0204 0401 0404 0104 0402 0104 0302 0100 0301 0401 0104 0103 0403 0102 0404 0201 0203 0304 0202 0201 0204 0101 0103 0103 0301 0403 0403 0302 0303 0301 0201 0403 0202 0404 0102 0304 0304 0401 0403 0200 0201 0403 0402 0102 0202 0401 0102 0101 0203
142 , 0303 0302 0103 0403 0303 0403 0000 0104 0301 0400 0304 0404 0402 0401 0103 0102 0402 0402 0300 0101 0301 0203 0400 0103 0404 0400 0104 0302 0404 0202 0101 0203 0100 0404 0203 0100 0202 0402 0002 0303 0102 0302 0101 0403 0303 0403 0102 0101 0301 0401 0402 0304 0000 0300 0203 0101 0401 0400 0104 0103 0201 0203 0202 0103 0404 0101 0004 0202 0403 0002 0101 0203 0002 0404 0103 0204 0402 0403 0401 0104
143 , 0401 0101 0103 0403 0102 0404 0204 0203 0304 0202 0201 0204 0001 0403 0103 0301 0403 0403 0302 0303 0303 0200 0400 0200 0404 0002 0304 0304 0401 0401 0200 0200 0403 0402 0102 0202 0401 0102 0101 0203 0401 0101 0003 0403 0102 0400 0200 0203 0304 0202 0201 0204 0101 0100 0103 0301 0400 0403 0302 0303 0301 0201 0104 0202 0004 0100 0304 0304 0401 0403 0204 0200 0403 0400 0102 0202 0401 0000 0101 0203
144 , 0103 0302 0101 0302 0000 0303 0102 0004 0301 0401 0404 0301 0402 0403 0103 0404 0401 0402 0103 0201 0401 0203 0204 0103 0402 0401 0204 0202 0304 0204 0001 0200 0102 0404 0403 0204 0402 0202 0102 0100 0401 0101 0103 0003 0102 0404 0204 0203 0304 0202 0201 0204 0101 0403 0103 0001 0403 0403 0302 0303 0303 0001 0404 0204 0404 0102 0004 0304 0401 0401 0204 0201 0403 0002 0102 0200 0401 0102 0101 0203
145 , 0103 0302 0101 0002 0303 0303 0100 0004 0301 0401 0404 0304 0402 0403 0103 0400 0400 0402 0103 0101 0401 0203 0004 0103 0402 0401 0204 0202 0404 0203 0301 0203 0102 0404 0403 0204 0402 0202 0202 0100 0103 0302 0100 0302 0303 0303 0002 0204 0001 0001 0404 0004 0402 0403 0103 0404 0401 0400 0103 0201 0401 0203 0204 0103 0402 0401 0204 0002 0304 0203 0301 0203 0100 0404 0403 0204 0000 0202 0102 0102
146 , 0304 0202 0201 0200 0204 0104 0103 0202 0202 0202 0404 0304 0301 0403 0104 0401 0202 0001 0302 0100 0402 0203 0404 0303 0104 0003 0300 0101 0103 0202 0201 0204 0301 0404 0104 0400 0301 0202 0300 0001 0401 0001 0103 0404 0102 0400 0204 0203 0304 0202 0201 0104 0101 0100 0103 0301 0403 0403 0302 0003 0301 0200 0404 0202 0404 0104 0304 0304 0401 0403 0204 0201 0003 0402 0002 0204 0401 0102 0101 0200
147 , 0304 0102 0004 0003 0102 0103 0002 0302 0303 0403 0402 0304 0403 0403 0104 0401 0200 0403 0202 0103 0004 0202 0403 0303 0402 0304 0003 0404 0404 0101 0202 0204 0201 0400 0001 0402 0104 0402 0100 0301 0303 0400 0103 0403 0303 0403 0202 0104 0301 0403 0304 0404 0402 0204 0003 0102 0402 0401 0303 0001 0301 0203 0202 0103 0404 0402 0104 0302 0404 0202 0100 0203 0102 0404 0203 0103 0202 0402 0102 0303
148 , 0304 0102 0204 0203 0202 0100 0102 0002 0300 0103 0402 0304 0403 0403 0103 0401 0202 0401 0202 0003 0404 0202 0003 0303 0400 0304 0204 0104 0004 0103 0002 0204 0401 0404 0104 0402 0104 0302 0101 0301 0102 0301 0102 0403 0003 0403 0102 0101 0301 0401 0402 0304 0002 0302 0203 0001 0401 0403 0004 0103 0201 0203 0202 0103 0404 0101 0204 0202 0403 0002 0101 0003 0102 0404 0103 0204 0400 0403 0401 0104
149 , 0304 0202 0201 0202 0204 0104 0103 0202 0202 0200 0404 0000 0301 0403 0004 0401 0202 0401 0302 0001 0402 0203 0404 0303 0100 0403 0304 0101 0003 0202 0201 0204 0301 0404 0104 0402 0001 0202 0301 0301 0301 0102 0204 0003 0002 0100 0100 0302 0003 0103 0402 0304 0403 0403 0103 0401 0202 0000 0202 0103 0404 0202 0403 0303 0102 0304 0204 0004 0404 0101 0201 0204 0401 0404 0104 0402 0004 0002 0101 0301
150 , 0103 0302 0001 0303 0303 0300 0102 0201 0001 0401 0404 0304 0402 0403 0103 0400 0001 0101 0103 0103 0401 0203 0004 0103 0402 0401 0204 0202 0100 0203 0301 0203 0102 0404 0403 0204 0402 0200 0100 0102 0302 0302 0203 0202 0201 0103 0103 0202 0202 0200 0404 0304 0301 0403 0100 0401 0202 0401 0302 0403 0403 0003 0404 0303 0100 0403 0304 0104 0203 0202 0301 0204 0301 0404 0100 0400 0301 0204 0301 0303
151 , 0304 0202 0203 0202 0204 0104 0103 0202 0202 0200 0404 0304 0301 0403 0104 0401 0202 0403 0300 0001 0402 0203 0404 0303 0104 0403 0304 0101 0103 0202 0201 0204 0301 0004 0104 0402 0301 0202 0301 0301 0304 0102 0204 0203 0202 0103 0102 0302 0303 0103 0402 0304 0403 0403 0103 0401 0202 0401 0004 0103 0404 0202 0403 0303 0402 0304 0004 0104 0404 0101 0202 0204 0401 0404 0104 0402 0100 0302 0101 0001
152 , 0103 0302 0100 0303 0303 0303 0102 0201 0300 0003 0404 0304 0402 0403 0103 0404 0401 0102 0103 0100 0401 0203 0204 0100 0402 0401 0204 0201 0400 0203 0300 0203 0102 0404 0403 0204 0402 0202 0102 0102 0103 0302 0101 0302 0303 0303 0102 0204 0301 0401 0404 0304 0402 0403 0103 0400 0401 0002 0003 0101 0400 0203 0204 0103 0402 0400 0204 0202 0004 0200 0401 0203 0100 0404 0403 0200 0402 0202 0102 0102
153 , 0304 0002 0003 0202 0204 0101 0103 0402 0002 0202 0404 0304 0301 0400 0100 0401 0202 0401 0302 0101 0402 0203 0000 0300 0104 0403 0104 0101 0101 0202 0400 0200 0301 0404 0104 0402 0300 0202 0301 0301 0304 0200 0201 0202 0204 0000 0103 0202 0202 0202 0404 0304 0301 0403 0104 0401 0202 0401 0302 0101 0402 0203 0404 0303 0104 0403 0304 0101 0103 0202 0201 0004 0001 0404 0104 0402 0301 0202 0301 0301
154 , 0401 0101 0100 0403 0102 0404 0200 0203 0304 0202 0201 0004 0401 0403 0103 0301 0403 0403 0302 0303 0003 0201 0404 0004 0404 0102 0304 0304 0400 0401 0204 0201 0403 0402 0102 0202 0001 0102 0101 0203 0101 0300 0101 0303 0300 0303 0102 0200 0301 0403 0404 0304 0402 0000 0103 0004 0401 0102 0403 0103 0401 0203 0204 0100 0402 0001 0204 0202 0404 0203 0301 0203 0102 0404 0003 0004 0202 0000 0102 0000
155 , 0303 0300 0103 0003 0003 0403 0202 0104 0301 0403 0004 0404 0402 0404 0103 0002 0402 0302 0300 0100 0301 0203 0302 0103 0404 0402 0104 0302 0404 0102 0101 0203 0102 0404 0203 0000 0202 0402 0102 0003 0003 0002 0103 0403 0003 0403 0202 0104 0301 0403 0002 0400 0402 0404 0103 0102 0402 0402 0303 0101 0301 0203 0202 0103 0404 0402 0104 0002 0404 0002 0101 0203 0102 0404 0203 0103 0202 0402 0102 0303
156 , 0100 0002 0203 0202 0201 0103 0100 0402 0202 0202 0004 0304 0301 0103 0104 0401 0203 0400 0302 0101 0400 0203 0404 0200 0202 0003 0304 0101 0403 0203 0201 0204 0301 0404 0100 0403 0301 0202 0302 0300 0304 0102 0204 0203 0002 0103 0002 0302 0303 0103 0402 0304 0403 0403 0103 0401 0202 0401 0202 0103 0404 0202 0403 0304 0402 0304 0004 0104 0404 0001 0002 0204 0001 0404 0104 0400 0104 0302 0101 0301
157 , 0303 0302 0103 0003 0303 0403 0202 0100 0301 0003 0300 0404 0402 0401 0103 0102 0402 0402 0303 0101 0000 0203 0402 0103 0004 0401 0104 0302 0404 0202 0101 0203 0102 0404 0203 0103 0202 0402 0102 0303 0104 0302 0203 0202 0201 0103 0103 0402 0202 0200 0404 0304 0301 0103 0104 0401 0202 0401 0302 0101 0403 0203 0404 0303 0101 0403 0004 0101 0403 0103 0201 0204 0301 0404 0104 0402 0301 0202 0302 0301
158 , 0304 0102 0004 0203 0202 0003 0102 0302 0303 0103 0402 0304 0403 0403 0103 0401 0202 0401 0202 0003 0404 0200 0403 0303 0402 0103 0204 0104 0404 0100 0202 0204 0401 0404 0004 0402 0104 0302 0101 0301 0001 0101 0103 0403 0104 0404 0204 0203 0304 0202 0204 0204 0101 0100 0103 0301 0003 0403 0000 0303 0301 0201 0404 0202 0404 0102 0304 0304 0401 0403 0204 0201 0203 0402 0102 0202 0401 0102 0101 0203
159 , 0104 0302 0203 0202 0201 0100 0103 0400 0202 0202 0404 0304 0301 0103 0104 0401 0101 0401 0302 0001 0403 0203 0004 0303 0102 0403 0304 0101 0403 0103 0200 0204 0301 0004 0104 0402 0300 0302 0302 0301 0103 0002 0101 0002 0303 0303 0102 0204 0301 0401 0404 0304 0402 0403 0103 0404 0401 0002 0103 0201 0401 0203 0204 0103 0402 0401 0204 0202 0300 0203 0301 0203 0100 0400 0403 0204 0402 0202 0102 0102
160 , 0103 0302 0101 0302 0303 0303 0102 0204 0301 0401 0000 0304 0402 0403 0101 0404 0401 0402 0103 0201 0401 0203 0104 0103 0402 0400 0204 0202 0304 0203 0001 0200 0102 0404 0403 0004 0402 0202 0102 0002 0104 0302 0101 0403 0303 0403 0102 0001 0001 0401 0404 0304 0302 0302 0000 0101 0402 0402 0103 0103 0204 0200 0202 0103 0404 0101 0204 0202 0403 0202 0101 0203 0102 0000 0003 0204 0402 0400 0401 0104
161 , 0103 0302 0101 0300 0303 0303 0102 0204 0301 0401 0404 0304 0002 0403 0103 0404 0401 0400 0103 0201 0401 0203 0204 0103 0400 0401 0204 0200 0304 0203 0300 0203 0102 0404 0403 0204 0402 0202 0102 0102 0103 0302 0101 0303 0303 0303 0102 0201 0301 0401 0404 0304 0402 0403 0004 0400 0400 0102 0104 0103 0001 0203 0204 0103 0402 0401 0204 0200 0404 0203 0301 0203 0102 0400 0103 0204 0402 0200 0102 0102
162 , 0103 0300 0101 0302 0303 0300 0102 0204 0300 0400 0404 0300 0402 0003 0100 0404 0401 0402 0103 0201 0401 0200 0200 0003 0002 0401 0204 0202 0304 0203 0301 0203 0102 0404 0403 0204 0400 0202 0100 0102 0103 0002 0001 0302 0303 0303 0102 0204 0301 0401 0404 0300 0402 0403 0103 0404 0401 0400 0103 0201 0401 0200 0204 0103 0402 0401 0204 0202 0304 0000 0304 0203 0102 0404 0403 0004 0402 0202 0102 0102
163 , 0104 0302 0203 0204 0201 0103 0103 0102 0402 0302 0404 0304 0301 0403 0104 0401 0202 0401 0302 0101 0403 0203 0404 0303 0102 0403 0304 0101 0203 0202 0201 0204 0101 0402 0104 0402 0301 0202 0301 0004 0304 0102 0204 0203 0202 0103 0002 0002 0303 0103 0402 0304 0003 0400 0003 0401 0202 0401 0202 0103 0404 0202 0403 0300 0402 0304 0204 0404 0400 0001 0202 0204 0401 0404 0104 0400 0104 0302 0101 0300
164 , 0100 0302 0203 0200 0001 0103 0103 0402 0202 0002 0404 0304 0301 0000 0304 0401 0202 0401 0302 0101 0403 0203 0404 0303 0100 0403 0304 0101 0403 0003 0201 0204 0301 0404 0104 0402 0301 0202 0302 0301 0104 0302 0203 0202 0201 0103 0103 0402 0202 0202 0004 0304 0301 0003 0104 0401 0202 0401 0302 0101 0403 0203 0004 0203 0101 0403 0304 0001 0403 0100 0201 0204 0301 0404 0104 0402 0301 0202 0302 0301
165 , 0103 0302 0101 0002 0303 0303 0102 0204 0301 0400 0400 0304 0402 0403 0103 0404 0401 0402 0103 0101 0401 0203 0204 0103 0402 0001 0204 0202 0404 0003 0301 0203 0102 0404 0403 0204 0402 0202 0202 0102 0104 0302 0200 0202 0201 0103 0103 0402 0202 0202 0404 0304 0301 0100 0100 0400 0202 0401 0302 0001 0403 0203 0404 0303 0101 0403 0304 0101 0003 0103 0201 0204 0301 0404 0004 0402 0301 0202 0302 0301
166 , 0300 0302 0103 0403 0303 0403 0200 0104 0301 0003 0304 0404 0400 0401 0103 0102 0402 0402 0303 0101 0301 0203 0402 0103 0004 0401 0004 0302 0404 0202 0101 0203 0100 0404 0203 0103 0202 0402 0002 0003 0401 0101 0103 0403 0102 0404 0204 0203 0304 0202 0201 0004 0401 0400 0103 0301 0403 0403 0002 0303 0303 0201 0404 0004 0404 0002 0304 0304 0401 0001 0204 0201 0403 0402 0102 0200 0401 0102 0101 0203
167 , 0103 0302 0101 0303 0303 0003 0100 0201 0301 0401 0400 0304 0400 0403 0104 0404 0401 0102 0104 0003 0001 0203 0004 0403 0402 0401 0204 0200 0004 0203 0301 0203 0102 0404 0103 0204 0402 0202 0102 0102 0401 0101 0103 0103 0102 0404 0204 0203 0304 0402 0201 0404 0201 0101 0103 0301 0403 0403 0302 0302 0301 0201 0404 0202 0100 0102 0004 0304 0404 0002 0304 0004 0403 0002 0102 0202 0401 0102 0101 0003
168 , 0300 0302 0100 0403 0303 0403 0202 0104 0301 0403 0304 0404 0402 0001 0103 0102 0402 0002 0303 0101 0301 0203 0202 0003 0404 0402 0104 0302 0404 0202 0100 0203 0102 0404 0203 0100 0202 0402 0102 0303 0304 0202 0203 0202 0004 0104 0103 0202 0202 0202 0404 0304 0301 0403 0104 0401 0202 0403 0302 0101 0402 0200 0404 0303 0100 0403 0304 0100 0103 0202 0001 0204 0301 0404 0104 0402 0301 0202 0301 0301
169 , 0103 0302 0101 0302 0303 0003 0102 0204 0301 0401 0400 0301 0402 0403 0103 0404 0401 0002 0103 0001 0400 0200 0004 0003 0400 0400 0004 0202 0300 0203 0301 0203 0100 0404 0400 0204 0402 0202 0102 0102 0104 0302 0203 0202 0201 0103 0103 0402 0202 0000 0004 0000 0301 0103 0104 0400 0001 0401 0002 0101 0403 0203 0404 0303 0102 0003 0304 0101 0403 0103 0201 0204 0000 0404 0104 0400 0301 0302 0302 0001
170 , 0103 0300 0101 0303 0303 0303 0102 0201 0301 0401 0404 0304 0400 0403 0103 0404 0401 0001 0103 0103 0401 0200 0204 0103 0402 0401 0204 0202 0104 0203 0301 0203 0102 0404 0403 0204 0402 0202 0102 0102 0303 0302 0103 0403 0303 0403 0202 0100 0001 0403 0304 0404 0402 0401 0103 0102 0402 0402 0303 0101 0301 0203 0202 0103 0404 0402 0104 0302 0404 0000 0101 0203 0102 0404 0203 0103 0202 0402 0100 0303
171 , 0004 0002 0204 0203 0002 0103 0102 0002 0303 0003 0402 0000 0403 0400 0103 0401 0202 0401 0204 0003 0404 0202 0403 0303 0202 0304 0004 0104 0404 0101 0200 0204 0401 0004 0104 0402 0104 0302 0101 0001 0304 0102 0204 0203 0102 0103 0002 0302 0303 0403 0002 0304 0403 0403 0100 0401 0202 0403 0002 0103 0404 0202 0403 0303 0402 0304 0203 0404 0404 0101 0202 0204 0201 0404 0101 0402 0104 0402 0101 0301
172 , 0101 0301 0101 0303 0303 0303 0102 0202 0301 0403 0404 0004 0402 0403 0103 0404 0401 0102 0403 0103 0401 0203 0204 0103 0402 0401 0204 0202 0404 0203 0301 0203 0002 0004 0403 0204 0002 0202 0102 0102 0303 0002 0103 0003 0303 0403 0200 0104 0001 0403 0304 0404 0402 0004 0103 0102 0404 0302 0303 0101 0301 0203 0302 0103 0404 0002 0104 0302 0404 0100 0100 0203 0102 0404 0200 0103 0202 0002 0102 0303
173 , 0103 0302 0103 0303 0201 0303 0202 0201 0000 0401 0404 0304 0402 0403 0100 0404 0401 0102 0103 0103 0401 0203 0204 0103 0402 0401 0204 0002 0404 0200 0301 0203 0102 0404 0403 0204 0402 0202 0102 0102 0401 0101 0100 0403 0102 0004 0204 0203 0304 0002 0201 0004 0101 0103 0103 0301 0403 0403 0302 0300 0001 0201 0403 0200 0404 0002 0004 0304 0401 0403 0204 0201 0403 0002 0100 0202 0401 0002 0001 0203
174 , 0401 0101 0103 0403 0102 0404 0204 0203 0304 0200 0201 0204 0401 0403 0103 0301 0403 0400 0302 0303 0303 0201 0404 0204 0404 0102 0304 0304 0400 0400 0204 0201 0403 0402 0102 0202 0401 0102 0101 0200 0104 0302 0101 0403 0300 0403 0103 0101 0301 0401 0404 0304 0302 0302 0200 0101 0402 0401 0103 0103 0204 0203 0002 0403 0404 0101 0204 0202 0403 0202 0101 0203 0002 0404 0103 0204 0402 0400 0401 0104
175 , 0100 0302 0203 0200 0201 0103 0103 0102 0403 0202 0004 0304 0301 0400 0104 0401 0202 0401 0302 0001 0403 0203 0404 0303 0002 0403 0304 0101 0203 0202 0201 0204 0100 0402 0100 0400 0301 0202 0301 0304 0103 0302 0101 0303 0300 0303 0102 0201 0301 0401 0404 0304 0402 0403 0103 0304 0401 0102 0103 0103 0401 0203 0204 0003 0402 0001 0200 0202 0403 0003 0301 0303 0302 0404 0403 0204 0402 0202 0102 0102
176 , 0103 0300 0100 0403 0003 0003 0100 0101 0301 0401 0404 0304 0302 0302 0203 0101 0302 0402 0103 0103 0204 0203 0202 0003 0404 0101 0204 0202 0303 0002 0101 0203 0102 0404 0303 0004 0402 0403 0401 0004 0101 0302 0101 0303 0303 0003 0102 0000 0301 0403 0404 0304 0400 0403 0103 0400 0401 0102 0403 0103 0400 0200 0204 0103 0402 0401 0204 0202 0400 0203 0301 0203 0102 0404 0403 0204 0201 0202 0102 0102
177 , 0304 0202 0201 0202 0204 0004 0103 0202 0002 0202 0404 0304 0301 0403 0104 0401 0202 0401 0302 0101 0402 0203 0404 0003 0104 0403 0304 0101 0103 0202 0201 0204 0301 0404 0104 0402 0301 0002 0001 0001 0300 0302 0103 0403 0003 0400 0202 0004 0301 0403 0304 0000 0402 0404 0103 0102 0402 0302 0303 0101 0301 0003 0302 0103 0404 0402 0004 0302 0404 0102 0101 0203 0102 0404 0203 0103 0202 0002 0102 0303
178 , 0303 0302 0103 0403 0303 0403 0200 0104 0301 0403 0304 0404 0402 0404 0100 0102 0402 0402 0303 0101 0301 0203 0202 0003 0404 0402 0104 0002 0400 0202 0101 0203 0102 0404 0203 0103 0202 0402 0102 0303 0103 0302 0001 0303 0303 0303 0102 0201 0301 0401 0404 0304 0402 0403 0104 0404 0401 0102 0104 0100 0401 0203 0204 0103 0402 0401 0204 0202 0404 0200 0301 0203 0002 0404 0103 0204 0402 0202 0102 0102
179 , 0304 0102 0204 0203 0202 0003 0102 0002 0303 0103 0402 0304 0403 0403 0103 0401 0200 0401 0202 0103 0400 0202 0403 0300 0402 0304 0004 0104 0404 0103 0202 0204 0401 0400 0104 0402 0104 0302 0101 0301 0102 0302 0101 0403 0303 0003 0102 0101 0301 0001 0402 0304 0302 0300 0203 0101 0401 0403 0104 0103 0201 0003 0202 0103 0404 0101 0204 0202 0403 0202 0101 0003 0102 0404 0103 0000 0402 0403 0401 0104
180 , 0103 0302 0001 0302 0303 0303 0102 0204 0301 0401 0404 0304 0402 0403 0103 0404 0401 0402 0103 0201 0401 0203 0104 0103 0402 0401 0004 0202 0300 0203 0001 0203 0102 0404 0003 0004 0402 0202 0102 0102 0104 0302 0001 0403 0303 0403 0102 0101 0301 0001 0404 0304 0302 0302 0203 0100 0402 0402 0103 0103 0204 0203 0202 0103 0004 0101 0204 0202 0403 0202 0101 0003 0002 0404 0103 0204 0402 0003 0401 0104
181 , 0002 0302 0101 0403 0303 0401 0102 0101 0001 0401 0402 0304 0300 0300 0200 0101 0401 0003 0104 0103 0001 0203 0002 0103 0400 0001 0204 0202 0403 0202 0101 0203 0102 0404 0003 0204 0402 0403 0401 0104 0100 0302 0101 0403 0303 0403 0102 0101 0301 0401 0400 0304 0302 0300 0203 0101 0402 0402 0103 0103 0004 0203 0202 0103 0400 0101 0204 0202 0403 0202 0101 0203 0102 0404 0103 0204 0402 0403 0401 0104
182 , 0102 0001 0102 0403 0303 0403 0102 0101 0301 0400 0402 0304 0302 0302 0203 0101 0401 0403 0104 0103 0200 0203 0202 0103 0404 0101 0204 0202 0403 0202 0001 0203 0102 0404 0103 0204 0402 0403 0001 0104 0304 0100 0204 0203 0202 0103 0102 0302 0303 0103 0402 0304 0003 0403 0103 0401 0200 0401 0202 0003 0000 0202 0400 0303 0402 0103 0204 0104 0404 0103 0202 0200 0401 0404 0100 0402 0100 0002 0001 0300
183 , 0303 0402 0103 0403 0003 0400 0202 0004 0301 0400 0302 0404 0402 0404 0103 0102 0402 0402 0003 0101 0301 0203 0202 0103 0400 0402 0104 0302 0404 0202 0101 0203 0102 0404 0203 0103 0202 0402 0002 0300 0103 0302 0101 0303 0303 0303 0102 0201 0004 0401 0404 0004 0402 0403 0103 0304 0401 0102 0103 0103 0401 0200 0204 0103 0402 0401 0200 0202 0003 0203 0301 0303 0302 0400 0403 0204 0402 0202 0002 0102
184 , 0401 0101 0103 0003 0102 0404 0204 0200 0300 0000 0101 0204 0001 0403 0103 0301 0403 0403 0302 0300 0303 0201 0004 0204 0404 0102 0004 0304 0401 0401 0204 0201 0403 0402 0102 0202 0401 0102 0101 0203 0104 0302 0101 0403 0303 0403 0103 0101 0301 0401 0404 0304 0302 0302 0203 0101 0402 0400 0103 0103 0004 0203 0202 0104 0404 0101 0004 0202 0403 0202 0001 0203 0102 0404 0103 0204 0402 0403 0401 0104
185 , 0304 0002 0204 0003 0202 0103 0102 0300 0300 0103 0402 0304 0403 0403 0103 0401 0202 0401 0202 0100 0004 0202 0403 0303 0002 0304 0204 0104 0400 0103 0200 0204 0401 0400 0100 0402 0104 0302 0101 0001 0304 0102 0204 0203 0202 0103 0102 0002 0003 0103 0402 0304 0000 0003 0103 0401 0202 0401 0004 0103 0404 0202 0403 0303 0202 0304 0204 0104 0400 0001 0002 0204 0401 0404 0104 0402 0104 0300 0101 0301
186 , 0101 0301 0101 0303 0303 0303 0102 0201 0000 0403 0404 0304 0002 0403 0103 0404 0401 0102 0403 0003 0401 0203 0004 0103 0402 0401 0004 0202 0404 0203 0301 0203 0102 0404 0403 0204 0202 0202 0102 0102 0104 0302 0203 0202 0201 0103 0103 0002 0202 0002 0404 0304 0300 0003 0104 0401 0202 0002 0302 0101 0403 0203 0400 0203 0102 0403 0304 0101 0403 0203 0200 0204 0300 0404 0002 0400 0001 0202 0300 0300
187 , 0301 0002 0200 0203 0202 0103 0102 0302 0403 0103 0402 0304 0403 0400 0103 0401 0202 0400 0202 0103 0404 0202 0403 0303 0102 0304 0204 0104 0004 0101 0202 0004 0401 0404 0100 0402 0104 0302 0001 0301 0303 0302 0103 0400 0303 0403 0202 0104 0301 0403 0304 0404 0402 0404 0103 0101 0402 0300 0003 0101 0301 0203 0301 0103 0404 0402 0104 0302 0404 0202 0101 0203 0102 0404 0203 0103 0202 0402 0102 0300
188 , 0300 0402 0103 0003 0300 0403 0202 0004 0301 0403 0302 0404 0402 0404 0100 0102 0402 0402 0303 0101 0301 0200 0202 0103 0404 0402 0104 0302 0404 0202 0101 0203 0102 0404 0203 0103 0202 0002 0102 0303 0103 0000 0101 0302 0303 0303 0102 0204 0301 0001 0404 0304 0402 0403 0103 0004 0001 0402 0103 0201 0401 0203 0200 0103 0400 0401 0204 0202 0304 0203 0301 0203 0102 0404 0403 0004 0002 0202 0002 0102
189 , 0303 0302 0103 0403 0303 0403 0202 0104 0301 0003 0300 0404 0402 0401 0103 0102 0402 0402 0303 0101 0300 0203 0402 0100 0404 0401 0104 0302 0400 0202 0101 0003 0102 0404 0203 0103 0202 0402 0102 0303 0103 0302 0101 0303 0303 0303 0102 0201 0300 0401 0404 0304 0402 0003 0103 0304 0401 0102 0103 0103 0401 0203 0004 0103 0402 0401 0204 0202 0403 0200 0301 0303 0302 0404 0403 0204 0402 0200 0102 0102
190 , 0102 0301 0102 0403 0300 0403 0002 0101 0301 0401 0402 0304 0300 0302 0203 0101 0401 0403 0104 0103 0201 0203 0202 0103 0404 0101 0204 0202 0003 0002 0101 0203 0102 0404 0000 0004 0402 0403 0401 0104 0303 0302 0103 0403 0303 0303 0202 0104 0301 0400 0304 0404 0402 0400 0103 0102 0402 0002 0303 0101 0301 0203 0002 0103 0404 0400 0100 0302 0404 0200 0101 0203 0100 0404 0203 0103 0202 0402 0102 0303
191 , 0304 0202 0203 0202 0204 0004 0100 0200 0202 0202 0404 0304 0301 0403 0104 0401 0200 0401 0302 0101 0402 0200 0404 0303 0100 0400 0304 0101 0103 0202 0201 0204 0301 0004 0104 0402 0300 0202 0301 0301 0103 0302 0001 0302 0303 0303 0100 0200 0301 0401 0404 0304 0400 0403 0003 0404 0001 0002 0100 0200 0401 0203 0004 0103 0402 0401 0204 0202 0304 0203 0300 0203 0100 0404 0403 0204 0402 0202 0102 0102
192 , 0103 0302 0100 0300 0303 0303 0102 0204 0301 0401 0404 0300 0402 0403 0103 0404 0401 0402 0103 0000 0401 0203 0204 0103 0002 0401 0204 0202 0304 0203 0301 0203 0102 0404 0400 0204 0402 0302 0102 0102 0304 0102 0204 0203 0202 0100 0102 0302 0303 0103 0402 0304 0403 0403 0103 0401 0202 0401 0202 0103 0404 0202 0403 0300 0402 0304 0204 0104 0404 0001 0202 0200 0401 0404 0104 0400 0104 0302 0100 0001
193 , 0103 0302 0101 0003 0303 0303 0102 0201 0301 0401 0404 0304 0402 0403 0103 0403 0201 0102 0103 0103 0401 0203 0004 0103 0402 0401 0204 0002 0404 0203 0301 0203 0102 0400 0403 0204 0402 0202 0102 0102 0102 0302 0101 0403 0303 0403 0102 0101 0301 0401 0402 0304 0302 0302 0203 0101 0401 0403 0104 0103 0201 0203 0202 0103 0404 0101 0204 0202 0403 0202 0101 0203 0102 0404 0203 0204 0002 0403 0401 0104
194 , 0401 0101 0100 0403 0100 0404 0204 0203 0304 0202 0201 0204 0401 0403 0103 0301 0403 0003 0002 0303 0000 0200 0404 0204 0404 0102 0304 0304 0001 0401 0204 0201 0403 0402 0102 0202 0401 0102 0101 0203 0103 0302 0101 0300 0303 0303 0102 0201 0301 0401 0404 0304 0402 0403 0103 0004 0401 0102 0100 0103 0400 0203 0200 0103 0402 0401 0204 0202 0400 0203 0300 0303 0302 0400 0403 0204 0404 0202 0102 0102
195 , 0304 0102 0204 0203 0202 0103 0102 0302 0003 0103 0402 0304 0403 0403 0103 0401 0200 0401 0202 0103 0404 0202 0403 0304 0002 0304 0204 0100 0404 0103 0002 0004 0401 0404 0104 0402 0104 0302 0100 0000 0304 0102 0204 0203 0202 0103 0102 0302 0303 0103 0402 0304 0403 0403 0103 0401 0202 0401 0002 0100 0404 0002 0403 0300 0400 0103 0204 0104 0404 0103 0202 0204 0401 0404 0100 0402 0104 0302 0101 0301
196 , 0303 0302 0103 0003 0303 0400 0202 0104 0301 0403 0304 0404 0400 0404 0100 0102 0402 0302 0303 0101 0301 0203 0302 0103 0004 0002 0104 0302 0404 0102 0100 0203 0102 0404 0203 0103 0200 0402 0002 0300 0401 0101 0103 0404 0102 0404 0204 0203 0304 0202 0201 0104 0101 0003 0103 0301 0403 0400 0302 0303 0301 0201 0404 0202 0404 0004 0304 0304 0401 0403 0204 0201 0403 0402 0102 0202 0401 0102 0101 0203
197 , 0304 0002 0204 0201 0202 0103 0002 0302 0303 0103 0402 0304 0403 0403 0103 0401 0202 0401 0204 0003 0004 0202 0003 0303 0402 0304 0004 0104 0404 0101 0200 0200 0400 0404 0004 0402 0104 0302 0101 0300 0000 0302 0103 0403 0303 0403 0202 0104 0301 0403 0004 0404 0402 0401 0103 0102 0402 0400 0303 0101 0301 0203 0202 0103 0404 0402 0104 0302 0404 0202 0101 0200 0102 0400 0203 0103 0200 0402 0102 0303
198 , 0104 0001 0101 0403 0303 0303 0102 0101 0001 0401 0404 0304 0302 0302 0203 0101 0402 0402 0103 0103 0200 0203 0202 0103 0404 0001 0204 0202 0400 0202 0101 0203 0102 0404 0103 0204 0402 0403 0401 0104 0401 0101 0103 0404 0102 0404 0200 0203 0304 0202 0001 0104 0101 0103 0100 0301 0403 0403 0302 0303 0301 0201 0004 0202 0400 0104 0304 0004 0400 0403 0204 0201 0403 0402 0102 0202 0401 0102 0101 0203
199 , 0102 0002 0101 0403 0303 0003 0102 0101 0301 0401 0402 0304 0302 0002 0203 0101 0401 0400 0100 0103 0201 0203 0202 0103 0404 0101 0204 0202 0003 0002 0101 0200 0100 0404 0103 0004 0402 0403 0000 0104 0003 0302 0103 0003 0303 0403 0202 0104 0201 0403 0004 0404 0402 0404 0102 0102 0002 0302 0300 0101 0300 0203 0302 0103 0404 0000 0104 0302 0404 0000 0101 0203 0100 0404 0203 0103 0202 0300 0102 0303
200 , 0103 0302 0101 0303 0303 0303 0102 0201 0301 0401 0404 0304 0402 0403 0103 0004 0401 0102 0103 0103 0401 0203 0204 0103 0402 0401 0204 0002 0403 0203 0301 0303 0300 0404 0403 0204 0400 0202 0102 0102 0103 0302 0101 0302 0303 0003 0102 0200 0301 0401 0404 0304 0202 0403 0100 0004 0401 0402 0103 0101 0401 0203 0204 0103 0402 0400 0204 0200 0404 0203 0301 0203 0102 0404 0403 0204 0402 0200 0202 0102