Generated genotype output
1
2
3
4
5
6
7
8
9
10
11
12
13
14
15
16
17
18
19
20
21
22
23
24
25
26
27
28
29
30
31
32
33
34
35
36
37
38
39
40
Pop
1 , 0101 0103 0101 0401 0104 0104 0104 0202 0301 0304 0103 0203 0303 0204 0104 0402 0103 0401 0104 0101 0001 0301 0104 0001 0001 0401 0402 0203 0103 0403 0302 0303 0202 0401 0404 0201 0002 0101 0201
2 , 0403 0400 0302 0403 0101 0202 0100 0202 0304 0304 0103 0003 0403 0202 0103 0102 0303 0003 0102 0203 0302 0003 0304 0301 0404 0202 0004 0004 0002 0101 0402 0304 0001 0402 0400 0103 0302 0401 0302
3 , 0303 0004 0302 0003 0101 0202 0104 0202 0304 0300 0103 0203 0003 0203 0103 0102 0303 0203 0002 0200 0304 0403 0204 0301 0102 0200 0402 0203 0403 0401 0302 0300 0303 0200 0301 0203 0302 0301 0202
4 , 0401 0400 0302 0401 0104 0404 0004 0202 0301 0004 0100 0203 0001 0204 0104 0202 0301 0403 0002 0104 0104 0303 0200 0101 0404 0402 0402 0203 0103 0001 0302 0303 0102 0401 0402 0200 0104 0302 0200
5 , 0101 0100 0101 0401 0104 0104 0104 0202 0300 0304 0103 0203 0303 0204 0104 0402 0103 0401 0104 0104 0300 0403 0204 0301 0002 0201 0402 0200 0403 0401 0302 0300 0302 0301 0301 0203 0302 0001 0202
6 , 0403 0404 0302 0403 0101 0202 0104 0202 0304 0304 0103 0203 0003 0302 0103 0100 0303 0200 0102 0204 0300 0400 0204 0300 0102 0201 0402 0003 0403 0401 0302 0304 0300 0001 0301 0203 0302 0301 0202
7 , 0401 0403 0302 0401 0104 0400 0204 0202 0301 0304 0103 0203 0304 0204 0100 0402 0401 0200 0202 0104 0104 0303 0204 0101 0404 0402 0402 0203 0100 0401 0302 0303 0402 0401 0404 0004 0102 0302 0200
8 , 0303 0404 0302 0403 0100 0202 0104 0202 0300 0304 0100 0203 0403 0203 0103 0102 0303 0203 0102 0204 0304 0003 0204 0301 0102 0200 0402 0203 0400 0001 0302 0304 0302 0001 0001 0203 0302 0301 0202
9 , 0403 0204 0303 0402 0104 0402 0200 0400 0403 0201 0003 0203 0403 0103 0204 0401 0403 0300 0003 0103 0302 0103 0304 0301 0404 0202 0404 0204 0102 0101 0402 0304 0301 0002 0400 0004 0302 0401 0302
10 , 0303 0404 0302 0400 0100 0202 0104 0202 0304 0304 0100 0203 0403 0203 0103 0102 0003 0203 0100 0201 0101 0301 0104 0101 0401 0401 0402 0203 0103 0401 0002 0303 0302 0001 0404 0201 0304 0101 0401
11 , 0300 0201 0303 0403 0003 0402 0204 0402 0401 0201 0104 0003 0403 0104 0204 0401 0403 0204 0103 0204 0102 0103 0304 0301 0400 0003 0404 0204 0002 0101 0402 0304 0301 0402 0404 0104 0302 0001 0302
12 , 0403 0202 0303 0402 0104 0402 0204 0404 0400 0201 0003 0003 0403 0104 0200 0401 0403 0300 0103 0200 0304 0403 0204 0301 0102 0001 0002 0200 0400 0401 0302 0000 0302 0201 0301 0203 0302 0301 0202
13 , 0403 0404 0302 0403 0101 0202 0104 0000 0304 0300 0103 0204 0403 0202 0103 0102 0303 0203 0100 0201 0100 0301 0104 0101 0401 0401 0402 0203 0103 0401 0302 0300 0302 0401 0404 0001 0304 0001 0401
14 , 0403 0200 0300 0402 0104 0402 0204 0400 0401 0201 0103 0200 0403 0104 0204 0101 0403 0300 0103 0004 0304 0203 0204 0301 0102 0201 0402 0203 0403 0401 0302 0304 0302 0200 0301 0203 0302 0301 0202
15 , 0303 0201 0300 0403 0104 0402 0204 0402 0401 0001 0104 0203 0400 0104 0204 0401 0403 0004 0103 0203 0302 0103 0304 0301 0404 0002 0004 0104 0102 0101 0400 0304 0301 0402 0404 0104 0302 0401 0302
16 , 0400 0202 0303 0402 0104 0400 0200 0404 0400 0201 0103 0203 0403 0104 0004 0401 0403 0304 0103 0004 0302 0203 0304 0201 0404 0202 0404 0404 0002 0101 0402 0304 0301 0402 0404 0104 0303 0401 0300
17 , 0101 0103 0100 0400 0104 0104 0104 0202 0301 0304 0103 0203 0304 0203 0104 0402 0100 0201 0102 0104 0304 0403 0004 0301 0102 0201 0402 0203 0400 0401 0302 0304 0302 0201 0301 0203 0304 0301 0202
18 , 0403 0200 0303 0000 0104 0402 0004 0404 0401 0201 0103 0203 0403 0104 0204 0400 0403 0304 0100 0204 0304 0003 0204 0301 0102 0201 0000 0203 0403 0401 0000 0304 0302 0201 0301 0203 0302 0301 0202
19 , 0001 0403 0304 0401 0104 0400 0204 0202 0301 0304 0103 0303 0304 0204 0104 0402 0001 0203 0202 0104 0300 0403 0204 0300 0102 0201 0402 0203 0403 0400 0002 0304 0302 0300 0301 0200 0302 0301 0202
20 , 0303 0201 0303 0403 0104 0402 0204 0402 0401 0200 0104 0200 0403 0104 0204 0401 0303 0204 0103 0204 0302 0203 0304 0201 0404 0202 0404 0404 0102 0101 0302 0304 0301 0400 0400 0104 0303 0401 0302
21 , 0403 0400 0302 0403 0101 0202 0104 0202 0304 0304 0103 0203 0403 0202 0103 0102 0303 0203 0102 0200 0304 0403 0204 0001 0102 0001 0400 0203 0403 0401 0002 0304 0302 0200 0001 0203 0302 0301 0202
22 , 0303 0404 0302 0403 0101 0202 0104 0202 0004 0004 0103 0203 0403 0200 0003 0100 0303 0203 0102 0203 0304 0403 0004 0301 0102 0201 0402 0003 0403 0400 0302 0304 0302 0301 0001 0203 0302 0301 0202
23 , 0401 0403 0300 0401 0104 0404 0204 0202 0301 0304 0103 0303 0304 0204 0104 0402 0401 0200 0202 0103 0304 0403 0204 0301 0102 0201 0402 0203 0403 0401 0300 0304 0302 0301 0301 0200 0302 0301 0002
24 , 0101 0103 0101 0401 0104 0100 0104 0202 0301 0300 0103 0003 0303 0204 0104 0402 0003 0401 0104 0004 0004 0403 0000 0301 0102 0201 0402 0203 0403 0001 0302 0304 0302 0201 0301 0203 0302 0301 0200
25 , 0003 0202 0300 0402 0104 0402 0204 0404 0401 0201 0103 0003 0403 0104 0104 0401 0003 0304 0003 0200 0101 0301 0104 0101 0401 0401 0402 0200 0003 0401 0302 0303 0402 0301 0400 0200 0102 0101 0000
26 , 0403 0202 0303 0402 0104 0402 0204 0404 0401 0201 0100 0003 0403 0104 0200 0401 0403 0304 0103 0204 0104 0303 0004 0101 0404 0000 0400 0203 0103 0401 0302 0303 0102 0401 0400 0204 0104 0302 0201
27 , 0303 0201 0303 0403 0103 0002 0204 0402 0001 0201 0104 0403 0400 0104 0204 0401 0403 0204 0103 0200 0002 0103 0304 0001 0404 0203 0404 0204 0102 0001 0402 0304 0301 0402 0400 0104 0302 0401 0302
28 , 0403 0404 0302 0403 0101 0202 0104 0202 0304 0304 0003 0203 0403 0302 0103 0002 0003 0003 0102 0201 0101 0301 0104 0101 0401 0401 0402 0203 0100 0401 0302 0303 0402 0301 0400 0201 0002 0101 0201
29 , 0003 0202 0303 0002 0104 0402 0204 0404 0403 0201 0103 0203 0400 0103 0204 0401 0000 0304 0103 0103 0302 0103 0304 0301 0404 0202 0004 0204 0102 0100 0402 0304 0301 0002 0404 0103 0302 0401 0302
30 , 0400 0404 0302 0403 0100 0202 0100 0202 0304 0304 0103 0203 0400 0200 0003 0102 0303 0203 0102 0204 0304 0403 0204 0301 0002 0201 0402 0203 0403 0401 0302 0104 0300 0201 0301 0203 0300 0301 0202
31 , 0303 0201 0303 0000 0004 0402 0204 0402 0401 0001 0104 0203 0403 0104 0204 0001 0403 0204 0103 0204 0302 0203 0304 0201 0400 0202 0404 0404 0102 0001 0402 0304 0301 0402 0404 0104 0303 0001 0302
32 , 0403 0202 0303 0402 0104 0402 0204 0404 0001 0000 0104 0203 0403 0004 0204 0401 0403 0304 0103 0204 0104 0303 0204 0101 0400 0402 0402 0203 0103 0001 0302 0303 0402 0401 0404 0204 0102 0302 0201
33 , 0400 0403 0302 0401 0104 0404 0204 0202 0300 0304 0103 0203 0301 0204 0104 0002 0001 0403 0202 0004 0302 0203 0004 0200 0404 0202 0404 0404 0102 0101 0302 0300 0301 0401 0404 0104 0300 0401 0300
34 , 0403 0004 0302 0003 0101 0202 0101 0200 0304 0000 0103 0003 0003 0202 0103 0102 0303 0203 0102 0204 0304 0403 0204 0301 0002 0200 0400 0203 0403 0401 0300 0300 0302 0301 0301 0203 0302 0301 0200
35 , 0403 0404 0302 0403 0101 0002 0104 0202 0304 0304 0003 0203 0403 0203 0103 0102 0300 0203 0102 0001 0101 0301 0104 0101 0401 0401 0402 0203 0103 0401 0302 0303 0402 0301 0404 0201 0302 0101 0201
36 , 0400 0202 0303 0402 0104 0402 0204 0404 0001 0201 0103 0203 0400 0104 0204 0401 0403 0304 0103 0000 0302 0203 0004 0201 0400 0202 0404 0404 0002 0101 0302 0304 0301 0402 0404 0104 0303 0401 0302
37 , 0403 0404 0302 0403 0101 0202 0004 0202 0300 0304 0003 0203 0403 0202 0103 0102 0303 0203 0102 0204 0304 0403 0204 0101 0100 0001 0402 0203 0403 0401 0302 0304 0302 0200 0301 0200 0102 0301 0202
38 , 0403 0202 0303 0402 0104 0402 0204 0404 0401 0201 0103 0203 0403 0104 0204 0401 0403 0304 0103 0203 0302 0103 0004 0301 0404 0202 0404 0200 0102 0101 0402 0304 0301 0402 0404 0000 0302 0400 0302
39 , 0403 0404 0302 0403 0101 0202 0104 0202 0304 0304 0100 0203 0400 0202 0103 0102 0303 0203 0000 0200 0101 0001 0104 0101 0401 0001 0402 0203 0103 0401 0402 0303 0402 0301 0404 0201 0302 0101 0201
40 , 0403 0404 0300 0403 0101 0200 0104 0000 0304 0304 0103 0203 0403 0203 0003 0102 0303 0203 0102 0204 0304 0402 0204 0301 0102 0201 0402 0203 0003 0401 0302 0304 0300 0000 0301 0203 0302 0301 0204
41 , 0400 0004 0202 0403 0100 0202 0104 0202 0304 0304 0103 0203 0403 0302 0103 0102 0303 0203 0102 0404 0304 0403 0204 0301 0102 0200 0402 0203 0403 0001 0302 0304 0302 0301 0001 0203 0300 0301 0202
42 , 0303 0404 0302 0403 0101 0202 0104 0202 0304 0304 0103 0203 0403 0200 0103 0102 0303 0203 0102 0004 0304 0003 0204 0001 0102 0001 0400 0203 0403 0401 0302 0304 0302 0201 0301 0200 0302 0001 0202
43 , 0403 0404 0302 0400 0101 0202 0104 0202 0304 0304 0103 0203 0403 0202 0003 0002 0303 0203 0102 0201 0101 0301 0104 0101 0401 0401 0402 0203 0103 0401 0302 0303 0402 0001 0404 0201 0300 0101 0201
44 , 0403 0404 0202 0403 0101 0202 0104 0202 0304 0304 0103 0203 0403 0302 0103 0102 0303 0303 0102 0403 0302 0103 0304 0301 0400 0200 0400 0204 0102 0101 0002 0304 0001 0402 0404 0103 0302 0401 0302
45 , 0403 0200 0303 0002 0104 0402 0204 0404 0403 0200 0003 0003 0000 0103 0200 0401 0403 0304 0103 0104 0104 0303 0204 0101 0404 0402 0402 0203 0103 0401 0302 0303 0402 0401 0404 0204 0102 0302 0201
46 , 0303 0201 0303 0403 0004 0402 0204 0402 0401 0201 0104 0200 0403 0004 0204 0401 0403 0204 0103 0204 0104 0303 0200 0100 0404 0402 0402 0203 0103 0401 0302 0303 0402 0401 0404 0204 0102 0302 0201
47 , 0401 0400 0302 0401 0104 0004 0204 0202 0301 0300 0100 0203 0304 0204 0104 0402 0001 0203 0202 0100 0302 0203 0300 0200 0004 0202 0404 0404 0102 0101 0002 0304 0301 0402 0404 0004 0303 0401 0002
48 , 0400 0004 0002 0403 0101 0202 0104 0202 0300 0304 0103 0203 0403 0203 0103 0102 0303 0203 0002 0204 0302 0203 0304 0201 0404 0202 0400 0004 0002 0101 0302 0304 0301 0302 0404 0104 0003 0401 0301
49 , 0401 0403 0304 0001 0104 0404 0204 0202 0301 0300 0103 0303 0004 0000 0100 0402 0401 0203 0202 0101 0101 0300 0100 0101 0400 0401 0400 0003 0103 0001 0302 0303 0402 0000 0404 0201 0102 0101 0201
50 , 0403 0404 0302 0403 0101 0202 0100 0202 0304 0304 0103 0203 0403 0202 0103 0102 0303 0203 0102 0204 0302 0203 0304 0201 0404 0202 0404 0400 0102 0101 0302 0304 0001 0402 0400 0104 0303 0401 0302
51 , 0303 0201 0303 0403 0104 0000 0000 0402 0001 0201 0104 0203 0403 0100 0204 0401 0403 0004 0103 0204 0304 0403 0204 0301 0102 0201 0402 0203 0003 0001 0302 0004 0302 0201 0301 0203 0302 0301 0202
52 , 0403 0404 0302 0403 0101 0200 0104 0202 0304 0304 0103 0203 0403 0202 0103 0100 0303 0203 0102 0004 0102 0103 0304 0301 0404 0203 0004 0204 0100 0101 0002 0303 0301 0402 0404 0004 0102 0401 0302
53 , 0101 0103 0101 0400 0100 0104 0104 0202 0301 0304 0000 0203 0304 0200 0104 0002 0103 0201 0102 0101 0001 0301 0104 0101 0401 0401 0400 0203 0103 0401 0302 0300 0002 0401 0404 0201 0304 0001 0401
54 , 0101 0103 0100 0401 0104 0104 0104 0200 0301 0304 0303 0203 0302 0204 0104 0402 0104 0001 0102 0104 0304 0403 0204 0301 0102 0201 0402 0203 0400 0401 0002 0304 0302 0301 0300 0203 0302 0300 0200
55 , 0003 0404 0302 0403 0101 0202 0104 0202 0304 0304 0103 0203 0403 0203 0103 0102 0303 0203 0102 0204 0304 0403 0200 0301 0102 0201 0402 0203 0403 0401 0302 0304 0302 0301 0300 0203 0302 0301 0200
56 , 0400 0404 0302 0403 0101 0202 0104 0202 0300 0304 0103 0003 0003 0202 0103 0102 0303 0203 0102 0204 0304 0402 0204 0301 0102 0201 0002 0203 0003 0401 0300 0304 0303 0201 0301 0203 0302 0001 0004
57 , 0101 0100 0101 0401 0104 0104 0004 0202 0301 0304 0303 0203 0302 0204 0004 0402 0104 0201 0102 0101 0101 0301 0104 0001 0401 0401 0402 0203 0103 0401 0402 0303 0402 0301 0404 0201 0300 0101 0201
58 , 0401 0403 0302 0401 0104 0004 0204 0202 0300 0304 0103 0203 0304 0004 0104 0402 0401 0203 0202 0100 0304 0403 0004 0301 0102 0201 0402 0203 0403 0401 0302 0304 0302 0000 0301 0000 0302 0301 0202
59 , 0303 0404 0302 0403 0101 0202 0104 0002 0304 0304 0103 0203 0403 0203 0103 0103 0300 0203 0102 0204 0304 0403 0204 0001 0102 0001 0102 0003 0403 0401 0300 0304 0302 0301 0301 0203 0302 0301 0202
60 , 0403 0202 0300 0402 0104 0002 0204 0404 0003 0201 0103 0203 0400 0100 0204 0401 0403 0304 0103 0104 0104 0303 0204 0101 0404 0402 0402 0203 0103 0401 0302 0300 0402 0401 0404 0004 0102 0302 0201
61 , 0303 0201 0303 0403 0104 0400 0004 0402 0401 0201 0004 0203 0403 0100 0204 0401 0303 0204 0103 0201 0101 0301 0104 0101 0401 0401 0002 0203 0103 0403 0302 0303 0002 0401 0404 0201 0402 0101 0201
62 , 0403 0202 0303 0402 0104 0402 0204 0400 0401 0201 0103 0203 0403 0104 0204 0401 0403 0304 0103 0204 0104 0300 0204 0100 0404 0402 0402 0203 0100 0400 0302 0003 0102 0401 0402 0203 0104 0302 0201
63 , 0401 0403 0302 0401 0104 0004 0204 0202 0301 0304 0103 0203 0301 0004 0104 0002 0401 0403 0202 0104 0302 0003 0304 0201 0404 0002 0404 0404 0102 0101 0302 0304 0300 0402 0404 0104 0303 0400 0302
64 , 0403 0404 0302 0403 0101 0202 0104 0202 0304 0304 0103 0203 0403 0202 0103 0002 0303 0200 0102 0203 0302 0103 0304 0001 0404 0202 0404 0204 0100 0101 0402 0304 0001 0402 0404 0103 0302 0401 0302
65 , 0101 0103 0101 0401 0104 0004 0004 0202 0301 0304 0103 0203 0304 0203 0104 0402 0103 0401 0102 0101 0101 0301 0004 0100 0401 0401 0402 0203 0003 0403 0302 0303 0002 0401 0404 0201 0402 0100 0201
66 , 0101 0103 0101 0401 0104 0104 0104 0202 0001 0304 0103 0203 0304 0203 0104 0402 0103 0201 0002 0104 0304 0403 0004 0301 0102 0201 0402 0203 0403 0401 0302 0304 0302 0201 0001 0203 0302 0301 0202
67 , 0403 0404 0302 0403 0101 0202 0104 0202 0300 0304 0103 0203 0403 0002 0103 0102 0303 0203 0102 0201 0101 0301 0104 0101 0401 0401 0402 0203 0103 0401 0302 0300 0402 0300 0404 0201 0102 0001 0201
68 , 0403 0202 0303 0402 0104 0402 0204 0404 0403 0201 0103 0203 0403 0103 0204 0400 0403 0000 0103 0104 0302 0403 0304 0201 0404 0202 0404 0404 0302 0101 0302 0304 0300 0302 0004 0104 0303 0401 0301
69 , 0403 0404 0202 0403 0101 0002 0104 0202 0304 0304 0103 0203 0403 0302 0103 0102 0303 0203 0102 0404 0304 0403 0204 0301 0102 0201 0402 0200 0403 0001 0302 0004 0302 0001 0301 0203 0002 0301 0202
70 , 0401 0403 0302 0401 0104 0404 0204 0203 0301 0304 0103 0203 0301 0004 0104 0202 0401 0003 0202 0101 0101 0301 0104 0101 0401 0401 0402 0203 0100 0401 0302 0303 0402 0301 0404 0201 0102 0101 0201
71 , 0400 0202 0303 0402 0104 0402 0204 0004 0401 0200 0103 0203 0403 0104 0204 0401 0403 0004 0103 0201 0001 0301 0104 0101 0401 0401 0402 0203 0103 0401 0300 0303 0002 0301 0404 0201 0102 0101 0201
72 , 0101 0003 0101 0401 0004 0104 0004 0202 0301 0304 0303 0203 0302 0204 0100 0402 0104 0201 0102 0104 0304 0203 0204 0301 0100 0201 0402 0203 0403 0401 0302 0304 0302 0202 0301 0203 0302 0300 0200
73 , 0100 0103 0101 0401 0100 0104 0104 0202 0301 0300 0300 0203 0302 0204 0104 0402 0104 0201 0102 0104 0304 0403 0204 0301 0102 0200 0402 0203 0403 0001 0302 0004 0302 0301 0301 0203 0302 0301 0200
74 , 0101 0003 0100 0401 0104 0104 0100 0202 0001 0304 0103 0203 0300 0200 0104 0402 0103 0201 0100 0104 0302 0203 0304 0201 0404 0202 0400 0404 0100 0101 0302 0004 0301 0402 0404 0104 0300 0401 0302
75 , 0400 0200 0303 0402 0104 0402 0204 0404 0401 0201 0103 0203 0403 0104 0104 0401 0403 0304 0103 0204 0300 0403 0204 0301 0102 0201 0402 0200 0403 0400 0302 0304 0302 0001 0301 0203 0302 0301 0202
76 , 0403 0202 0303 0400 0100 0400 0204 0404 0400 0201 0103 0200 0403 0100 0204 0401 0403 0304 0103 0204 0302 0203 0302 0201 0404 0202 0404 0404 0002 0101 0302 0304 0000 0302 0404 0100 0303 0400 0301
77 , 0400 0400 0302 0400 0101 0202 0104 0202 0304 0304 0103 0003 0403 0202 0103 0102 0300 0203 0102 0204 0104 0303 0204 0101 0404 0402 0402 0203 0103 0400 0002 0303 0102 0401 0402 0203 0104 0302 0201
78 , 0403 0004 0302 0403 0101 0002 0104 0202 0304 0304 0103 0203 0403 0002 0103 0102 0303 0203 0102 0204 0304 0403 0204 0301 0102 0200 0402 0003 0403 0401 0300 0304 0302 0201 0301 0203 0302 0301 0002
79 , 0400 0404 0302 0403 0101 0202 0104 0202 0304 0304 0103 0203 0403 0203 0103 0102 0303 0200 0102 0200 0002 0103 0304 0301 0404 0203 0404 0204 0102 0101 0402 0304 0301 0402 0404 0004 0302 0401 0302
80 , 0403 0404 0302 0403 0100 0202 0104 0202 0304 0304 0103 0203 0003 0202 0103 0102 0303 0403 0102 0204 0304 0403 0200 0301 0002 0201 0404 0203 0403 0401 0302 0304 0302 0200 0301 0200 0302 0301 0202
81 , 0403 0404 0300 0403 0101 0202 0104 0202 0304 0304 0103 0203 0403 0302 0100 0102 0303 0203 0102 0203 0002 0103 0304 0301 0404 0202 0404 0004 0002 0101 0400 0304 0301 0402 0404 0103 0302 0401 0302
82 , 0101 0103 0101 0401 0104 0104 0104 0200 0301 0304 0103 0203 0303 0200 0004 0402 0103 0401 0100 0104 0304 0003 0204 0301 0102 0201 0402 0203 0403 0401 0302 0304 0302 0301 0301 0203 0302 0301 0202
83 , 0403 0404 0302 0403 0101 0202 0100 0200 0304 0304 0103 0201 0403 0202 0103 0102 0303 0403 0100 0204 0304 0403 0204 0301 0102 0201 0402 0203 0003 0401 0002 0300 0302 0201 0301 0003 0304 0301 0202
84 , 0001 0201 0303 0403 0104 0402 0300 0402 0401 0201 0100 0203 0403 0104 0200 0401 0403 0204 0103 0204 0300 0402 0204 0301 0100 0201 0402 0203 0403 0401 0302 0304 0300 0201 0301 0203 0302 0301 0204
85 , 0403 0202 0303 0400 0104 0400 0204 0404 0401 0201 0103 0203 0003 0104 0204 0401 0403 0304 0103 0200 0002 0203 0304 0301 0404 0202 0400 0204 0102 0101 0404 0304 0301 0002 0404 0104 0302 0401 0300
86 , 0101 0103 0101 0401 0104 0104 0104 0002 0301 0304 0103 0203 0303 0204 0004 0400 0100 0401 0100 0104 0300 0203 0304 0201 0404 0202 0404 0004 0102 0101 0302 0304 0301 0402 0404 0104 0303 0400 0302
87 , 0101 0103 0101 0400 0104 0104 0104 0202 0301 0004 0104 0203 0304 0003 0104 0400 0103 0001 0102 0104 0302 0203 0004 0001 0404 0202 0404 0404 0102 0101 0302 0304 0300 0402 0404 0100 0303 0401 0302
88 , 0403 0002 0303 0402 0204 0402 0004 0404 0403 0200 0103 0000 0403 0103 0204 0401 0000 0304 0103 0104 0302 0203 0304 0200 0404 0002 0404 0404 0102 0101 0302 0304 0301 0400 0400 0104 0303 0001 0302
89 , 0403 0404 0300 0403 0101 0201 0104 0202 0304 0304 0103 0203 0403 0302 0103 0002 0303 0203 0102 0204 0304 0400 0204 0301 0102 0200 0402 0203 0403 0401 0302 0304 0002 0201 0301 0203 0302 0301 0200
90 , 0303 0201 0303 0403 0104 0402 0200 0402 0401 0201 0100 0203 0400 0104 0204 0401 0303 0204 0103 0204 0102 0103 0304 0301 0404 0203 0404 0204 0102 0101 0402 0304 0301 0402 0404 0100 0302 0401 0300
91 , 0403 0404 0302 0403 0101 0202 0104 0202 0304 0304 0103 0203 0403 0203 0100 0102 0303 0203 0102 0200 0304 0403 0204 0301 0102 0201 0402 0203 0403 0001 0302 0304 0302 0201 0301 0203 0302 0301 0200
92 , 0403 0404 0302 0403 0101 0202 0104 0202 0004 0304 0103 0203 0400 0202 0103 0102 0300 0203 0102 0204 0300 0403 0204 0301 0102 0001 0402 0203 0403 0401 0302 0304 0302 0201 0301 0203 0302 0301 0200
93 , 0401 0201 0303 0403 0104 0402 0004 0402 0401 0201 0104 0203 0403 0104 0204 0400 0403 0200 0103 0204 0102 0103 0300 0301 0404 0203 0404 0204 0002 0001 0402 0304 0301 0402 0404 0104 0300 0401 0302
94 , 0403 0404 0002 0403 0001 0202 0104 0202 0304 0304 0103 0203 0403 0202 0103 0102 0303 0203 0002 0204 0102 0103 0304 0301 0404 0200 0404 0204 0102 0100 0402 0304 0301 0402 0404 0104 0302 0401 0302
95 , 0403 0200 0303 0402 0104 0402 0200 0404 0403 0201 0103 0203 0403 0103 0204 0401 0403 0304 0103 0104 0300 0403 0204 0001 0102 0201 0402 0203 0403 0401 0302 0304 0303 0200 0301 0203 0302 0300 0202
96 , 0403 0202 0000 0402 0004 0400 0004 0004 0403 0201 0003 0203 0403 0103 0204 0401 0003 0300 0103 0104 0002 0103 0304 0001 0400 0203 0004 0204 0102 0101 0402 0304 0300 0402 0404 0104 0302 0402 0302
97 , 0403 0004 0302 0403 0101 0202 0104 0202 0304 0304 0103 0203 0403 0203 0003 0102 0303 0203 0102 0201 0101 0301 0104 0101 0401 0401 0402 0203 0003 0401 0302 0303 0302 0401 0404 0201 0304 0001 0001
98 , 0403 0202 0303 0402 0104 0400 0204 0404 0403 0201 0103 0203 0403 0103 0200 0401 0403 0300 0103 0104 0300 0403 0204 0300 0102 0201 0402 0203 0000 0001 0302 0004 0302 0201 0301 0203 0302 0300 0002
99 , 0403 0404 0302 0400 0100 0202 0104 0202 0304 0304 0103 0203 0403 0202 0103 0102 0303 0003 0102 0204 0104 0303 0204 0101 0404 0402 0402 0203 0103 0400 0302 0303 0002 0401 0400 0204 0102 0302 0000
100 , 0003 0404 0302 0403 0101 0002 0104 0202 0304 0304 0103 0203 0003 0202 0103 0102 0303 0203 0102 0004 0302 0203 0304 0201 0404 0002 0404 0404 0102 0101 0302 0304 0301 0401 0004 0104 0303 0401 0302