Auto-generated genotype output.
1
2
3
4
5
6
7
8
9
10
11
12
13
14
15
16
17
18
19
20
21
22
23
24
25
26
27
28
29
30
31
32
33
34
35
36
37
38
39
40
Pop
1 , 0101 0404 0202 0304 0101 0101 0404 0203 0203 0101 0404 0202 0402 0202 0202 0201 0101 0304 0202 0103 0404 0403 0404 0202 0303 0303 0202 0404 0103 0101 0202 0101 0101 0403 0101 0303 0403 0202 0103 0101 
2 , 0101 0404 0102 0404 0101 0101 0303 0302 0303 0102 0404 0202 0202 0202 0202 0101 0101 0303 0203 0101 0202 0303 0404 0202 0304 0303 0302 0404 0103 0101 0204 0103 0101 0404 0101 0303 0404 0202 0303 0101 
3 , 0101 0304 0201 0403 0101 0101 0303 0303 0203 0201 0404 0202 0404 0202 0202 0101 0101 0303 0203 0101 0402 0303 0404 0202 0304 0303 0302 0404 0301 0101 0404 0101 0101 0404 0101 0303 0303 0202 0303 0201 
4 , 0103 0404 0202 0303 0102 0101 0403 0303 0202 0101 0404 0202 0202 0202 0204 0201 0101 0303 0303 0303 0402 0303 0403 0402 0404 0101 0303 0404 0101 0101 0202 0301 0101 0403 0101 0303 0403 0202 0101 0201 
5 , 0101 0404 0201 0303 0101 0101 0403 0303 0203 0201 0404 0202 0202 0202 0202 0102 0101 0303 0202 0301 0202 0403 0403 0402 0404 0301 0202 0404 0101 0101 0402 0303 0101 0403 0101 0303 0303 0202 0101 0101 
6 , 0101 0404 0102 0404 0101 0101 0304 0303 0203 0101 0404 0202 0402 0202 0202 0202 0101 0303 0202 0103 0404 0303 0304 0402 0403 0103 0302 0404 0103 0301 0404 0103 0104 0403 0101 0303 0403 0203 0101 0202 
7 , 0103 0404 0202 0303 0101 0101 0304 0203 0202 0101 0404 0202 0204 0202 0204 0101 0103 0303 0302 0301 0204 0303 0404 0204 0303 0301 0203 0403 0101 0101 0402 0303 0101 0303 0101 0303 0403 0302 0101 0101 
8 , 0101 0404 0102 0403 0101 0301 0303 0202 0203 0102 0404 0202 0202 0202 0202 0202 0101 0304 0203 0303 0404 0303 0404 0204 0404 0303 0202 0304 0101 0101 0402 0101 0101 0303 0102 0303 0303 0202 0103 0201 
9 , 0101 0304 0202 0304 0101 0101 0403 0202 0202 0101 0404 0202 0202 0102 0402 0201 0303 0403 0202 0101 0204 0303 0404 0202 0403 0303 0202 0404 0101 0101 0402 0101 0101 0303 0101 0303 0403 0202 0301 0101 
10 , 0101 0404 0201 0303 0101 0101 0404 0202 0203 0101 0404 0202 0202 0202 0202 0202 0101 0303 0302 0301 0402 0303 0404 0402 0303 0301 0202 0403 0103 0101 0202 0301 0101 0404 0101 0303 0303 0302 0101 0102 
11 , 0101 0404 0202 0303 0101 0101 0403 0302 0203 0201 0401 0202 0202 0201 0202 0102 0101 0303 0202 0301 0202 0403 0404 0402 0304 0303 0202 0404 0101 0101 0404 0301 0101 0304 0101 0303 0303 0202 0103 0201 
12 , 0101 0404 0101 0303 0101 0101 0404 0202 0303 0101 0404 0202 0202 0202 0204 0101 0101 0303 0303 0101 0202 0303 0404 0202 0404 0301 0202 0404 0303 0101 0404 0103 0101 0403 0101 0303 0303 0202 0301 0101 
13 , 0101 0404 0202 0403 0101 0101 0403 0202 0302 0201 0104 0202 0202 0202 0202 0202 0101 0303 0302 0101 0202 0303 0404 0202 0304 0101 0202 0304 0303 0101 0404 0101 0101 0404 0101 0303 0403 0202 0103 0201 
14 , 0101 0404 0102 0403 0101 0101 0303 0203 0303 0101 0404 0202 0202 0202 0202 0202 0101 0303 0202 0101 0204 0303 0404 0204 0403 0101 0202 0304 0301 0103 0202 0101 0101 0404 0101 0303 0403 0202 0101 0201 
15 , 0301 0304 0202 0303 0101 0101 0304 0202 0303 0101 0404 0202 0204 0201 0202 0102 0101 0304 0202 0103 0402 0303 0404 0402 0403 0303 0202 0404 0301 0103 0204 0301 0101 0403 0101 0303 0403 0203 0303 0201 
16 , 0301 0403 0201 0403 0101 0101 0404 0203 0203 0201 0404 0202 0202 0202 0202 0202 0101 0304 0302 0301 0202 0303 0404 0202 0304 0303 0202 0304 0301 0101 0402 0101 0104 0404 0101 0303 0303 0202 0301 0102 
17 , 0101 0403 0102 0404 0101 0101 0304 0202 0302 0101 0104 0202 0202 0202 0202 0202 0101 0304 0302 0101 0202 0303 0403 0204 0403 0103 0202 0404 0103 0101 0202 0303 0101 0403 0101 0303 0403 0203 0101 0101 
18 , 0101 0404 0102 0403 0101 0101 0304 0302 0203 0101 0404 0202 0202 0202 0202 0102 0301 0303 0203 0303 0404 0303 0404 0202 0403 0301 0202 0404 0101 0101 0202 0303 0101 0303 0101 0303 0303 0202 0101 0201 
19 , 0101 0404 0202 0403 0201 0101 0304 0302 0203 0101 0404 0202 0202 0202 0202 0102 0101 0303 0202 0103 0202 0303 0404 0202 0404 0303 0202 0304 0301 0101 0204 0301 0101 0404 0101 0303 0403 0202 0103 0201 
20 , 0101 0304 0202 0303 0101 0101 0403 0303 0303 0101 0104 0202 0402 0202 0402 0201 0101 0303 0202 0303 0202 0303 0404 0202 0304 0103 0302 0404 0301 0101 0204 0303 0101 0404 0101 0303 0304 0303 0303 0101 
21 , 0101 0404 0201 0303 0101 0301 0404 0202 0202 0101 0404 0202 0402 0202 0402 0102 0303 0303 0202 0301 0204 0303 0404 0202 0304 0103 0302 0404 0301 0101 0202 0301 0101 0404 0101 0303 0403 0302 0303 0101 
22 , 0101 0404 0202 0303 0101 0101 0303 0303 0203 0101 0404 0202 0204 0202 0204 0101 0101 0303 0303 0101 0404 0303 0404 0202 0404 0103 0202 0404 0101 0101 0204 0303 0101 0404 0101 0303 0303 0202 0303 0101 
23 , 0301 0404 0202 0304 0101 0101 0403 0202 0202 0101 0404 0202 0202 0201 0202 0201 0101 0304 0203 0301 0202 0304 0404 0202 0303 0101 0203 0403 0101 0101 0204 0101 0104 0403 0101 0303 0404 0203 0303 0201 
24 , 0101 0404 0201 0303 0101 0101 0404 0203 0303 0101 0101 0202 0402 0202 0202 0101 0101 0303 0202 0103 0202 0303 0404 0204 0303 0101 0302 0404 0103 0101 0202 0101 0101 0404 0101 0303 0304 0202 0301 0101 
25 , 0103 0404 0201 0303 0101 0101 0303 0203 0202 0101 0404 0202 0204 0202 0402 0202 0101 0303 0203 0101 0402 0303 0304 0204 0304 0103 0202 0404 0101 0101 0402 0101 0101 0404 0101 0203 0303 0202 0301 0102 
26 , 0101 0404 0201 0303 0101 0101 0403 0203 0303 0201 0404 0202 0402 0202 0202 0201 0101 0303 0202 0101 0204 0404 0404 0202 0404 0101 0202 0404 0101 0101 0202 0101 0101 0404 0101 0303 0303 0202 0101 0101 
27 , 0101 0404 0202 0404 0101 0101 0304 0203 0202 0101 0404 0202 0402 0202 0402 0101 0101 0403 0202 0103 0202 0304 0404 0202 0404 0301 0202 0404 0101 0101 0404 0303 0101 0404 0101 0303 0303 0202 0301 0201 
28 , 0101 0404 0101 0303 0101 0101 0303 0302 0303 0101 0404 0202 0202 0202 0202 0101 0301 0303 0202 0301 0204 0304 0404 0402 0304 0301 0202 0404 0101 0301 0402 0101 0101 0403 0101 0303 0303 0202 0301 0101 
29 , 0101 0403 0202 0303 0101 0303 0403 0302 0202 0101 0404 0202 0404 0202 0404 0102 0101 0303 0202 0303 0202 0303 0404 0204 0403 0101 0203 0404 0101 0101 0202 0103 0101 0403 0101 0302 0404 0202 0303 0101 
30 , 0101 0403 0202 0404 0201 0103 0404 0202 0303 0101 0401 0202 0402 0202 0202 0202 0101 0303 0203 0103 0202 0404 0404 0204 0403 0103 0202 0403 0101 0101 0202 0101 0101 0403 0101 0303 0303 0202 0101 0101 
31 , 0101 0404 0102 0304 0101 0101 0304 0302 0202 0201 0104 0202 0402 0102 0202 0102 0101 0403 0202 0301 0204 0303 0404 0202 0304 0303 0202 0404 0101 0101 0402 0101 0101 0404 0201 0303 0304 0202 0303 0101 
32 , 0101 0403 0202 0303 0101 0101 0304 0302 0203 0101 0404 0202 0202 0202 0202 0101 0301 0303 0302 0103 0202 0403 0403 0202 0404 0303 0202 0404 0103 0101 0204 0103 0101 0404 0201 0303 0303 0202 0301 0202 
33 , 0101 0404 0202 0303 0101 0101 0404 0302 0302 0102 0404 0202 0202 0202 0404 0202 0101 0303 0302 0103 0202 0303 0404 0402 0404 0303 0202 0404 0101 0101 0202 0103 0101 0404 0101 0303 0403 0202 0103 0201 
34 , 0101 0404 0102 0304 0101 0101 0404 0303 0203 0201 0104 0202 0202 0102 0204 0201 0101 0403 0202 0301 0202 0303 0404 0202 0304 0301 0203 0404 0103 0101 0404 0103 0101 0404 0101 0303 0303 0202 0303 0101 
35 , 0101 0404 0102 0303 0101 0103 0404 0303 0302 0101 0401 0202 0204 0202 0202 0202 0101 0303 0202 0101 0204 0403 0404 0204 0303 0303 0303 0403 0103 0101 0402 0103 0101 0304 0101 0302 0404 0202 0303 0101 
36 , 0101 0404 0102 0303 0101 0101 0303 0203 0302 0102 0401 0202 0204 0202 0202 0202 0301 0303 0203 0301 0404 0303 0404 0202 0404 0303 0202 0404 0101 0101 0402 0301 0101 0303 0101 0303 0303 0202 0101 0201 
37 , 0101 0404 0101 0303 0101 0103 0303 0302 0202 0101 0404 0202 0202 0202 0202 0101 0101 0404 0202 0101 0204 0303 0403 0202 0403 0303 0202 0404 0101 0101 0202 0301 0101 0304 0201 0303 0303 0202 0301 0101 
38 , 0101 0403 0102 0403 0101 0103 0303 0302 0303 0101 0401 0202 0204 0202 0202 0101 0301 0303 0202 0301 0402 0303 0404 0202 0403 0303 0202 0403 0101 0101 0202 0101 0101 0303 0101 0303 0304 0202 0101 0201 
39 , 0101 0404 0201 0303 0101 0101 0403 0202 0303 0101 0404 0102 0202 0202 0202 0202 0101 0303 0202 0101 0204 0303 0404 0202 0404 0301 0202 0404 0301 0101 0402 0101 0101 0404 0201 0303 0303 0203 0101 0101 
40 , 0101 0404 0201 0303 0101 0101 0403 0203 0203 0101 0404 0202 0202 0202 0402 0101 0101 0303 0202 0103 0202 0303 0404 0402 0403 0103 0202 0404 0301 0101 0402 0103 0401 0404 0101 0303 0303 0202 0303 0201 
41 , 0101 0404 0202 0303 0101 0101 0403 0203 0302 0201 0404 0202 0204 0202 0202 0202 0101 0303 0203 0101 0202 0303 0304 0204 0403 0303 0202 0404 0301 0101 0402 0101 0101 0404 0101 0303 0303 0202 0303 0101 
42 , 0101 0404 0201 0304 0101 0103 0304 0203 0303 0202 0401 0202 0202 0202 0202 0202 0101 0303 0203 0101 0202 0304 0404 0204 0404 0303 0203 0403 0101 0303 0404 0101 0104 0303 0201 0302 0303 0202 0301 0101 
43 , 0101 0404 0202 0303 0101 0101 0403 0203 0202 0101 0404 0202 0402 0202 0402 0102 0101 0303 0202 0301 0202 0303 0404 0202 0303 0303 0202 0404 0303 0101 0204 0303 0101 0304 0101 0303 0403 0303 0303 0101 
44 , 0101 0403 0202 0303 0101 0101 0404 0202 0202 0101 0404 0202 0204 0202 0402 0101 0101 0303 0303 0101 0204 0303 0404 0204 0404 0301 0203 0404 0301 0101 0402 0101 0101 0403 0101 0303 0303 0202 0301 0101 
45 , 0101 0404 0102 0303 0101 0101 0304 0202 0202 0201 0104 0202 0202 0202 0204 0101 0101 0303 0202 0301 0202 0303 0403 0202 0303 0303 0202 0404 0301 0101 0402 0101 0101 0404 0101 0303 0303 0202 0301 0102 
46 , 0303 0404 0202 0304 0101 0101 0403 0302 0203 0101 0104 0202 0204 0202 0202 0202 0101 0403 0202 0303 0202 0303 0403 0202 0304 0303 0202 0404 0101 0101 0404 0101 0101 0403 0101 0303 0303 0202 0303 0101 
47 , 0101 0404 0202 0303 0101 0101 0303 0202 0302 0101 0404 0202 0404 0202 0402 0101 0101 0303 0203 0101 0202 0303 0404 0202 0404 0303 0202 0403 0303 0101 0402 0101 0101 0404 0101 0303 0304 0202 0301 0202 
48 , 0101 0404 0102 0404 0101 0101 0304 0202 0203 0102 0404 0202 0402 0202 0204 0202 0301 0303 0202 0103 0202 0303 0304 0402 0404 0101 0302 0404 0101 0301 0402 0301 0101 0404 0101 0203 0403 0202 0103 0101 
49 , 0101 0404 0202 0304 0101 0101 0404 0302 0203 0102 0404 0202 0202 0202 0202 0101 0103 0303 0302 0101 0204 0304 0404 0202 0304 0103 0202 0404 0301 0301 0402 0103 0401 0304 0201 0303 0403 0202 0103 0201 
50 , 0303 0404 0102 0303 0101 0101 0304 0302 0203 0202 0404 0202 0202 0202 0404 0102 0103 0403 0302 0103 0402 0303 0404 0402 0404 0301 0203 0404 0101 0101 0404 0101 0101 0404 0201 0303 0303 0202 0303 0101 
51 , 0101 0404 0102 0403 0101 0101 0303 0203 0303 0102 0404 0202 0204 0202 0202 0102 0301 0303 0203 0301 0204 0304 0404 0404 0303 0303 0202 0404 0101 0101 0404 0103 0101 0403 0102 0303 0303 0302 0301 0101 
52 , 0303 0404 0202 0303 0101 0101 0303 0203 0202 0101 0404 0202 0404 0202 0202 0201 0101 0303 0303 0101 0202 0303 0404 0202 0404 0103 0202 0404 0301 0101 0202 0301 0401 0404 0101 0303 0303 0202 0303 0101 
53 , 0101 0404 0202 0303 0101 0101 0403 0302 0303 0101 0404 0202 0204 0202 0202 0202 0101 0303 0303 0101 0404 0303 0304 0202 0304 0103 0202 0404 0103 0103 0404 0103 0101 0404 0101 0303 0304 0202 0301 0101 
54 , 0101 0404 0101 0304 0101 0101 0404 0202 0203 0102 0404 0202 0202 0202 0202 0202 0101 0303 0302 0101 0202 0303 0404 0204 0303 0103 0202 0403 0103 0101 0202 0101 0101 0404 0102 0303 0403 0202 0103 0202 
55 , 0101 0404 0201 0404 0201 0101 0304 0202 0202 0201 0404 0202 0402 0202 0202 0201 0101 0303 0202 0101 0202 0303 0304 0202 0404 0103 0202 0404 0103 0101 0204 0101 0101 0404 0101 0303 0304 0202 0103 0101 
56 , 0301 0404 0202 0304 0101 0101 0404 0303 0203 0202 0104 0201 0202 0202 0202 0202 0103 0403 0202 0301 0404 0304 0404 0402 0304 0301 0302 0404 0101 0103 0404 0101 0101 0404 0201 0303 0304 0203 0303 0101 
57 , 0101 0404 0202 0304 0201 0101 0403 0203 0303 0202 0404 0202 0202 0202 0202 0202 0101 0303 0302 0101 0202 0304 0404 0204 0403 0103 0202 0404 0301 0103 0404 0101 0101 0404 0101 0303 0303 0203 0301 0101 
58 , 0301 0303 0202 0303 0101 0101 0403 0203 0302 0201 0401 0202 0204 0202 0202 0202 0101 0303 0202 0303 0404 0303 0404 0204 0303 0301 0203 0404 0301 0101 0404 0101 0101 0403 0101 0303 0403 0202 0301 0101 
59 , 0103 0404 0201 0404 0101 0101 0403 0303 0202 0101 0401 0202 0202 0102 0202 0101 0101 0303 0202 0101 0202 0303 0304 0204 0404 0103 0202 0404 0101 0103 0204 0103 0104 0304 0101 0303 0303 0302 0103 0202 
60 , 0101 0403 0202 0404 0101 0103 0404 0203 0303 0102 0401 0202 0202 0202 0402 0102 0101 0403 0203 0101 0202 0304 0404 0204 0404 0103 0203 0404 0101 0101 0402 0101 0101 0403 0101 0302 0303 0202 0303 0101 
61 , 0101 0404 0202 0303 0101 0101 0403 0203 0303 0202 0401 0202 0204 0202 0404 0101 0101 0303 0202 0101 0404 0303 0404 0202 0404 0103 0203 0404 0101 0101 0402 0101 0101 0403 0101 0303 0303 0202 0301 0101 
62 , 0101 0404 0202 0304 0101 0101 0403 0203 0202 0102 0104 0202 0202 0202 0202 0201 0101 0403 0303 0103 0402 0303 0404 0402 0404 0303 0202 0404 0303 0101 0204 0101 0101 0404 0201 0303 0304 0302 0301 0101 
63 , 0101 0304 0101 0403 0101 0101 0303 0203 0302 0101 0104 0202 0202 0202 0202 0102 0101 0303 0302 0101 0202 0303 0404 0204 0403 0101 0202 0404 0101 0101 0402 0301 0101 0403 0101 0303 0303 0202 0103 0201 
64 , 0101 0404 0102 0403 0101 0301 0403 0202 0303 0101 0101 0201 0402 0202 0402 0102 0103 0403 0203 0301 0202 0303 0404 0202 0404 0303 0203 0404 0101 0101 0404 0101 0101 0304 0101 0303 0404 0202 0103 0101 
65 , 0103 0304 0202 0303 0101 0101 0404 0202 0303 0102 0104 0202 0202 0202 0402 0101 0101 0303 0202 0301 0202 0304 0404 0404 0404 0303 0203 0404 0101 0101 0404 0301 0101 0404 0101 0303 0403 0202 0101 0101 
66 , 0101 0404 0201 0303 0101 0101 0303 0202 0203 0101 0404 0202 0402 0202 0402 0202 0101 0303 0202 0101 0204 0304 0404 0402 0403 0301 0202 0404 0101 0101 0402 0101 0101 0404 0101 0303 0403 0202 0103 0101 
67 , 0101 0404 0202 0304 0101 0101 0303 0303 0303 0102 0404 0202 0202 0202 0202 0202 0101 0303 0302 0301 0202 0303 0404 0202 0404 0303 0203 0404 0101 0301 0404 0101 0101 0304 0201 0303 0404 0202 0303 0101 
68 , 0103 0404 0201 0303 0101 0101 0303 0202 0302 0101 0401 0202 0202 0202 0202 0101 0101 0303 0202 0101 0202 0303 0404 0202 0304 0103 0202 0404 0303 0101 0402 0103 0101 0404 0101 0303 0303 0202 0101 0101 
69 , 0101 0403 0201 0303 0101 0101 0404 0203 0303 0102 0404 0202 0402 0202 0402 0202 0301 0303 0202 0103 0202 0304 0404 0202 0304 0103 0303 0403 0101 0301 0204 0101 0101 0303 0101 0303 0403 0302 0301 0101 
70 , 0101 0403 0202 0304 0101 0101 0404 0302 0202 0201 0104 0202 0202 0102 0202 0102 0101 0403 0202 0301 0202 0303 0404 0204 0303 0303 0302 0404 0101 0101 0402 0103 0101 0403 0101 0303 0303 0203 0301 0101 
71 , 0301 0304 0202 0304 0201 0101 0404 0202 0303 0101 0401 0202 0202 0202 0202 0202 0101 0303 0302 0101 0204 0303 0404 0204 0403 0101 0202 0404 0301 0101 0404 0103 0101 0403 0201 0303 0403 0202 0103 0101 
72 , 0101 0403 0101 0403 0101 0101 0304 0302 0303 0101 0404 0202 0202 0202 0202 0101 0101 0303 0302 0101 0402 0303 0304 0402 0304 0101 0202 0404 0103 0101 0404 0101 0101 0404 0101 0303 0304 0302 0103 0101 
73 , 0101 0404 0201 0404 0101 0101 0404 0302 0202 0101 0404 0202 0202 0202 0204 0102 0101 0403 0202 0101 0202 0304 0404 0202 0304 0303 0203 0404 0101 0101 0404 0101 0101 0403 0101 0303 0303 0202 0303 0101 
74 , 0101 0304 0202 0404 0101 0101 0404 0203 0303 0201 0104 0201 0202 0202 0202 0101 0101 0303 0202 0301 0204 0303 0404 0402 0304 0303 0202 0304 0301 0103 0402 0101 0101 0404 0101 0303 0303 0302 0301 0101 
75 , 0101 0404 0202 0303 0101 0301 0303 0303 0302 0201 0404 0202 0204 0202 0402 0202 0101 0303 0203 0301 0402 0303 0404 0204 0304 0103 0202 0404 0101 0101 0202 0301 0101 0404 0101 0303 0303 0202 0303 0102 
76 , 0301 0403 0202 0303 0101 0101 0304 0302 0203 0202 0104 0201 0404 0202 0202 0201 0101 0403 0202 0301 0204 0304 0404 0404 0304 0301 0203 0404 0101 0101 0402 0103 0101 0404 0101 0303 0303 0202 0301 0101 
77 , 0101 0404 0102 0304 0101 0101 0404 0303 0303 0101 0404 0202 0402 0202 0402 0202 0101 0303 0202 0103 0204 0303 0403 0202 0304 0103 0302 0404 0101 0101 0402 0101 0101 0304 0101 0303 0303 0202 0103 0201 
78 , 0101 0403 0102 0403 0101 0101 0303 0203 0302 0101 0104 0202 0402 0202 0204 0202 0101 0303 0202 0101 0204 0303 0404 0204 0403 0101 0203 0304 0301 0101 0204 0303 0101 0304 0101 0303 0404 0202 0101 0201 
79 , 0101 0403 0102 0304 0101 0101 0304 0202 0302 0101 0404 0202 0202 0202 0202 0102 0101 0303 0202 0301 0402 0303 0404 0202 0404 0103 0302 0404 0303 0101 0204 0301 0101 0304 0101 0203 0304 0202 0101 0101 
80 , 0101 0404 0102 0304 0101 0101 0403 0302 0302 0101 0404 0202 0202 0202 0202 0101 0101 0303 0302 0303 0402 0304 0404 0402 0404 0303 0303 0404 0101 0101 0404 0103 0101 0304 0101 0203 0303 0202 0103 0101 
81 , 0101 0404 0202 0303 0101 0101 0404 0202 0203 0101 0404 0202 0402 0202 0404 0101 0101 0303 0202 0101 0202 0403 0304 0402 0404 0303 0202 0404 0101 0301 0404 0103 0101 0404 0101 0203 0303 0202 0301 0101 
82 , 0101 0304 0101 0403 0101 0301 0404 0302 0203 0102 0104 0202 0404 0202 0402 0102 0101 0303 0203 0301 0402 0304 0404 0202 0304 0303 0202 0403 0103 0103 0404 0301 0101 0404 0101 0303 0403 0202 0101 0102 
83 , 0301 0404 0202 0303 0101 0101 0403 0203 0302 0202 0101 0202 0204 0202 0202 0101 0101 0303 0303 0101 0404 0304 0404 0204 0403 0103 0202 0404 0301 0101 0402 0101 0101 0403 0101 0303 0303 0202 0301 0101 
84 , 0101 0404 0201 0303 0101 0101 0403 0303 0202 0201 0101 0202 0202 0202 0402 0102 0101 0303 0202 0301 0404 0303 0404 0204 0303 0301 0203 0404 0101 0301 0202 0303 0101 0304 0201 0303 0304 0202 0101 0101 
85 , 0101 0404 0201 0303 0101 0101 0404 0303 0203 0101 0404 0202 0204 0202 0402 0202 0101 0303 0202 0301 0402 0303 0403 0402 0304 0303 0203 0404 0301 0101 0402 0301 0101 0303 0201 0303 0303 0302 0101 0101 
86 , 0301 0404 0202 0304 0101 0101 0303 0202 0203 0101 0404 0202 0202 0202 0404 0101 0101 0303 0203 0103 0402 0303 0404 0402 0403 0103 0203 0404 0101 0101 0204 0103 0101 0404 0101 0303 0304 0202 0303 0201 
87 , 0101 0404 0101 0404 0101 0101 0304 0202 0303 0201 0404 0202 0202 0202 0202 0102 0301 0304 0202 0301 0404 0303 0404 0202 0403 0303 0202 0304 0103 0101 0402 0103 0101 0304 0101 0303 0403 0202 0103 0201 
88 , 0101 0404 0201 0303 0101 0101 0403 0203 0303 0101 0404 0202 0202 0202 0202 0201 0101 0303 0202 0103 0202 0303 0404 0204 0304 0101 0202 0404 0103 0101 0202 0101 0101 0303 0101 0303 0303 0202 0301 0101 
89 , 0101 0304 0202 0303 0101 0101 0303 0302 0203 0201 0401 0202 0202 0202 0202 0102 0301 0303 0203 0101 0202 0303 0404 0202 0304 0103 0302 0404 0301 0101 0404 0101 0401 0404 0101 0303 0303 0202 0303 0101 
90 , 0301 0404 0202 0403 0101 0101 0403 0202 0203 0201 0404 0202 0202 0202 0202 0201 0101 0303 0302 0303 0202 0303 0404 0202 0303 0101 0203 0404 0303 0101 0402 0103 0101 0404 0101 0303 0303 0202 0303 0101 
91 , 0101 0404 0102 0304 0101 0101 0404 0203 0302 0102 0404 0202 0202 0202 0202 0102 0103 0303 0202 0103 0204 0304 0404 0202 0303 0301 0202 0404 0101 0103 0404 0301 0101 0404 0101 0303 0304 0202 0303 0101 
92 , 0101 0304 0202 0304 0101 0101 0403 0203 0302 0202 0404 0102 0404 0202 0204 0101 0103 0303 0202 0103 0402 0303 0404 0202 0403 0303 0202 0404 0101 0101 0402 0101 0101 0404 0201 0303 0303 0202 0303 0101 
93 , 0101 0404 0202 0304 0201 0101 0303 0302 0302 0101 0404 0202 0202 0202 0202 0102 0101 0303 0202 0103 0402 0303 0404 0202 0304 0301 0202 0404 0101 0103 0204 0101 0101 0404 0101 0303 0303 0203 0101 0201 
94 , 0101 0304 0102 0404 0101 0101 0303 0203 0303 0102 0404 0202 0402 0202 0202 0202 0101 0303 0202 0101 0202 0404 0404 0202 0403 0103 0202 0304 0301 0101 0204 0101 0101 0404 0101 0303 0404 0202 0103 0201 
95 , 0101 0304 0201 0303 0201 0101 0303 0203 0202 0101 0404 0202 0204 0202 0404 0202 0101 0303 0202 0101 0404 0303 0404 0204 0304 0303 0203 0404 0301 0101 0402 0303 0101 0404 0102 0303 0303 0202 0101 0101 
96 , 0101 0404 0202 0404 0101 0101 0404 0302 0302 0101 0401 0202 0202 0202 0202 0101 0103 0303 0203 0101 0204 0303 0404 0204 0303 0101 0202 0404 0101 0101 0202 0103 0101 0403 0101 0303 0304 0302 0101 0101 
97 , 0101 0404 0202 0304 0201 0101 0303 0302 0202 0102 0404 0202 0202 0202 0204 0102 0103 0303 0202 0101 0202 0303 0404 0202 0404 0303 0202 0304 0301 0101 0204 0101 0101 0404 0101 0303 0303 0202 0103 0101 
98 , 0101 0404 0202 0303 0101 0101 0403 0203 0203 0101 0404 0202 0202 0202 0402 0201 0101 0303 0202 0101 0202 0403 0404 0202 0303 0103 0202 0404 0103 0301 0404 0101 0101 0404 0101 0203 0304 0203 0103 0101 
99 , 0101 0404 0102 0404 0101 0101 0303 0203 0302 0201 0404 0202 0202 0202 0202 0201 0101 0303 0202 0103 0202 0304 0404 0202 0304 0103 0203 0304 0301 0101 0204 0101 0101 0404 0101 0303 0403 0202 0101 0101 
100 , 0101 0404 0102 0304 0101 0101 0304 0203 0203 0101 0404 0202 0202 0202 0202 0201 0101 0303 0202 0303 0202 0303 0404 0404 0403 0301 0303 0404 0303 0101 0402 0103 0101 0304 0101 0303 0403 0202 0103 0101 
101 , 0103 0404 0201 0303 0101 0101 0403 0303 0302 0201 0404 0202 0404 0202 0402 0102 0101 0303 0303 0101 0202 0403 0404 0204 0404 0101 0202 0404 0101 0101 0202 0301 0401 0404 0101 0303 0403 0202 0301 0101 
102 , 0101 0404 0201 0303 0101 0101 0304 0303 0203 0101 0401 0202 0402 0202 0204 0201 0101 0303 0203 0301 0202 0403 0404 0204 0304 0303 0202 0303 0103 0101 0402 0103 0101 0304 0101 0303 0404 0302 0301 0101 
103 , 0101 0404 0201 0303 0101 0101 0403 0302 0202 0201 0104 0202 0202 0202 0402 0102 0301 0303 0202 0301 0202 0304 0404 0404 0303 0301 0202 0404 0301 0101 0202 0101 0101 0303 0201 0303 0303 0303 0103 0101 
104 , 0101 0404 0201 0303 0101 0101 0303 0302 0303 0101 0404 0202 0202 0202 0404 0202 0101 0303 0302 0301 0404 0304 0404 0402 0303 0303 0202 0404 0103 0101 0202 0103 0101 0404 0101 0303 0403 0302 0103 0202 
105 , 0301 0404 0202 0303 0101 0101 0304 0302 0302 0101 0404 0201 0204 0202 0204 0101 0101 0303 0203 0301 0404 0303 0404 0404 0304 0301 0302 0404 0101 0101 0202 0103 0104 0404 0101 0303 0303 0202 0101 0101 
106 , 0301 0303 0202 0303 0101 0101 0404 0202 0303 0102 0404 0102 0204 0202 0202 0101 0101 0303 0202 0101 0404 0304 0404 0402 0404 0303 0303 0404 0101 0301 0402 0303 0101 0304 0101 0303 0303 0302 0301 0201 
107 , 0101 0404 0101 0403 0101 0101 0303 0203 0202 0101 0401 0202 0204 0202 0204 0201 0301 0303 0202 0101 0404 0303 0304 0404 0404 0101 0203 0404 0301 0101 0402 0103 0101 0404 0102 0203 0404 0202 0301 0101 
108 , 0101 0404 0102 0304 0101 0101 0403 0303 0303 0101 0404 0202 0202 0202 0204 0201 0101 0303 0202 0301 0202 0403 0404 0402 0403 0301 0203 0404 0103 0101 0404 0303 0101 0404 0101 0303 0303 0202 0303 0101 
109 , 0101 0404 0102 0404 0102 0101 0304 0302 0202 0201 0104 0202 0202 0202 0202 0102 0101 0303 0202 0301 0202 0303 0404 0202 0303 0303 0202 0304 0103 0101 0402 0103 0101 0403 0101 0303 0303 0303 0301 0101 
110 , 0101 0403 0202 0404 0101 0101 0304 0302 0302 0101 0401 0202 0402 0202 0402 0102 0103 0403 0202 0101 0202 0303 0404 0204 0404 0103 0202 0404 0301 0101 0404 0101 0101 0404 0101 0303 0304 0202 0303 0101 
111 , 0101 0404 0101 0403 0101 0301 0303 0203 0202 0101 0401 0202 0204 0202 0204 0201 0301 0303 0202 0301 0404 0304 0404 0204 0404 0301 0203 0304 0101 0101 0202 0103 0101 0304 0101 0303 0303 0202 0101 0101 
112 , 0101 0403 0102 0403 0101 0101 0304 0202 0202 0101 0404 0202 0202 0202 0202 0201 0301 0303 0202 0101 0402 0303 0303 0202 0403 0103 0202 0304 0301 0301 0402 0103 0101 0404 0101 0203 0404 0202 0301 0101 
113 , 0101 0404 0202 0303 0101 0101 0403 0303 0303 0202 0404 0102 0404 0202 0204 0201 0101 0303 0203 0101 0204 0304 0404 0204 0403 0303 0203 0404 0301 0101 0404 0103 0101 0403 0201 0303 0303 0202 0301 0101 
114 , 0101 0403 0102 0304 0201 0101 0403 0302 0302 0102 0404 0202 0402 0202 0402 0201 0103 0303 0202 0103 0202 0403 0403 0202 0304 0303 0302 0404 0101 0103 0402 0101 0101 0404 0102 0303 0304 0202 0103 0201 
115 , 0301 0404 0202 0304 0101 0101 0403 0202 0202 0202 0104 0201 0402 0202 0202 0102 0103 0403 0202 0103 0202 0304 0404 0202 0303 0301 0302 0404 0101 0101 0404 0101 0101 0404 0101 0303 0304 0202 0301 0101 
116 , 0101 0304 0201 0303 0101 0101 0304 0203 0302 0101 0404 0202 0202 0202 0402 0202 0101 0303 0302 0303 0204 0303 0403 0202 0303 0101 0302 0404 0101 0301 0404 0301 0401 0304 0101 0303 0403 0202 0303 0101 
117 , 0301 0404 0202 0404 0101 0101 0404 0202 0302 0101 0404 0202 0202 0202 0202 0202 0101 0303 0302 0101 0402 0304 0403 0402 0404 0303 0202 0404 0301 0101 0402 0103 0101 0403 0101 0303 0303 0202 0103 0101 
118 , 0101 0404 0202 0304 0101 0101 0403 0203 0303 0101 0404 0202 0402 0202 0402 0202 0301 0303 0203 0101 0204 0304 0404 0204 0404 0101 0302 0403 0101 0101 0404 0101 0104 0303 0101 0303 0304 0202 0303 0101 
119 , 0103 0404 0201 0303 0201 0101 0304 0203 0303 0101 0401 0202 0402 0202 0202 0102 0301 0303 0202 0101 0202 0303 0404 0204 0304 0103 0202 0404 0103 0101 0404 0103 0104 0304 0101 0303 0303 0202 0301 0102 
120 , 0101 0404 0202 0404 0101 0101 0404 0303 0302 0102 0404 0201 0202 0202 0202 0202 0101 0303 0302 0103 0404 0304 0404 0204 0404 0101 0202 0404 0301 0103 0204 0101 0101 0404 0101 0303 0303 0202 0101 0101 
121 , 0101 0404 0202 0403 0101 0103 0403 0203 0202 0101 0401 0202 0202 0202 0404 0102 0101 0403 0202 0101 0202 0303 0404 0204 0403 0101 0203 0404 0303 0101 0404 0103 0101 0404 0101 0303 0303 0202 0301 0201 
122 , 0101 0404 0201 0303 0101 0101 0404 0302 0203 0101 0404 0202 0402 0202 0402 0202 0301 0303 0202 0301 0204 0304 0404 0202 0303 0103 0303 0404 0101 0301 0204 0303 0101 0403 0101 0303 0303 0302 0301 0101 
123 , 0103 0403 0202 0303 0101 0101 0404 0203 0302 0201 0404 0202 0204 0202 0404 0101 0101 0303 0302 0101 0204 0303 0404 0202 0404 0101 0203 0403 0101 0101 0402 0103 0401 0404 0101 0303 0304 0202 0101 0101 
124 , 0101 0404 0101 0303 0201 0101 0403 0202 0302 0101 0104 0202 0402 0202 0202 0201 0101 0303 0202 0101 0204 0304 0404 0204 0303 0101 0302 0404 0101 0101 0202 0101 0101 0303 0101 0303 0303 0202 0303 0101 
125 , 0101 0404 0102 0404 0101 0101 0404 0302 0303 0102 0104 0202 0402 0202 0202 0202 0103 0303 0202 0101 0202 0403 0404 0202 0304 0301 0303 0404 0101 0101 0402 0101 0101 0404 0101 0303 0303 0202 0303 0201 
126 , 0101 0404 0201 0303 0101 0101 0403 0203 0203 0101 0104 0202 0202 0202 0402 0101 0101 0303 0203 0103 0202 0303 0404 0404 0303 0301 0202 0404 0103 0101 0404 0103 0101 0303 0201 0303 0303 0302 0101 0101 
127 , 0101 0304 0202 0303 0101 0101 0403 0303 0203 0102 0101 0202 0204 0102 0202 0202 0101 0403 0202 0301 0204 0304 0404 0402 0303 0303 0202 0404 0101 0101 0402 0101 0101 0403 0102 0303 0403 0202 0101 0101 
128 , 0101 0404 0202 0403 0101 0101 0303 0303 0302 0101 0404 0202 0402 0202 0202 0202 0101 0303 0202 0303 0402 0304 0404 0202 0404 0103 0302 0404 0101 0101 0404 0101 0101 0404 0101 0303 0303 0202 0103 0101 
129 , 0101 0403 0202 0303 0101 0301 0304 0303 0202 0201 0404 0202 0404 0202 0402 0101 0103 0303 0303 0101 0404 0303 0404 0202 0304 0101 0203 0403 0101 0101 0402 0101 0104 0403 0101 0303 0304 0202 0301 0101 
130 , 0101 0404 0102 0403 0101 0301 0403 0203 0303 0101 0104 0202 0202 0202 0402 0102 0101 0403 0202 0301 0404 0303 0404 0204 0403 0303 0202 0403 0101 0101 0402 0101 0101 0303 0101 0303 0404 0202 0101 0101 
131 , 0101 0403 0202 0303 0101 0101 0404 0203 0302 0101 0104 0201 0204 0202 0202 0201 0101 0303 0203 0101 0204 0303 0404 0204 0403 0101 0203 0404 0101 0101 0402 0101 0104 0303 0101 0303 0304 0302 0301 0101 
132 , 0101 0404 0202 0304 0101 0101 0403 0302 0202 0101 0404 0202 0204 0201 0402 0202 0101 0304 0302 0303 0404 0303 0404 0404 0303 0103 0202 0404 0101 0101 0202 0103 0101 0403 0101 0303 0403 0303 0103 0202 
133 , 0103 0404 0102 0403 0101 0101 0404 0303 0303 0102 0404 0202 0204 0202 0202 0201 0101 0303 0303 0103 0202 0403 0403 0202 0304 0103 0202 0404 0103 0101 0404 0301 0101 0304 0101 0303 0303 0202 0303 0101 
134 , 0101 0404 0202 0303 0101 0101 0403 0303 0202 0101 0404 0202 0402 0201 0402 0101 0301 0303 0202 0301 0202 0303 0404 0202 0304 0101 0203 0403 0301 0101 0204 0301 0104 0303 0101 0303 0404 0302 0301 0101 
135 , 0303 0404 0202 0403 0101 0101 0403 0203 0303 0101 0404 0202 0204 0202 0202 0201 0101 0303 0303 0301 0202 0303 0404 0204 0304 0103 0202 0304 0101 0101 0402 0101 0101 0404 0101 0303 0403 0202 0303 0102 
136 , 0101 0403 0102 0304 0101 0101 0304 0302 0202 0101 0404 0202 0202 0202 0202 0201 0101 0303 0202 0301 0402 0303 0404 0402 0403 0301 0202 0404 0301 0101 0402 0301 0101 0303 0101 0203 0404 0202 0101 0101 
137 , 0301 0404 0201 0303 0101 0101 0303 0202 0202 0101 0404 0202 0402 0202 0402 0202 0101 0304 0202 0101 0202 0303 0404 0202 0404 0303 0202 0404 0303 0101 0402 0303 0101 0404 0101 0303 0403 0202 0101 0101 
138 , 0101 0404 0202 0403 0101 0101 0304 0203 0302 0101 0401 0202 0404 0202 0404 0102 0101 0303 0202 0103 0204 0303 0404 0204 0403 0101 0203 0404 0101 0101 0402 0301 0101 0404 0101 0303 0304 0202 0301 0201 
139 , 0101 0404 0201 0303 0101 0101 0404 0303 0203 0101 0401 0202 0402 0202 0402 0102 0101 0303 0202 0301 0202 0303 0403 0202 0304 0101 0302 0404 0101 0101 0404 0301 0101 0403 0101 0303 0404 0302 0301 0101 
140 , 0101 0404 0202 0303 0101 0101 0403 0303 0202 0101 0404 0202 0204 0202 0202 0201 0101 0303 0302 0101 0204 0403 0404 0204 0303 0101 0202 0404 0101 0101 0402 0301 0101 0304 0101 0303 0404 0202 0303 0101 
141 , 0101 0404 0202 0303 0101 0101 0404 0302 0303 0102 0104 0202 0404 0202 0202 0101 0101 0303 0203 0301 0204 0304 0404 0202 0304 0101 0202 0404 0301 0101 0204 0103 0101 0404 0101 0303 0304 0202 0301 0101 
142 , 0101 0304 0102 0404 0101 0101 0403 0302 0302 0201 0404 0202 0202 0202 0402 0201 0101 0303 0202 0101 0202 0303 0404 0402 0303 0103 0302 0404 0103 0101 0404 0101 0101 0304 0101 0303 0404 0202 0301 0101 
143 , 0101 0404 0102 0404 0101 0101 0404 0202 0202 0201 0404 0202 0202 0202 0202 0102 0101 0303 0202 0301 0204 0304 0404 0402 0303 0303 0202 0304 0303 0101 0202 0303 0101 0403 0101 0303 0403 0302 0303 0101 
144 , 0101 0404 0201 0303 0101 0101 0403 0203 0303 0101 0104 0202 0202 0202 0202 0102 0101 0303 0203 0103 0404 0304 0404 0202 0404 0103 0202 0404 0301 0101 0402 0103 0101 0304 0101 0303 0303 0203 0303 0101 
145 , 0101 0404 0101 0403 0101 0101 0304 0202 0202 0101 0401 0202 0402 0202 0202 0202 0301 0303 0202 0101 0402 0303 0404 0402 0404 0101 0202 0404 0101 0103 0402 0103 0101 0404 0101 0203 0404 0202 0303 0102 
146 , 0103 0303 0201 0304 0101 0101 0404 0302 0203 0101 0404 0202 0202 0202 0202 0102 0103 0303 0202 0303 0204 0303 0404 0202 0304 0303 0203 0403 0301 0301 0402 0301 0101 0304 0101 0303 0403 0202 0303 0201 
147 , 0101 0404 0202 0404 0201 0101 0404 0202 0203 0101 0404 0202 0402 0202 0202 0201 0101 0303 0202 0101 0202 0303 0304 0202 0403 0101 0203 0404 0103 0101 0204 0103 0101 0404 0101 0303 0303 0202 0103 0101 
148 , 0101 0404 0201 0304 0101 0101 0303 0203 0203 0101 0404 0202 0402 0202 0202 0102 0101 0304 0202 0101 0204 0304 0304 0204 0403 0103 0202 0404 0301 0301 0402 0101 0104 0404 0101 0303 0303 0203 0301 0102 
149 , 0101 0404 0201 0304 0201 0101 0303 0202 0302 0102 0104 0202 0402 0202 0204 0101 0301 0303 0202 0101 0204 0303 0404 0204 0303 0103 0303 0404 0101 0101 0204 0103 0101 0404 0101 0303 0303 0202 0303 0102 
150 , 0101 0304 0102 0403 0101 0101 0303 0203 0303 0101 0104 0202 0202 0202 0202 0102 0101 0303 0203 0103 0204 0303 0404 0202 0403 0303 0202 0304 0101 0101 0202 0101 0101 0404 0101 0303 0303 0203 0101 0101 
151 , 0101 0404 0202 0403 0101 0101 0404 0303 0203 0101 0404 0202 0202 0102 0202 0102 0101 0303 0202 0101 0204 0303 0304 0202 0403 0101 0202 0404 0101 0101 0202 0101 0101 0304 0101 0303 0304 0303 0103 0101 
152 , 0101 0404 0201 0403 0101 0101 0403 0303 0302 0101 0404 0202 0202 0202 0202 0202 0101 0303 0202 0101 0204 0403 0404 0204 0304 0103 0203 0404 0101 0101 0402 0103 0101 0303 0101 0303 0303 0202 0301 0101 
153 , 0101 0403 0202 0303 0101 0101 0404 0303 0303 0101 0404 0202 0402 0202 0402 0202 0101 0403 0202 0301 0202 0303 0404 0404 0404 0303 0202 0404 0101 0101 0404 0301 0101 0304 0101 0303 0403 0202 0103 0101 
154 , 0101 0404 0202 0304 0101 0101 0403 0202 0303 0101 0404 0202 0202 0202 0202 0202 0101 0303 0202 0101 0402 0303 0404 0402 0303 0103 0202 0404 0101 0101 0204 0303 0101 0404 0101 0303 0403 0202 0301 0101 
155 , 0101 0403 0202 0304 0101 0101 0303 0302 0302 0201 0404 0202 0202 0202 0402 0201 0103 0303 0202 0301 0202 0303 0404 0204 0403 0303 0202 0404 0101 0301 0202 0103 0101 0303 0101 0303 0303 0202 0301 0101 
156 , 0101 0403 0202 0304 0101 0101 0304 0302 0202 0202 0404 0202 0202 0202 0204 0202 0103 0303 0302 0103 0202 0303 0404 0202 0403 0303 0202 0404 0101 0303 0204 0101 0101 0304 0102 0303 0404 0202 0301 0101 
157 , 0101 0403 0202 0303 0101 0101 0304 0202 0303 0101 0404 0202 0204 0202 0202 0201 0101 0303 0303 0301 0202 0304 0404 0204 0404 0303 0203 0404 0101 0301 0204 0101 0101 0404 0101 0303 0403 0202 0301 0101 
158 , 0101 0404 0101 0303 0101 0101 0304 0203 0303 0101 0404 0202 0402 0202 0202 0102 0301 0303 0202 0301 0204 0303 0404 0204 0403 0301 0202 0404 0101 0101 0404 0101 0101 0404 0101 0303 0303 0202 0301 0101 
159 , 0101 0404 0202 0303 0101 0101 0303 0302 0203 0101 0104 0202 0202 0202 0404 0101 0301 0303 0202 0103 0202 0303 0404 0402 0304 0301 0203 0404 0103 0301 0202 0303 0101 0304 0201 0303 0303 0302 0103 0101 
160 , 0101 0304 0201 0403 0101 0101 0403 0303 0303 0201 0404 0202 0202 0102 0202 0201 0101 0303 0302 0301 0204 0303 0404 0402 0304 0103 0302 0404 0101 0101 0402 0101 0101 0404 0101 0303 0403 0202 0301 0101 
161 , 0101 0404 0102 0403 0101 0101 0303 0203 0203 0101 0404 0202 0202 0202 0204 0101 0301 0303 0202 0101 0402 0303 0404 0202 0403 0303 0202 0304 0101 0101 0202 0103 0101 0304 0101 0303 0403 0202 0101 0201 
162 , 0101 0403 0201 0303 0101 0103 0404 0203 0302 0101 0104 0202 0402 0202 0202 0202 0301 0303 0203 0301 0202 0304 0404 0202 0303 0301 0302 0403 0101 0101 0202 0301 0101 0404 0102 0303 0303 0202 0301 0102 
163 , 0301 0404 0202 0304 0101 0101 0303 0203 0203 0101 0404 0202 0202 0202 0202 0101 0101 0303 0202 0103 0204 0303 0404 0202 0403 0303 0302 0304 0101 0101 0402 0301 0101 0304 0101 0303 0403 0202 0103 0201 
164 , 0101 0404 0102 0303 0101 0101 0303 0203 0202 0102 0404 0202 0404 0202 0202 0101 0301 0303 0202 0301 0204 0303 0404 0202 0403 0303 0203 0404 0101 0101 0402 0101 0101 0403 0102 0303 0303 0202 0301 0101 
165 , 0101 0403 0202 0303 0101 0101 0404 0202 0302 0101 0404 0202 0402 0202 0204 0102 0301 0303 0202 0303 0202 0303 0404 0202 0303 0103 0302 0404 0103 0301 0202 0101 0401 0304 0101 0303 0403 0202 0301 0101 
166 , 0101 0404 0201 0404 0201 0101 0404 0202 0303 0201 0404 0202 0202 0202 0402 0102 0101 0303 0202 0101 0404 0303 0404 0202 0304 0103 0202 0404 0301 0101 0402 0103 0401 0404 0101 0303 0303 0202 0303 0101 
167 , 0101 0404 0101 0403 0101 0101 0304 0303 0203 0102 0404 0202 0202 0202 0202 0101 0303 0303 0202 0303 0202 0304 0404 0202 0403 0303 0202 0404 0101 0103 0402 0103 0101 0403 0101 0303 0303 0302 0301 0101 
168 , 0101 0403 0202 0304 0101 0101 0404 0202 0203 0202 0101 0202 0202 0102 0202 0101 0101 0403 0202 0101 0202 0304 0404 0202 0303 0303 0202 0403 0101 0101 0404 0101 0104 0403 0101 0303 0303 0202 0301 0101 
169 , 0101 0304 0202 0304 0101 0101 0403 0203 0303 0102 0404 0202 0202 0202 0202 0202 0101 0303 0202 0303 0204 0303 0403 0202 0304 0103 0202 0404 0301 0101 0204 0101 0101 0404 0101 0303 0403 0202 0303 0201 
170 , 0101 0404 0102 0303 0101 0101 0304 0202 0203 0202 0101 0202 0202 0202 0202 0102 0103 0303 0202 0303 0204 0303 0404 0402 0304 0303 0203 0303 0301 0101 0202 0301 0101 0403 0101 0303 0403 0302 0303 0101 
171 , 0101 0403 0202 0303 0101 0101 0304 0302 0203 0101 0404 0202 0402 0202 0204 0202 0101 0303 0302 0303 0202 0303 0403 0202 0303 0303 0202 0304 0101 0101 0204 0101 0101 0304 0101 0303 0403 0302 0301 0102 
172 , 0101 0404 0202 0303 0101 0101 0403 0202 0202 0101 0404 0202 0204 0202 0202 0102 0101 0304 0202 0103 0202 0303 0404 0404 0303 0103 0202 0404 0303 0101 0202 0301 0101 0404 0201 0303 0303 0203 0301 0202 
173 , 0101 0304 0101 0303 0101 0101 0403 0203 0203 0201 0104 0202 0402 0202 0202 0102 0101 0303 0202 0301 0204 0303 0404 0202 0304 0301 0202 0404 0301 0101 0402 0301 0101 0303 0101 0303 0403 0202 0101 0101 
174 , 0101 0404 0102 0303 0101 0301 0304 0303 0303 0102 0404 0202 0202 0202 0204 0102 0301 0303 0202 0301 0402 0303 0404 0202 0404 0303 0202 0304 0101 0101 0202 0103 0101 0304 0102 0303 0403 0202 0103 0201 
175 , 0301 0404 0201 0303 0201 0101 0303 0202 0302 0101 0404 0202 0202 0202 0202 0201 0101 0303 0202 0101 0202 0303 0404 0202 0403 0301 0202 0404 0303 0101 0404 0301 0101 0404 0201 0303 0403 0202 0301 0101 
176 , 0101 0404 0102 0404 0101 0101 0303 0303 0203 0102 0404 0202 0402 0202 0204 0202 0101 0303 0202 0101 0402 0303 0404 0202 0403 0103 0203 0304 0103 0301 0404 0303 0101 0404 0101 0203 0404 0202 0101 0101 
177 , 0301 0404 0201 0303 0101 0101 0403 0302 0303 0101 0404 0202 0202 0202 0202 0102 0101 0303 0202 0301 0404 0304 0404 0404 0304 0301 0202 0404 0101 0101 0402 0101 0101 0403 0101 0303 0303 0203 0101 0101 
178 , 0301 0404 0102 0303 0101 0101 0304 0203 0202 0202 0104 0202 0402 0102 0204 0202 0101 0404 0202 0103 0404 0303 0404 0204 0304 0303 0202 0404 0101 0101 0402 0103 0101 0404 0102 0303 0303 0202 0303 0101 
179 , 0101 0404 0202 0304 0101 0101 0403 0203 0303 0201 0404 0202 0202 0202 0202 0202 0101 0303 0202 0101 0404 0304 0404 0204 0403 0303 0202 0404 0101 0101 0202 0101 0101 0304 0201 0303 0303 0302 0301 0201 
180 , 0301 0304 0202 0303 0101 0101 0304 0202 0203 0201 0404 0202 0202 0202 0202 0101 0101 0303 0203 0101 0402 0304 0404 0402 0404 0103 0302 0404 0101 0101 0404 0103 0101 0404 0101 0303 0304 0202 0101 0101 
181 , 0101 0404 0202 0403 0101 0101 0404 0302 0203 0102 0404 0202 0404 0202 0202 0101 0101 0303 0202 0101 0402 0304 0404 0204 0304 0101 0303 0404 0101 0101 0204 0103 0101 0404 0101 0303 0304 0202 0101 0101 
182 , 0101 0404 0202 0304 0101 0101 0404 0203 0203 0101 0404 0202 0402 0202 0402 0101 0101 0303 0202 0303 0204 0303 0404 0202 0404 0303 0202 0404 0101 0101 0202 0103 0101 0404 0101 0303 0403 0302 0301 0101 
183 , 0103 0403 0102 0303 0101 0301 0304 0202 0202 0101 0404 0201 0204 0202 0202 0201 0301 0303 0203 0301 0404 0303 0404 0202 0403 0301 0202 0303 0101 0101 0202 0301 0104 0304 0101 0303 0403 0202 0101 0201 
184 , 0101 0404 0102 0403 0101 0101 0304 0202 0303 0201 0404 0202 0204 0202 0202 0102 0101 0303 0202 0301 0204 0303 0404 0202 0303 0303 0203 0304 0301 0101 0402 0301 0101 0404 0101 0303 0403 0303 0303 0101 
185 , 0101 0303 0201 0303 0201 0101 0304 0202 0203 0101 0404 0202 0402 0202 0202 0201 0101 0403 0303 0101 0202 0304 0404 0202 0403 0303 0202 0404 0301 0103 0404 0101 0104 0403 0101 0302 0403 0202 0303 0101 
186 , 0101 0404 0201 0303 0101 0101 0403 0303 0202 0101 0401 0202 0202 0202 0404 0202 0101 0303 0202 0101 0204 0304 0404 0204 0304 0101 0203 0404 0301 0101 0402 0103 0101 0403 0201 0303 0404 0202 0301 0101 
187 , 0301 0304 0201 0303 0101 0101 0403 0203 0203 0101 0404 0202 0202 0202 0204 0101 0101 0303 0302 0103 0404 0303 0404 0402 0404 0303 0302 0404 0101 0301 0202 0303 0101 0304 0101 0303 0403 0302 0103 0201 
188 , 0101 0404 0101 0404 0101 0101 0404 0303 0203 0101 0404 0202 0202 0202 0202 0102 0301 0303 0202 0101 0202 0404 0404 0202 0303 0303 0203 0404 0101 0101 0204 0301 0101 0403 0101 0303 0404 0202 0303 0101 
189 , 0103 0404 0202 0304 0101 0101 0404 0302 0203 0102 0404 0202 0402 0202 0404 0101 0101 0303 0202 0303 0202 0303 0404 0202 0304 0101 0302 0404 0101 0101 0404 0101 0101 0404 0101 0303 0403 0302 0303 0101 
190 , 0101 0404 0202 0403 0101 0101 0403 0302 0303 0101 0401 0202 0202 0101 0202 0102 0103 0303 0203 0101 0202 0403 0404 0202 0404 0103 0203 0404 0101 0101 0204 0101 0101 0404 0101 0303 0304 0302 0103 0201 
191 , 0101 0403 0102 0403 0101 0101 0303 0203 0302 0101 0101 0202 0402 0202 0204 0202 0101 0303 0202 0103 0202 0403 0404 0204 0403 0103 0203 0303 0301 0101 0204 0301 0101 0403 0101 0302 0303 0202 0101 0101 
192 , 0101 0304 0201 0303 0101 0301 0403 0303 0202 0101 0401 0202 0402 0202 0402 0101 0101 0303 0202 0301 0204 0304 0404 0204 0404 0301 0203 0404 0101 0101 0402 0103 0101 0403 0101 0303 0403 0202 0301 0101 
193 , 0301 0404 0201 0404 0101 0101 0404 0203 0303 0101 0404 0201 0202 0202 0202 0201 0101 0303 0302 0301 0404 0303 0404 0202 0303 0103 0202 0304 0301 0103 0202 0101 0101 0404 0101 0303 0403 0202 0301 0101 
194 , 0103 0404 0201 0303 0102 0103 0304 0303 0302 0102 0404 0202 0202 0202 0202 0102 0301 0303 0202 0301 0204 0303 0403 0202 0304 0301 0203 0404 0101 0301 0402 0101 0101 0403 0101 0303 0303 0202 0303 0101 
195 , 0101 0403 0102 0404 0101 0101 0404 0302 0303 0101 0401 0202 0402 0202 0202 0101 0103 0303 0202 0103 0204 0303 0404 0202 0304 0103 0203 0404 0101 0103 0202 0101 0101 0304 0101 0303 0304 0302 0103 0101 
196 , 0101 0403 0201 0303 0101 0103 0404 0302 0303 0101 0401 0202 0202 0202 0202 0101 0101 0303 0202 0301 0202 0404 0404 0202 0403 0303 0202 0403 0101 0103 0402 0301 0104 0303 0101 0302 0403 0202 0103 0201 
197 , 0101 0403 0202 0304 0101 0101 0404 0302 0202 0101 0404 0202 0202 0202 0202 0101 0101 0303 0202 0301 0402 0303 0404 0202 0303 0303 0202 0404 0103 0101 0204 0101 0401 0404 0101 0303 0303 0202 0103 0101 
198 , 0101 0404 0102 0303 0101 0101 0403 0202 0302 0101 0404 0202 0402 0202 0402 0202 0101 0303 0202 0101 0202 0303 0404 0202 0304 0103 0302 0404 0103 0101 0402 0103 0101 0404 0201 0303 0303 0202 0101 0101 
199 , 0101 0403 0102 0303 0101 0101 0304 0302 0202 0201 0404 0202 0202 0202 0402 0201 0101 0303 0203 0303 0402 0303 0403 0202 0403 0103 0302 0404 0303 0101 0404 0103 0101 0304 0101 0203 0304 0202 0101 0102 
200 , 0101 0404 0202 0303 0101 0101 0404 0302 0303 0201 0404 0202 0202 0202 0202 0201 0101 0303 0302 0103 0402 0403 0404 0204 0404 0101 0203 0404 0103 0101 0204 0103 0401 0404 0101 0303 0403 0202 0103 0101 
