Generated genotype output
1
2
3
4
5
6
7
8
9
10
11
12
13
14
15
16
17
18
19
20
21
22
23
24
25
26
27
28
29
30
31
32
33
34
35
36
37
38
39
40
Pop
1 , 0000 0401 0400 0003 0303 0402 0401 0304 0402 0100 0003 0404 0403 0004 0202 0402 0002 0101 0404 0204 0004 0404 0204 0303 0303 0302 0201 0304 0402 0100 0403 0101 0102 0404 0102 0302 0202 0100 0404 0304
2 , 0402 0003 0301 0202 0300 0301 0201 0004 0203 0103 0200 0100 0400 0003 0302 0302 0202 0304 0201 0403 0202 0303 0101 0304 0204 0204 0400 0103 0304 0402 0104 0202 0402 0400 0102 0401 0102 0100 0002 0403
3 , 0402 0304 0301 0200 0302 0301 0201 0304 0203 0103 0103 0104 0403 0203 0302 0202 0202 0304 0201 0403 0402 0104 0301 0201 0302 0301 0201 0304 0203 0103 0003 0101 0403 0203 0302 0002 0202 0304 0201 0403
4 , 0302 0404 0400 0303 0101 0102 0201 0402 0403 0303 0302 0104 0201 0400 0202 0102 0403 0404 0103 0303 0302 0403 0404 0303 0101 0102 0201 0400 0400 0303 0302 0104 0201 0401 0202 0100 0003 0404 0103 0303
5 , 0404 0401 0102 0303 0003 0402 0400 0304 0402 0104 0400 0404 0403 0204 0202 0302 0202 0102 0404 0204 0400 0304 0301 0201 0302 0301 0001 0304 0203 0103 0100 0001 0003 0000 0302 0202 0002 0300 0201 0403
6 , 0402 0104 0301 0201 0302 0301 0201 0304 0203 0103 0103 0101 0403 0203 0302 0302 0202 0304 0201 0403 0402 0304 0001 0202 0302 0301 0201 0300 0203 0103 0203 0100 0403 0200 0302 0302 0202 0304 0201 0400
7 , 0300 0401 0404 0003 0101 0100 0201 0402 0403 0103 0304 0104 0201 0401 0201 0102 0403 0400 0103 0303 0302 0404 0404 0303 0001 0102 0201 0402 0403 0103 0304 0104 0201 0401 0202 0100 0403 0402 0103 0300
8 , 0402 0304 0301 0201 0002 0301 0201 0303 0200 0103 0103 0101 0403 0203 0302 0202 0202 0304 0201 0403 0402 0304 0301 0201 0002 0001 0201 0304 0203 0003 0103 0201 0403 0203 0302 0002 0202 0304 0201 0403
9 , 0302 0303 0401 0304 0403 0404 0201 0303 0002 0402 0004 0300 0404 0404 0302 0401 0104 0104 0402 0203 0002 0303 0101 0304 0204 0204 0403 0103 0304 0002 0104 0202 0402 0403 0102 0401 0102 0104 0102 0403
10 , 0402 0300 0301 0201 0302 0001 0201 0304 0200 0103 0103 0101 0403 0003 0302 0202 0202 0304 0201 0403 0404 0401 0102 0303 0303 0002 0401 0304 0402 0104 0403 0404 0403 0004 0202 0302 0202 0102 0400 0204
11 , 0302 0103 0401 0304 0202 0204 0403 0103 0300 0402 0104 0202 0402 0403 0102 0401 0100 0104 0102 0403 0302 0003 0101 0304 0202 0404 0403 0103 0304 0401 0104 0302 0404 0403 0102 0400 0102 0104 0003 0403
12 , 0302 0303 0001 0004 0402 0004 0201 0303 0302 0402 0400 0200 0404 0404 0302 0400 0104 0103 0402 0203 0402 0304 0304 0202 0302 0300 0201 0304 0203 0003 0203 0101 0403 0203 0302 0302 0202 0104 0201 0403
13 , 0002 0304 0301 0200 0302 0301 0200 0304 0203 0103 0203 0001 0403 0203 0302 0302 0202 0304 0201 0403 0404 0401 0102 0303 0303 0002 0401 0300 0002 0104 0003 0404 0403 0204 0202 0302 0202 0101 0400 0204
14 , 0300 0303 0401 0304 0402 0404 0201 0303 0303 0402 0404 0202 0104 0402 0000 0401 0104 0103 0402 0202 0002 0304 0301 0101 0302 0301 0301 0304 0203 0103 0103 0001 0203 0203 0302 0002 0200 0304 0204 0403
15 , 0002 0303 0101 0300 0204 0204 0403 0103 0304 0402 0100 0202 0402 0403 0102 0401 0102 0104 0002 0403 0303 0300 0101 0304 0204 0004 0203 0103 0304 0402 0100 0202 0402 0403 0102 0401 0102 0004 0100 0403
16 , 0302 0300 0401 0304 0402 0404 0200 0301 0302 0002 0004 0202 0104 0404 0302 0401 0104 0103 0402 0203 0302 0303 0401 0304 0402 0404 0201 0303 0302 0402 0004 0202 0404 0404 0002 0401 0104 0103 0002 0003
17 , 0404 0402 0004 0403 0303 0402 0204 0204 0400 0404 0403 0101 0403 0304 0102 0400 0202 0101 0404 0204 0402 0304 0300 0202 0302 0300 0201 0304 0003 0103 0003 0101 0403 0000 0302 0302 0202 0304 0201 0403
18 , 0002 0302 0404 0304 0402 0404 0201 0303 0302 0002 0404 0204 0104 0401 0302 0401 0104 0103 0402 0203 0402 0204 0301 0201 0302 0301 0201 0304 0203 0103 0003 0101 0403 0203 0302 0300 0202 0304 0201 0403
19 , 0300 0404 0404 0302 0101 0102 0001 0404 0403 0103 0302 0104 0201 0401 0202 0102 0403 0402 0103 0003 0402 0304 0301 0201 0300 0301 0200 0304 0203 0103 0103 0201 0403 0203 0302 0202 0202 0304 0201 0403
20 , 0202 0003 0100 0004 0204 0200 0403 0103 0304 0402 0004 0002 0402 0403 0102 0401 0102 0104 0102 0003 0302 0303 0401 0304 0402 0400 0201 0303 0302 0402 0404 0202 0404 0404 0302 0400 0104 0100 0402 0200
21 , 0402 0204 0301 0201 0302 0300 0201 0304 0203 0103 0103 0001 0403 0203 0302 0302 0202 0304 0201 0403 0402 0304 0300 0201 0302 0300 0201 0304 0003 0100 0103 0101 0404 0203 0002 0302 0202 0303 0201 0403
22 , 0402 0004 0301 0201 0302 0301 0001 0304 0203 0103 0203 0101 0403 0203 0300 0202 0002 0304 0201 0403 0402 0304 0301 0200 0302 0301 0201 0304 0003 0103 0103 0100 0403 0003 0302 0202 0202 0304 0201 0403
23 , 0302 0404 0004 0302 0101 0102 0200 0404 0403 0103 0302 0104 0200 0401 0202 0102 0403 0402 0103 0300 0402 0304 0301 0201 0302 0301 0200 0304 0203 0103 0100 0104 0403 0203 0300 0202 0202 0304 0201 0403
24 , 0404 0401 0102 0303 0303 0402 0400 0300 0402 0104 0403 0404 0403 0204 0002 0002 0202 0101 0404 0204 0402 0304 0301 0201 0302 0001 0201 0004 0203 0103 0103 0101 0404 0203 0002 0302 0202 0303 0201 0403
25 , 0300 0303 0400 0304 0402 0404 0201 0303 0302 0402 0404 0002 0104 0402 0302 0401 0104 0103 0402 0203 0404 0400 0404 0403 0003 0402 0000 0204 0401 0404 0403 0001 0403 0004 0102 0402 0202 0101 0404 0204
26 , 0302 0003 0401 0304 0402 0404 0201 0303 0002 0402 0404 0202 0404 0404 0302 0401 0104 0100 0402 0203 0302 0404 0404 0303 0101 0102 0201 0402 0403 0303 0302 0104 0201 0400 0202 0002 0400 0404 0103 0303
27 , 0302 0103 0401 0304 0002 0204 0403 0103 0304 0402 0104 0200 0402 0403 0102 0401 0102 0104 0102 0403 0302 0304 0101 0004 0202 0400 0000 0103 0304 0401 0104 0302 0404 0403 0102 0401 0102 0104 0103 0403
28 , 0402 0104 0301 0201 0300 0301 0001 0004 0203 0103 0103 0101 0402 0203 0302 0302 0002 0304 0201 0400 0404 0404 0404 0403 0303 0402 0004 0204 0401 0404 0403 0101 0400 0404 0102 0402 0202 0101 0000 0204
29 , 0302 0300 0401 0304 0403 0404 0200 0303 0302 0402 0304 0302 0404 0404 0302 0401 0104 0104 0402 0203 0202 0303 0101 0304 0204 0204 0403 0103 0304 0402 0104 0202 0402 0403 0102 0401 0102 0104 0102 0403
30 , 0402 0304 0301 0200 0302 0301 0201 0304 0203 0103 0103 0101 0404 0203 0400 0302 0002 0303 0201 0403 0402 0004 0301 0202 0302 0301 0201 0304 0203 0103 0203 0001 0403 0203 0302 0302 0202 0304 0001 0403
31 , 0003 0303 0101 0304 0204 0204 0203 0100 0304 0402 0004 0202 0401 0403 0102 0400 0102 0104 0102 0403 0302 0300 0401 0004 0402 0404 0001 0303 0300 0402 0404 0202 0404 0404 0002 0401 0104 0103 0402 0003
32 , 0302 0303 0401 0304 0402 0404 0201 0303 0302 0402 0404 0202 0004 0404 0302 0401 0104 0103 0202 0203 0300 0404 0404 0303 0101 0102 0201 0402 0403 0100 0304 0104 0200 0401 0202 0100 0400 0402 0103 0303
33 , 0302 0404 0004 0303 0101 0102 0201 0402 0403 0303 0302 0004 0201 0401 0202 0102 0403 0404 0103 0303 0302 0300 0401 0304 0402 0400 0201 0303 0302 0402 0404 0202 0104 0404 0302 0401 0104 0103 0000 0203
34 , 0402 0304 0301 0201 0302 0301 0200 0304 0203 0100 0003 0101 0404 0203 0402 0302 0202 0303 0001 0403 0402 0304 0301 0201 0002 0301 0201 0304 0203 0103 0100 0101 0403 0003 0302 0202 0202 0304 0201 0403
35 , 0402 0004 0301 0201 0302 0001 0201 0304 0203 0103 0103 0201 0403 0203 0302 0202 0200 0304 0201 0403 0404 0402 0004 0403 0303 0402 0204 0204 0402 0404 0403 0101 0403 0304 0102 0402 0202 0001 0404 0204
36 , 0302 0303 0401 0304 0402 0404 0000 0303 0302 0400 0004 0202 0400 0404 0302 0401 0104 0003 0002 0203 0302 0303 0401 0004 0402 0404 0201 0303 0302 0402 0404 0202 0404 0404 0302 0401 0004 0103 0402 0203
37 , 0400 0304 0300 0201 0302 0300 0201 0004 0203 0103 0103 0101 0404 0203 0402 0302 0202 0303 0200 0403 0402 0204 0301 0201 0302 0001 0201 0304 0203 0103 0103 0101 0400 0003 0302 0302 0202 0304 0201 0403
38 , 0302 0003 0401 0304 0402 0404 0201 0303 0002 0402 0404 0004 0004 0401 0302 0401 0104 0103 0402 0203 0303 0303 0101 0304 0204 0204 0003 0003 0304 0402 0104 0002 0401 0403 0102 0401 0102 0104 0102 0403
39 , 0402 0204 0301 0201 0302 0001 0200 0304 0203 0103 0103 0000 0403 0203 0302 0302 0202 0304 0201 0403 0404 0402 0404 0403 0303 0402 0204 0204 0402 0404 0403 0101 0403 0304 0102 0400 0202 0101 0404 0204
40 , 0402 0000 0301 0201 0300 0300 0201 0304 0203 0103 0103 0201 0403 0203 0302 0202 0202 0304 0001 0403 0402 0104 0001 0200 0002 0001 0201 0304 0203 0103 0103 0101 0000 0203 0002 0302 0202 0304 0201 0403
41 , 0402 0104 0301 0001 0302 0301 0201 0004 0203 0103 0100 0100 0403 0203 0002 0302 0202 0304 0201 0403 0402 0304 0301 0201 0300 0301 0001 0304 0203 0100 0103 0101 0403 0203 0302 0200 0202 0304 0201 0403
42 , 0402 0304 0301 0201 0302 0301 0201 0303 0203 0103 0103 0101 0403 0203 0302 0202 0202 0304 0201 0403 0402 0304 0301 0000 0302 0301 0201 0304 0203 0103 0003 0101 0400 0203 0402 0302 0202 0303 0201 0403
43 , 0402 0204 0300 0201 0002 0300 0202 0304 0203 0003 0103 0101 0003 0203 0302 0302 0200 0304 0400 0403 0404 0402 0404 0403 0300 0402 0000 0204 0402 0404 0401 0101 0403 0404 0102 0402 0202 0101 0404 0204
44 , 0402 0104 0300 0201 0302 0300 0201 0304 0203 0103 0103 0101 0403 0003 0302 0300 0002 0304 0200 0403 0000 0303 0001 0304 0204 0204 0403 0103 0304 0402 0104 0200 0402 0403 0102 0401 0102 0104 0102 0403
45 , 0300 0303 0401 0304 0403 0404 0201 0303 0302 0402 0304 0302 0402 0404 0002 0100 0104 0003 0402 0203 0302 0400 0404 0303 0101 0002 0201 0402 0400 0103 0300 0104 0200 0401 0002 0102 0403 0402 0103 0303
46 , 0300 0303 0100 0300 0204 0200 0203 0103 0304 0402 0104 0202 0401 0403 0101 0401 0102 0104 0102 0403 0302 0401 0404 0303 0101 0102 0201 0402 0403 0103 0304 0104 0201 0401 0202 0002 0403 0402 0103 0303
47 , 0002 0400 0404 0303 0101 0102 0001 0402 0000 0103 0304 0104 0201 0401 0201 0102 0403 0402 0103 0303 0302 0303 0001 0300 0402 0404 0200 0303 0302 0402 0404 0202 0404 0004 0302 0001 0104 0103 0402 0203
48 , 0402 0304 0301 0201 0302 0301 0401 0304 0203 0103 0103 0101 0403 0003 0302 0202 0202 0304 0200 0403 0302 0300 0401 0304 0403 0404 0201 0300 0300 0402 0304 0301 0104 0404 0302 0401 0104 0104 0402 0203
49 , 0300 0404 0404 0302 0100 0102 0201 0404 0403 0103 0302 0104 0201 0401 0202 0102 0403 0002 0003 0303 0400 0404 0404 0400 0303 0402 0204 0204 0401 0404 0403 0101 0203 0404 0100 0402 0002 0101 0004 0200
50 , 0402 0300 0301 0001 0302 0301 0201 0300 0203 0100 0103 0101 0400 0203 0402 0302 0202 0303 0201 0400 0302 0303 0401 0304 0402 0400 0201 0303 0302 0402 0404 0202 0004 0404 0302 0401 0104 0003 0402 0203
51 , 0303 0303 0001 0304 0200 0204 0203 0003 0304 0402 0104 0202 0401 0403 0102 0401 0102 0104 0002 0400 0402 0204 0301 0201 0302 0301 0201 0304 0003 0103 0003 0101 0403 0203 0302 0002 0202 0304 0201 0403
52 , 0402 0304 0301 0201 0302 0301 0001 0304 0203 0003 0103 0101 0004 0203 0402 0302 0202 0303 0200 0403 0002 0303 0104 0304 0200 0204 0400 0103 0304 0402 0104 0302 0402 0403 0102 0401 0102 0104 0103 0403
53 , 0404 0402 0404 0400 0303 0402 0204 0204 0402 0000 0403 0101 0400 0304 0100 0402 0203 0100 0404 0204 0104 0401 0402 0303 0303 0402 0401 0302 0400 0103 0400 0404 0403 0204 0202 0402 0202 0101 0400 0200
54 , 0404 0404 0204 0303 0303 0302 0200 0300 0402 0100 0403 0101 0102 0404 0102 0302 0202 0101 0404 0004 0402 0304 0301 0201 0302 0301 0201 0304 0200 0103 0100 0100 0403 0203 0302 0202 0202 0304 0201 0403
55 , 0402 0304 0301 0201 0302 0301 0001 0303 0203 0103 0100 0101 0403 0203 0302 0202 0002 0304 0201 0403 0402 0304 0301 0201 0302 0301 0200 0304 0003 0103 0103 0101 0400 0200 0302 0202 0202 0304 0201 0403
56 , 0402 0204 0301 0201 0302 0301 0202 0304 0203 0103 0103 0100 0403 0203 0302 0300 0002 0304 0401 0403 0402 0104 0301 0201 0302 0301 0201 0304 0203 0103 0103 0101 0403 0203 0002 0302 0002 0304 0001 0003
57 , 0404 0404 0204 0303 0303 0302 0201 0304 0402 0102 0403 0101 0103 0400 0102 0300 0002 0401 0400 0304 0004 0402 0404 0403 0303 0402 0204 0204 0402 0404 0400 0101 0403 0304 0102 0402 0202 0100 0404 0204
58 , 0302 0401 0404 0003 0101 0102 0201 0002 0403 0103 0304 0100 0201 0401 0202 0102 0403 0402 0103 0003 0402 0304 0301 0001 0302 0301 0201 0304 0203 0103 0103 0101 0404 0200 0402 0302 0200 0003 0201 0403
59 , 0402 0304 0301 0201 0302 0300 0202 0304 0200 0003 0103 0100 0403 0003 0302 0202 0202 0304 0000 0403 0402 0304 0301 0201 0302 0301 0201 0304 0203 0103 0103 0101 0404 0201 0402 0302 0202 0303 0201 0403
60 , 0302 0303 0401 0304 0403 0004 0201 0303 0302 0402 0304 0300 0402 0004 0302 0101 0004 0103 0402 0203 0302 0401 0404 0303 0101 0102 0201 0402 0403 0103 0304 0104 0201 0401 0201 0102 0403 0402 0103 0303
61 , 0202 0303 0101 0304 0204 0204 0403 0103 0304 0402 0104 0202 0402 0403 0102 0401 0002 0000 0002 0403 0404 0404 0004 0300 0303 0302 0201 0300 0402 0102 0403 0101 0103 0404 0102 0302 0202 0401 0404 0304
62 , 0302 0003 0401 0304 0002 0404 0201 0303 0302 0402 0404 0202 0404 0404 0302 0401 0104 0103 0402 0203 0302 0404 0400 0303 0001 0102 0201 0402 0403 0300 0302 0104 0201 0401 0202 0100 0403 0404 0103 0303
63 , 0302 0404 0404 0303 0101 0102 0201 0402 0003 0303 0302 0104 0201 0401 0202 0102 0403 0404 0103 0303 0302 0303 0001 0304 0402 0400 0201 0303 0302 0402 0404 0002 0404 0404 0302 0401 0104 0100 0402 0203
64 , 0400 0304 0301 0200 0002 0301 0201 0304 0203 0103 0103 0101 0404 0203 0400 0302 0200 0303 0201 0403 0202 0303 0100 0304 0200 0204 0003 0103 0304 0002 0104 0202 0402 0003 0102 0401 0102 0104 0102 0403
65 , 0404 0402 0404 0003 0300 0402 0204 0004 0402 0404 0403 0101 0403 0000 0102 0402 0202 0101 0404 0204 0404 0404 0004 0303 0303 0302 0201 0004 0402 0102 0403 0101 0003 0400 0102 0300 0202 0401 0404 0304
66 , 0400 0402 0404 0200 0303 0102 0204 0204 0402 0400 0003 0101 0403 0404 0102 0402 0202 0101 0104 0200 0402 0304 0301 0201 0002 0301 0201 0304 0203 0103 0103 0001 0404 0203 0402 0300 0200 0303 0201 0403
67 , 0402 0000 0301 0201 0302 0301 0201 0304 0203 0103 0103 0100 0403 0203 0302 0302 0202 0304 0201 0403 0004 0404 0404 0403 0303 0402 0204 0004 0401 0404 0403 0101 0203 0404 0102 0402 0202 0101 0404 0204
68 , 0302 0303 0401 0304 0403 0404 0201 0303 0302 0402 0304 0300 0404 0404 0002 0400 0104 0104 0402 0203 0302 0303 0401 0304 0403 0404 0201 0303 0302 0402 0300 0302 0404 0404 0302 0401 0104 0004 0402 0003
69 , 0002 0104 0001 0200 0302 0300 0201 0004 0203 0103 0103 0101 0003 0203 0300 0302 0202 0304 0200 0400 0402 0204 0301 0001 0302 0301 0201 0004 0203 0103 0103 0100 0000 0203 0002 0002 0202 0304 0201 0403
70 , 0302 0404 0404 0303 0101 0002 0201 0402 0403 0303 0302 0104 0201 0401 0202 0102 0403 0404 0103 0303 0404 0404 0404 0403 0303 0402 0004 0204 0401 0404 0403 0100 0403 0004 0102 0402 0202 0101 0404 0204
71 , 0302 0300 0401 0304 0402 0404 0201 0303 0302 0402 0404 0200 0404 0004 0302 0400 0104 0103 0002 0003 0404 0404 0404 0403 0300 0402 0204 0204 0001 0404 0403 0101 0403 0404 0102 0402 0200 0101 0404 0204
72 , 0404 0404 0204 0303 0300 0000 0001 0304 0402 0102 0403 0101 0102 0404 0102 0302 0202 0101 0404 0304 0402 0304 0301 0101 0302 0301 0300 0304 0203 0003 0101 0401 0203 0203 0302 0000 0202 0004 0204 0403
73 , 0404 0404 0204 0303 0303 0302 0201 0300 0402 0100 0003 0101 0102 0404 0102 0302 0002 0101 0404 0304 0402 0304 0301 0301 0302 0301 0201 0104 0203 0103 0103 0101 0403 0203 0302 0202 0202 0304 0201 0403
74 , 0004 0402 0404 0203 0303 0402 0204 0200 0402 0404 0403 0001 0403 0404 0102 0402 0202 0101 0404 0200 0302 0303 0401 0300 0402 0400 0201 0303 0002 0400 0404 0202 0404 0404 0302 0401 0104 0003 0402 0200
75 , 0300 0303 0401 0304 0402 0404 0201 0001 0302 0402 0404 0202 0104 0404 0302 0401 0104 0103 0002 0203 0402 0304 0001 0201 0302 0301 0201 0304 0203 0103 0103 0201 0400 0203 0302 0200 0202 0304 0201 0403
76 , 0000 0003 0401 0300 0402 0404 0001 0003 0302 0402 0404 0204 0004 0401 0302 0401 0104 0103 0402 0203 0303 0304 0401 0304 0403 0400 0201 0303 0302 0402 0304 0301 0404 0404 0302 0401 0104 0104 0402 0203
77 , 0402 0204 0301 0201 0302 0301 0201 0304 0203 0103 0103 0101 0403 0203 0302 0302 0202 0304 0201 0403 0302 0404 0404 0003 0101 0100 0200 0402 0403 0303 0302 0100 0201 0401 0202 0102 0003 0404 0103 0003
78 , 0402 0204 0301 0201 0300 0301 0201 0300 0003 0103 0003 0100 0403 0203 0302 0302 0202 0304 0201 0403 0402 0304 0301 0201 0302 0001 0201 0304 0203 0103 0103 0101 0404 0203 0402 0302 0202 0303 0201 0403
79 , 0402 0304 0301 0201 0302 0301 0201 0304 0203 0003 0103 0101 0403 0203 0302 0202 0202 0004 0201 0403 0302 0304 0101 0304 0202 0404 0403 0103 0304 0401 0104 0300 0004 0400 0102 0400 0102 0104 0103 0403
80 , 0402 0303 0301 0202 0302 0301 0201 0304 0203 0103 0203 0101 0403 0203 0302 0302 0202 0304 0201 0403 0402 0300 0301 0000 0302 0301 0201 0204 0203 0103 0103 0101 0403 0203 0302 0202 0202 0304 0000 0400
81 , 0402 0104 0001 0201 0300 0001 0201 0304 0003 0103 0103 0101 0400 0203 0302 0302 0202 0304 0201 0003 0202 0303 0101 0004 0204 0204 0400 0003 0304 0002 0104 0200 0402 0003 0100 0401 0102 0104 0102 0403
82 , 0104 0401 0402 0303 0303 0402 0401 0300 0402 0103 0003 0404 0400 0004 0202 0402 0202 0101 0404 0204 0402 0304 0401 0301 0302 0001 0201 0304 0203 0100 0100 0100 0403 0203 0302 0200 0200 0203 0201 0403
83 , 0402 0304 0301 0200 0300 0001 0201 0004 0203 0103 0203 0100 0403 0000 0002 0302 0202 0304 0001 0003 0402 0004 0301 0202 0300 0301 0200 0300 0203 0103 0203 0101 0403 0003 0302 0302 0202 0304 0201 0403
84 , 0302 0304 0101 0300 0202 0400 0403 0103 0300 0401 0104 0302 0404 0403 0102 0401 0102 0104 0003 0403 0402 0104 0301 0201 0302 0301 0201 0304 0203 0103 0101 0101 0403 0203 0302 0302 0202 0304 0201 0403
85 , 0002 0303 0401 0304 0402 0004 0201 0303 0302 0402 0004 0200 0404 0400 0300 0400 0104 0103 0402 0203 0302 0103 0101 0304 0202 0204 0403 0103 0300 0402 0104 0202 0402 0404 0102 0301 0102 0104 0102 0403
86 , 0404 0401 0102 0303 0303 0400 0401 0304 0402 0104 0403 0404 0403 0204 0202 0302 0202 0102 0004 0204 0302 0303 0401 0300 0402 0404 0201 0303 0302 0402 0404 0002 0404 0404 0302 0401 0104 0003 0402 0003
87 , 0004 0402 0404 0403 0403 0402 0204 0204 0402 0404 0403 0101 0403 0304 0102 0401 0202 0101 0004 0204 0300 0303 0401 0304 0402 0404 0201 0303 0302 0402 0404 0200 0400 0404 0302 0401 0100 0103 0402 0203
88 , 0302 0003 0000 0304 0203 0404 0201 0003 0302 0402 0304 0002 0402 0004 0302 0101 0104 0103 0402 0003 0302 0303 0401 0304 0402 0404 0201 0303 0302 0402 0404 0202 0404 0404 0302 0401 0104 0103 0400 0003
89 , 0402 0104 0301 0201 0302 0301 0001 0304 0203 0103 0103 0101 0403 0203 0302 0302 0202 0304 0201 0403 0402 0304 0301 0201 0302 0301 0200 0104 0200 0103 0100 0100 0403 0203 0302 0202 0202 0304 0001 0400
90 , 0200 0303 0101 0304 0204 0204 0403 0103 0304 0402 0100 0200 0402 0400 0102 0401 0102 0104 0102 0403 0302 0000 0101 0300 0202 0404 0403 0103 0304 0400 0104 0302 0204 0403 0102 0401 0002 0104 0103 0403
91 , 0402 0304 0301 0201 0302 0301 0201 0304 0203 0103 0103 0001 0403 0203 0302 0202 0202 0304 0200 0403 0402 0304 0001 0202 0302 0301 0201 0000 0203 0103 0203 0100 0403 0203 0302 0302 0202 0304 0201 0000
92 , 0402 0304 0001 0201 0302 0301 0201 0304 0203 0103 0100 0101 0404 0203 0400 0302 0202 0303 0201 0403 0402 0304 0001 0202 0302 0301 0201 0304 0203 0103 0200 0101 0403 0003 0302 0002 0202 0304 0200 0403
93 , 0302 0300 0101 0304 0202 0404 0403 0103 0304 0401 0104 0302 0204 0003 0102 0401 0100 0104 0103 0403 0300 0303 0101 0304 0202 0404 0403 0103 0304 0401 0104 0302 0404 0400 0102 0401 0102 0104 0103 0403
94 , 0402 0004 0301 0001 0302 0301 0201 0303 0203 0103 0103 0101 0404 0203 0402 0002 0202 0303 0201 0403 0302 0303 0001 0300 0202 0404 0403 0103 0304 0401 0104 0302 0400 0403 0102 0001 0002 0104 0103 0403
95 , 0302 0300 0401 0304 0403 0404 0201 0303 0302 0402 0304 0302 0400 0404 0302 0001 0104 0104 0402 0203 0402 0104 0301 0200 0302 0301 0201 0304 0203 0103 0103 0101 0402 0203 0302 0302 0202 0304 0201 0403
96 , 0302 0303 0401 0304 0403 0004 0201 0303 0302 0402 0304 0301 0104 0404 0302 0401 0104 0104 0402 0203 0302 0303 0101 0304 0200 0404 0003 0100 0304 0401 0004 0300 0404 0403 0102 0401 0100 0004 0101 0403
97 , 0002 0304 0300 0201 0302 0301 0201 0304 0203 0103 0003 0201 0403 0203 0302 0202 0202 0300 0200 0403 0104 0401 0402 0303 0303 0402 0401 0300 0402 0103 0400 0404 0403 0204 0202 0402 0200 0100 0004 0204
98 , 0302 0000 0401 0304 0003 0404 0201 0303 0302 0402 0304 0302 0400 0404 0302 0401 0104 0004 0402 0203 0402 0204 0301 0001 0302 0301 0200 0304 0200 0103 0103 0101 0403 0003 0302 0002 0202 0304 0201 0403
99 , 0401 0300 0301 0202 0302 0301 0001 0304 0203 0100 0203 0101 0403 0003 0302 0302 0200 0304 0001 0403 0302 0001 0404 0303 0101 0102 0200 0402 0403 0103 0304 0104 0201 0401 0202 0102 0403 0402 0103 0303
100 , 0400 0204 0001 0201 0302 0301 0201 0004 0203 0103 0103 0101 0403 0203 0300 0302 0200 0004 0200 0003 0302 0300 0401 0300 0002 0404 0001 0303 0304 0402 0004 0200 0104 0404 0302 0401 0104 0003 0402 0203