Generated genotype output
1
2
3
4
5
6
7
8
9
10
11
12
13
14
15
16
17
18
19
20
21
22
23
24
25
26
27
28
29
30
31
32
33
34
35
36
37
38
39
40
41
42
43
44
45
46
47
48
49
50
51
52
53
54
55
56
57
58
59
60
61
62
63
64
65
66
67
68
69
70
71
72
73
74
75
76
77
78
79
80
Pop
1 , 0102 0301 0102 0400 0203 0200 0303 0002 0101 0104 0200 0202 0001 0304 0201 0101 0202 0303 0402 0100 0103 0402 0104 0101 0401 0403 0103 0404 0400 0001 0004 0104 0204 0403 0203 0103 0201 0404 0203 0403 0103 0200 0104 0302 0303 0201 0201 0101 0402 0102 0203 0303 0003 0003 0102 0201 0003 0401 0301 0304 0101 0301 0404 0401 0303 0204 0102 0303 0104 0301 0201 0401 0402 0201 0302 0204 0404
2 , 0102 0000 0102 0400 0203 0204 0303 0200 0101 0104 0204 0202 0301 0304 0201 0101 0202 0003 0002 0103 0100 0402 0104 0101 0401 0403 0103 0404 0001 0301 0104 0104 0204 0403 0003 0103 0201 0404 0203 0304 0104 0204 0100 0302 0403 0201 0404 0304 0003 0103 0103 0301 0100 0102 0404 0302 0103 0303 0004 0102 0201 0203 0100 0100 0003 0300 0104 0201 0101 0002 0204 0104 0201 0404 0402 0200 0300
3 , 0104 0301 0302 0401 0403 0203 0002 0102 0101 0004 0204 0202 0003 0302 0301 0301 0202 0103 0304 0100 0103 0401 0103 0104 0402 0100 0302 0402 0103 0301 0100 0102 0204 0204 0202 0103 0202 0000 0403 0203 0103 0404 0104 0302 0303 0300 0401 0101 0402 0300 0203 0203 0104 0101 0102 0201 0303 0401 0001 0304 0102 0101 0104 0104 0303 0204 0001 0103 0103 0403 0202 0403 0302 0101 0402 0202 0404
4 , 0200 0301 0302 0401 0403 0203 0302 0102 0001 0104 0204 0202 0303 0302 0001 0301 0402 0103 0004 0100 0103 0401 0103 0104 0402 0100 0300 0402 0203 0301 0204 0102 0204 0004 0002 0103 0202 0404 0403 0203 0103 0404 0104 0302 0303 0001 0401 0101 0402 0302 0203 0203 0104 0101 0102 0201 0302 0400 0301 0304 0102 0101 0004 0200 0303 0204 0201 0103 0100 0403 0202 0403 0302 0100 0402 0202 0404
5 , 0102 0301 0102 0404 0203 0204 0300 0202 0100 0104 0204 0202 0304 0304 0201 0101 0002 0304 0402 0103 0102 0400 0104 0100 0401 0400 0100 0404 0401 0001 0104 0104 0201 0400 0203 0103 0200 0404 0203 0403 0103 0404 0104 0302 0303 0200 0201 0101 0402 0402 0203 0303 0200 0003 0002 0202 0303 0401 0301 0304 0101 0301 0404 0200 0003 0204 0202 0303 0101 0401 0402 0402 0402 0401 0302 0204 0404
6 , 0102 0301 0102 0404 0203 0000 0300 0202 0101 0104 0200 0202 0300 0304 0000 0101 0202 0003 0402 0103 0003 0402 0104 0101 0401 0403 0103 0404 0401 0301 0104 0104 0204 0403 0203 0103 0201 0404 0003 0403 0103 0404 0104 0302 0300 0201 0201 0101 0402 0402 0203 0303 0203 0103 0102 0202 0303 0401 0301 0304 0101 0301 0404 0201 0303 0204 0000 0303 0001 0401 0402 0402 0002 0001 0302 0204 0404
7 , 0004 0301 0102 0404 0203 0204 0003 0202 0101 0104 0204 0201 0301 0104 0201 0100 0202 0303 0002 0103 0103 0402 0104 0204 0100 0103 0103 0204 0301 0101 0104 0104 0204 0403 0200 0100 0200 0404 0003 0304 0104 0204 0104 0304 0403 0201 0404 0304 0103 0003 0103 0301 0104 0102 0404 0300 0103 0003 0304 0102 0201 0003 0103 0101 0303 0301 0104 0201 0101 0302 0204 0104 0001 0404 0402 0201 0302
8 , 0102 0301 0102 0404 0003 0204 0303 0202 0101 0104 0204 0202 0301 0304 0201 0101 0202 0303 0402 0100 0003 0401 0004 0101 0401 0403 0103 0004 0401 0301 0104 0104 0204 0003 0203 0003 0201 0404 0203 0200 0101 0204 0002 0302 0403 0302 0201 0201 0102 0402 0203 0103 0402 0101 0000 0200 0404 0201 0001 0304 0200 0404 0404 0104 0301 0304 0404 0103 0101 0404 0402 0404 0302 0301 0002 0204 0402
9 , 0202 0301 0100 0404 0203 0004 0303 0202 0101 0104 0204 0202 0400 0304 0201 0101 0202 0304 0402 0103 0103 0002 0104 0101 0401 0403 0103 0403 0001 0301 0104 0104 0000 0403 0203 0103 0201 0400 0203 0403 0101 0204 0402 0302 0403 0002 0201 0100 0402 0402 0100 0001 0402 0102 0102 0203 0304 0201 0301 0304 0201 0402 0401 0401 0301 0302 0003 0201 0100 0400 0402 0400 0300 0303 0302 0304 0402
10 , 0102 0301 0002 0000 0203 0004 0303 0202 0101 0004 0204 0202 0301 0004 0200 0101 0202 0303 0402 0103 0103 0002 0104 0101 0401 0403 0103 0404 0401 0301 0004 0104 0200 0403 0203 0103 0101 0404 0201 0203 0101 0204 0402 0204 0403 0302 0201 0101 0402 0402 0203 0103 0402 0001 0102 0203 0004 0201 0301 0304 0401 0401 0104 0104 0201 0304 0404 0103 0101 0401 0402 0404 0300 0001 0302 0104 0400
11 , 0304 0301 0304 0401 0403 0203 0102 0104 0101 0104 0204 0202 0303 0300 0101 0301 0202 0103 0304 0103 0103 0400 0103 0100 0400 0103 0302 0402 0204 0301 0104 0102 0204 0204 0202 0104 0202 0000 0403 0400 0101 0204 0402 0302 0400 0302 0201 0101 0400 0402 0103 0100 0402 0101 0102 0203 0304 0201 0301 0304 0201 0402 0401 0401 0301 0302 0403 0101 0101 0401 0402 0404 0302 0301 0302 0304 0402
12 , 0303 0401 0402 0400 0403 0404 0302 0104 0403 0401 0301 0300 0303 0101 0401 0204 0403 0001 0303 0303 0401 0202 0102 0401 0301 0103 0303 0001 0402 0101 0103 0202 0401 0402 0104 0404 0202 0103 0203 0303 0101 0204 0402 0302 0003 0302 0201 0201 0102 0402 0203 0103 0402 0101 0102 0403 0404 0201 0301 0304 0201 0404 0404 0104 0001 0304 0404 0103 0101 0404 0402 0404 0302 0001 0302 0204 0402
13 , 0304 0301 0000 0401 0403 0203 0302 0102 0101 0004 0204 0202 0300 0302 0301 0301 0202 0203 0304 0100 0003 0401 0103 0004 0400 0103 0002 0400 0203 0301 0104 0104 0200 0200 0202 0103 0202 0400 0403 0403 0101 0204 0402 0302 0403 0302 0201 0101 0402 0402 0103 0101 0402 0102 0100 0203 0304 0201 0301 0304 0201 0402 0001 0401 0300 0302 0403 0101 0101 0401 0402 0404 0302 0301 0302 0304 0402
14 , 0303 0301 0304 0401 0400 0203 0303 0100 0001 0104 0203 0202 0302 0301 0401 0101 0202 0103 0204 0103 0103 0401 0201 0101 0400 0303 0302 0402 0101 0301 0004 0302 0204 0200 0201 0104 0202 0200 0403 0203 0003 0404 0104 0302 0003 0301 0401 0101 0402 0302 0003 0203 0104 0101 0102 0201 0302 0401 0301 0300 0102 0001 0104 0204 0303 0204 0201 0103 0103 0403 0202 0403 0302 0101 0402 0202 0004
15 , 0302 0301 0304 0401 0403 0303 0303 0104 0000 0104 0203 0202 0302 0301 0000 0101 0202 0103 0204 0103 0103 0401 0201 0101 0401 0403 0302 0402 0101 0300 0304 0302 0204 0003 0001 0104 0202 0200 0400 0203 0100 0204 0402 0302 0403 0302 0204 0200 0102 0402 0203 0103 0402 0001 0102 0203 0404 0201 0302 0304 0201 0404 0404 0104 0301 0304 0000 0103 0101 0400 0402 0404 0302 0301 0302 0204 0402
16 , 0104 0301 0302 0401 0403 0003 0302 0102 0101 0104 0204 0202 0300 0302 0301 0301 0202 0103 0304 0103 0100 0400 0003 0104 0402 0103 0302 0402 0103 0301 0100 0100 0004 0204 0200 0003 0202 0400 0403 0303 0001 0204 0402 0302 0403 0302 0200 0201 0102 0002 0203 0103 0402 0101 0102 0403 0404 0201 0301 0304 0201 0004 0400 0104 0301 0304 0404 0103 0101 0004 0402 0404 0302 0301 0302 0204 0402
17 , 0303 0301 0304 0401 0403 0203 0300 0104 0101 0104 0203 0202 0302 0301 0401 0101 0202 0103 0204 0103 0103 0401 0201 0101 0404 0003 0302 0400 0101 0301 0104 0302 0204 0203 0201 0104 0202 0204 0403 0203 0103 0404 0104 0302 0303 0301 0401 0101 0402 0300 0203 0203 0104 0101 0102 0201 0302 0401 0301 0304 0102 0101 0004 0004 0300 0204 0001 0103 0103 0403 0202 0403 0302 0101 0002 0202 0404
18 , 0102 0301 0102 0404 0203 0004 0303 0204 0101 0104 0204 0202 0301 0304 0001 0100 0200 0304 0402 0103 0103 0402 0104 0101 0001 0403 0103 0404 0401 0301 0104 0104 0004 0403 0203 0103 0201 0004 0203 0203 0101 0204 0402 0302 0400 0302 0201 0201 0102 0402 0203 0103 0402 0101 0102 0203 0404 0001 0001 0304 0201 0104 0404 0100 0300 0304 0404 0103 0102 0404 0402 0404 0302 0301 0302 0000 0402
19 , 0304 0301 0300 0401 0403 0203 0102 0102 0101 0104 0204 0202 0303 0304 0300 0301 0202 0103 0300 0103 0103 0001 0103 0104 0402 0103 0302 0402 0203 0101 0100 0100 0204 0204 0202 0103 0202 0404 0403 0200 0103 0404 0104 0302 0303 0301 0401 0101 0002 0302 0203 0003 0104 0100 0002 0201 0302 0401 0301 0304 0102 0101 0100 0104 0303 0004 0001 0003 0003 0403 0202 0403 0302 0101 0402 0202 0404
20 , 0302 0301 0004 0401 0403 0203 0303 0104 0101 0104 0203 0200 0002 0001 0401 0101 0202 0103 0004 0003 0103 0401 0201 0001 0402 0403 0302 0402 0101 0301 0304 0302 0204 0303 0201 0104 0002 0204 0403 0203 0001 0204 0402 0302 0403 0302 0201 0201 0102 0402 0203 0103 0402 0101 0102 0203 0404 0201 0301 0300 0201 0404 0404 0104 0301 0304 0404 0103 0101 0404 0402 0404 0002 0301 0302 0204 0002
21 , 0104 0301 0302 0401 0403 0203 0302 0100 0101 0104 0204 0202 0300 0302 0301 0301 0202 0103 0304 0103 0003 0401 0103 0104 0400 0103 0002 0402 0203 0301 0104 0201 0204 0204 0202 0103 0202 0404 0402 0203 0101 0204 0402 0302 0403 0302 0201 0101 0402 0402 0204 0003 0402 0100 0102 0200 0404 0201 0000 0304 0200 0401 0104 0104 0301 0004 0304 0103 0101 0401 0402 0404 0301 0301 0002 0104 0402
22 , 0304 0301 0102 0404 0203 0204 0303 0202 0101 0104 0204 0201 0300 0104 0201 0201 0202 0303 0002 0103 0103 0402 0104 0004 0104 0103 0103 0204 0302 0101 0104 0104 0204 0203 0203 0103 0203 0404 0203 0203 0000 0404 0104 0302 0303 0301 0401 0101 0402 0302 0203 0200 0104 0101 0102 0201 0302 0401 0301 0004 0002 0101 0104 0004 0303 0204 0001 0100 0103 0403 0202 0403 0300 0100 0402 0202 0004
23 , 0302 0301 0300 0401 0403 0203 0303 0104 0101 0004 0203 0202 0300 0301 0401 0101 0202 0100 0204 0103 0103 0401 0201 0101 0402 0403 0302 0402 0101 0301 0304 0302 0200 0303 0200 0104 0202 0204 0403 0403 0101 0004 0402 0002 0003 0302 0201 0100 0400 0400 0103 0101 0402 0102 0102 0203 0304 0201 0301 0300 0201 0402 0401 0401 0301 0002 0403 0101 0101 0401 0400 0400 0302 0301 0302 0004 0400
24 , 0304 0301 0102 0004 0203 0204 0303 0202 0101 0104 0204 0201 0301 0104 0200 0201 0002 0303 0400 0103 0103 0402 0104 0204 0104 0103 0003 0204 0301 0101 0100 0104 0204 0403 0200 0003 0203 0404 0203 0403 0101 0204 0002 0302 0003 0302 0201 0101 0402 0402 0103 0100 0402 0102 0102 0203 0304 0201 0301 0304 0201 0402 0401 0401 0300 0002 0403 0101 0101 0401 0402 0404 0302 0301 0302 0304 0402
25 , 0303 0401 0002 0401 0403 0104 0302 0204 0403 0401 0301 0301 0303 0101 0401 0204 0403 0201 0303 0303 0401 0202 0102 0301 0301 0103 0303 0001 0400 0001 0103 0002 0401 0402 0104 0402 0200 0102 0201 0003 0101 0204 0402 0302 0403 0302 0201 0101 0402 0400 0203 0100 0402 0100 0103 0203 0304 0201 0301 0004 0200 0400 0004 0100 0301 0304 0404 0100 0101 0401 0402 0400 0302 0301 0302 0104 0402
26 , 0303 0401 0402 0401 0403 0404 0302 0104 0403 0401 0301 0301 0303 0101 0401 0204 0403 0201 0303 0303 0401 0202 0102 0401 0301 0103 0303 0101 0402 0101 0103 0202 0401 0402 0104 0404 0200 0103 0203 0403 0103 0404 0004 0302 0303 0201 0200 0101 0002 0402 0203 0303 0200 0103 0102 0202 0303 0401 0300 0304 0101 0301 0404 0200 0303 0204 0200 0303 0101 0401 0402 0402 0002 0201 0302 0204 0400
27 , 0302 0301 0304 0401 0403 0203 0303 0104 0101 0104 0203 0202 0302 0301 0401 0101 0202 0003 0204 0003 0103 0401 0200 0101 0402 0000 0300 0402 0101 0301 0304 0302 0204 0303 0201 0104 0202 0204 0403 0003 0000 0404 0104 0300 0303 0301 0401 0101 0402 0302 0003 0203 0100 0101 0102 0201 0300 0401 0001 0304 0001 0101 0104 0204 0300 0204 0201 0100 0101 0403 0202 0400 0302 0101 0402 0202 0404
28 , 0304 0301 0102 0404 0200 0204 0303 0202 0001 0100 0204 0201 0301 0104 0201 0101 0202 0303 0402 0103 0103 0402 0104 0204 0104 0103 0103 0204 0301 0101 0104 0004 0204 0003 0203 0103 0203 0004 0201 0203 0101 0404 0402 0302 0103 0302 0201 0101 0402 0402 0003 0103 0402 0101 0100 0203 0404 0201 0300 0304 0201 0401 0104 0104 0301 0304 0404 0103 0101 0401 0404 0404 0302 0001 0302 0104 0402
29 , 0002 0301 0100 0404 0203 0004 0303 0202 0102 0101 0204 0202 0301 0304 0200 0101 0002 0304 0402 0100 0103 0000 0104 0404 0401 0403 0103 0404 0401 0301 0104 0404 0204 0403 0203 0103 0202 0404 0201 0203 0001 0404 0002 0302 0103 0002 0001 0101 0402 0402 0203 0103 0402 0101 0002 0203 0404 0201 0300 0304 0200 0401 0004 0104 0001 0304 0004 0103 0101 0401 0404 0404 0300 0301 0302 0104 0002
30 , 0102 0301 0100 0004 0203 0201 0303 0202 0101 0104 0004 0202 0301 0304 0201 0100 0202 0304 0402 0000 0103 0402 0104 0101 0401 0403 0103 0404 0401 0301 0004 0104 0404 0403 0200 0103 0201 0404 0201 0203 0101 0204 0402 0302 0403 0302 0001 0101 0402 0402 0203 0103 0402 0101 0102 0000 0304 0201 0301 0004 0201 0401 0004 0104 0301 0304 0404 0103 0101 0401 0002 0404 0302 0301 0302 0104 0002
31 , 0104 0301 0302 0401 0403 0203 0002 0102 0101 0104 0204 0202 0003 0302 0301 0301 0200 0103 0304 0100 0003 0401 0103 0100 0400 0103 0302 0402 0200 0300 0104 0102 0204 0200 0202 0103 0200 0404 0403 0303 0103 0404 0100 0302 0303 0300 0001 0101 0402 0302 0203 0203 0103 0101 0102 0201 0302 0401 0301 0304 0101 0101 0104 0204 0303 0204 0201 0103 0001 0403 0202 0402 0302 0101 0402 0202 0404
32 , 0302 0301 0304 0400 0403 0203 0003 0104 0101 0104 0203 0202 0302 0301 0001 0101 0202 0103 0204 0103 0103 0400 0201 0101 0401 0403 0302 0002 0101 0301 0304 0302 0004 0303 0201 0100 0202 0204 0400 0203 0103 0404 0104 0302 0303 0301 0001 0101 0402 0302 0200 0000 0104 0100 0102 0201 0302 0401 0301 0300 0102 0001 0100 0204 0303 0204 0201 0103 0100 0400 0202 0403 0302 0101 0402 0202 0404
33 , 0304 0301 0100 0404 0203 0204 0303 0202 0101 0104 0204 0201 0301 0104 0200 0101 0202 0003 0402 0103 0103 0402 0104 0204 0104 0103 0103 0204 0301 0101 0104 0100 0204 0403 0200 0103 0203 0400 0203 0403 0100 0204 0402 0302 0403 0000 0201 0101 0402 0402 0100 0101 0402 0101 0102 0203 0304 0201 0301 0304 0001 0002 0401 0401 0301 0302 0403 0101 0101 0401 0402 0404 0302 0301 0302 0304 0002
34 , 0302 0301 0102 0004 0203 0204 0303 0202 0102 0000 0204 0202 0301 0304 0201 0101 0002 0304 0400 0103 0103 0402 0100 0404 0401 0403 0103 0404 0400 0301 0104 0404 0204 0400 0203 0103 0202 0004 0200 0203 0101 0404 0402 0302 0103 0002 0201 0101 0402 0402 0203 0103 0402 0101 0002 0203 0404 0201 0301 0304 0201 0401 0104 0104 0001 0304 0004 0103 0101 0401 0404 0400 0302 0001 0302 0100 0402
35 , 0102 0301 0002 0404 0203 0204 0303 0202 0101 0104 0204 0002 0300 0304 0201 0101 0202 0304 0004 0103 0202 0402 0104 0101 0401 0403 0101 0404 0001 0301 0104 0104 0201 0403 0203 0103 0201 0400 0202 0403 0103 0204 0404 0302 0303 0201 0201 0101 0400 0202 0203 0303 0203 0103 0104 0201 0303 0401 0301 0304 0101 0301 0400 0201 0303 0204 0002 0303 0101 0401 0202 0402 0400 0201 0302 0204 0404
36 , 0104 0301 0302 0401 0403 0203 0300 0102 0101 0104 0204 0202 0103 0302 0301 0301 0202 0303 0304 0103 0103 0401 0103 0104 0402 0103 0002 0402 0203 0301 0104 0002 0204 0204 0202 0103 0002 0404 0400 0403 0103 0004 0100 0302 0003 0201 0201 0100 0402 0402 0003 0303 0200 0103 0102 0202 0303 0401 0300 0300 0101 0301 0404 0001 0003 0204 0202 0303 0101 0400 0402 0402 0402 0201 0302 0200 0404
37 , 0302 0301 0304 0401 0403 0203 0003 0104 0100 0100 0203 0202 0302 0301 0401 0101 0202 0103 0204 0103 0100 0001 0201 0101 0400 0403 0302 0402 0101 0301 0304 0302 0204 0303 0201 0104 0202 0204 0401 0003 0101 0204 0002 0302 0403 0002 0201 0101 0402 0402 0203 0003 0402 0100 0102 0203 0404 0201 0001 0300 0001 0401 0104 0104 0301 0304 0404 0103 0101 0400 0004 0404 0402 0301 0300 0104 0402
38 , 0304 0301 0304 0401 0403 0203 0102 0104 0001 0104 0204 0202 0303 0304 0101 0301 0202 0103 0304 0100 0103 0401 0103 0104 0403 0003 0302 0402 0204 0301 0104 0102 0204 0204 0200 0104 0200 0404 0400 0203 0101 0204 0402 0302 0403 0302 0001 0101 0402 0402 0203 0103 0402 0100 0102 0203 0404 0201 0301 0304 0201 0401 0104 0004 0301 0304 0400 0103 0101 0400 0404 0404 0302 0301 0302 0104 0402
39 , 0102 0301 0002 0404 0202 0404 0303 0002 0101 0104 0204 0202 0301 0304 0200 0101 0202 0304 0402 0103 0100 0404 0104 0001 0401 0402 0103 0404 0401 0301 0104 0104 0204 0403 0003 0103 0201 0404 0201 0203 0101 0004 0400 0302 0403 0302 0401 0101 0402 0402 0003 0000 0402 0101 0102 0203 0404 0001 0301 0304 0201 0401 0104 0004 0001 0304 0404 0103 0001 0401 0402 0004 0302 0301 0302 0104 0402
40 , 0102 0301 0102 0404 0203 0204 0303 0202 0101 0100 0204 0202 0300 0304 0201 0101 0202 0304 0402 0103 0102 0402 0104 0001 0401 0403 0001 0404 0400 0300 0104 0104 0201 0400 0203 0100 0201 0000 0201 0203 0101 0204 0402 0302 0403 0300 0201 0101 0402 0402 0003 0103 0400 0100 0102 0203 0304 0001 0300 0004 0001 0401 0104 0100 0301 0304 0404 0103 0100 0401 0402 0404 0302 0301 0301 0104 0402
41 , 0104 0301 0302 0401 0403 0203 0300 0100 0101 0000 0204 0202 0003 0302 0301 0301 0202 0103 0304 0103 0103 0401 0103 0100 0402 0103 0302 0402 0203 0301 0104 0201 0204 0204 0202 0100 0202 0404 0401 0200 0101 0204 0402 0302 0403 0302 0201 0101 0400 0402 0203 0103 0402 0101 0102 0203 0004 0201 0001 0004 0201 0400 0104 0104 0301 0304 0404 0100 0101 0401 0402 0004 0302 0301 0302 0004 0402
42 , 0303 0301 0304 0401 0403 0203 0303 0104 0101 0104 0203 0202 0002 0301 0400 0101 0202 0103 0204 0103 0103 0401 0201 0101 0404 0303 0302 0400 0101 0301 0204 0302 0204 0200 0201 0104 0202 0200 0400 0403 0101 0204 0402 0302 0403 0302 0201 0101 0402 0402 0100 0100 0402 0102 0102 0203 0304 0201 0301 0304 0201 0002 0401 0401 0301 0302 0400 0200 0101 0401 0002 0404 0302 0301 0302 0304 0402
43 , 0102 0301 0302 0404 0200 0004 0303 0202 0101 0104 0204 0202 0301 0304 0201 0101 0202 0303 0402 0103 0103 0402 0104 0101 0401 0403 0003 0404 0001 0301 0104 0004 0204 0400 0203 0103 0201 0004 0201 0203 0101 0204 0402 0302 0403 0302 0201 0101 0402 0402 0203 0100 0402 0101 0102 0203 0304 0201 0301 0300 0201 0401 0104 0104 0301 0304 0404 0103 0101 0401 0400 0404 0302 0301 0302 0104 0402
44 , 0304 0301 0302 0401 0403 0203 0302 0102 0101 0104 0201 0202 0303 0302 0303 0301 0202 0103 0304 0103 0103 0401 0103 0100 0404 0103 0002 0401 0003 0301 0003 0102 0104 0004 0202 0103 0200 0404 0003 0403 0003 0204 0000 0302 0303 0201 0201 0101 0402 0102 0003 0303 0203 0003 0000 0201 0303 0401 0301 0004 0101 0001 0404 0401 0303 0204 0102 0303 0104 0301 0201 0401 0402 0201 0302 0004 0404
45 , 0304 0301 0102 0004 0203 0204 0303 0002 0101 0104 0204 0201 0001 0104 0201 0001 0202 0303 0402 0103 0103 0402 0104 0204 0104 0003 0003 0004 0302 0101 0104 0104 0004 0403 0203 0103 0200 0404 0203 0203 0101 0204 0402 0302 0403 0302 0200 0201 0102 0402 0003 0103 0402 0101 0000 0003 0404 0201 0301 0304 0201 0404 0404 0004 0301 0304 0404 0103 0101 0404 0402 0404 0302 0301 0302 0204 0402
46 , 0304 0301 0302 0401 0403 0200 0302 0102 0101 0104 0200 0200 0303 0302 0303 0301 0202 0103 0304 0100 0103 0001 0103 0104 0404 0103 0302 0401 0200 0001 0003 0102 0104 0004 0202 0100 0002 0404 0401 0203 0101 0204 0402 0302 0400 0302 0201 0101 0302 0402 0203 0103 0002 0101 0102 0203 0404 0201 0301 0304 0200 0401 0100 0104 0300 0304 0404 0100 0100 0400 0402 0400 0002 0301 0302 0104 0402
47 , 0303 0401 0002 0400 0003 0404 0302 0104 0403 0401 0001 0301 0303 0101 0401 0200 0403 0201 0003 0303 0401 0202 0102 0301 0301 0103 0303 0101 0402 0001 0003 0202 0401 0402 0104 0404 0202 0103 0003 0200 0103 0404 0104 0302 0303 0301 0001 0101 0402 0302 0203 0203 0104 0101 0102 0201 0303 0401 0301 0304 0102 0001 0104 0104 0303 0204 0201 0000 0100 0403 0202 0403 0302 0101 0402 0202 0400
48 , 0003 0401 0400 0001 0403 0004 0302 0104 0403 0401 0301 0301 0303 0101 0401 0204 0403 0201 0303 0303 0401 0202 0102 0301 0300 0100 0303 0101 0402 0101 0103 0200 0400 0002 0104 0404 0202 0100 0201 0203 0101 0204 0402 0300 0403 0302 0001 0100 0402 0002 0203 0103 0402 0101 0102 0203 0404 0001 0301 0204 0201 0401 0104 0104 0001 0304 0404 0103 0101 0401 0402 0404 0302 0001 0302 0004 0002
49 , 0002 0001 0102 0404 0203 0204 0300 0202 0102 0101 0204 0202 0301 0304 0201 0101 0202 0304 0402 0103 0103 0002 0104 0404 0401 0403 0103 0004 0401 0301 0104 0404 0204 0403 0003 0103 0202 0404 0203 0003 0101 0204 0402 0302 0003 0302 0204 0000 0102 0402 0203 0103 0402 0101 0102 0203 0004 0201 0302 0304 0201 0404 0404 0104 0300 0004 0400 0103 0101 0400 0002 0404 0002 0301 0300 0204 0402
50 , 0302 0301 0102 0404 0203 0204 0303 0202 0102 0101 0204 0200 0301 0304 0201 0101 0202 0304 0402 0103 0103 0402 0104 0404 0401 0403 0103 0404 0401 0301 0104 0400 0204 0403 0203 0103 0202 0404 0201 0403 0103 0204 0104 0302 0303 0201 0201 0101 0402 0402 0203 0303 0203 0003 0102 0201 0303 0401 0301 0304 0001 0301 0404 0201 0303 0204 0201 0303 0101 0400 0202 0402 0002 0201 0302 0204 0004
51 , 0102 0001 0102 0404 0203 0204 0303 0202 0101 0104 0204 0002 0301 0300 0201 0101 0200 0304 0400 0103 0100 0402 0104 0101 0401 0403 0103 0404 0401 0301 0104 0104 0004 0403 0203 0103 0201 0404 0203 0203 0100 0400 0104 0302 0303 0001 0401 0101 0402 0002 0303 0203 0000 0101 0102 0200 0302 0401 0000 0300 0102 0101 0104 0204 0303 0404 0201 0003 0103 0403 0002 0403 0302 0101 0402 0202 0404
52 , 0304 0301 0102 0404 0203 0200 0303 0202 0101 0104 0004 0201 0301 0104 0201 0000 0202 0303 0400 0103 0103 0402 0104 0204 0104 0103 0103 0204 0301 0101 0104 0100 0204 0403 0003 0103 0203 0404 0201 0203 0101 0204 0402 0302 0403 0302 0201 0101 0402 0402 0203 0103 0402 0101 0102 0203 0404 0201 0301 0004 0201 0401 0104 0104 0301 0304 0404 0103 0100 0401 0000 0404 0302 0301 0302 0104 0402
53 , 0302 0300 0304 0401 0403 0203 0303 0104 0101 0104 0203 0202 0302 0301 0401 0101 0202 0103 0204 0100 0103 0401 0201 0100 0402 0003 0302 0002 0001 0301 0304 0302 0204 0303 0201 0104 0202 0204 0401 0203 0100 0204 0402 0302 0403 0002 0001 0101 0402 0002 0003 0100 0402 0101 0102 0203 0304 0201 0301 0304 0001 0401 0104 0104 0301 0304 0404 0103 0101 0401 0402 0404 0002 0301 0300 0104 0402
54 , 0304 0301 0102 0404 0203 0204 0303 0202 0101 0104 0204 0201 0301 0104 0201 0101 0202 0003 0402 0103 0103 0400 0004 0204 0104 0103 0103 0204 0301 0101 0100 0104 0204 0003 0203 0103 0003 0404 0201 0203 0001 0204 0402 0302 0403 0302 0201 0101 0402 0000 0003 0100 0400 0100 0202 0203 0304 0000 0301 0304 0201 0401 0104 0104 0300 0304 0404 0103 0101 0401 0402 0402 0302 0301 0302 0104 0402
55 , 0102 0301 0102 0404 0203 0204 0303 0202 0100 0104 0204 0002 0000 0204 0201 0101 0202 0303 0402 0103 0103 0402 0104 0101 0400 0403 0103 0404 0401 0301 0104 0000 0004 0403 0200 0103 0201 0404 0203 0004 0104 0204 0104 0302 0400 0202 0400 0304 0103 0100 0103 0301 0104 0102 0404 0002 0103 0303 0304 0102 0201 0203 0103 0101 0303 0301 0100 0200 0001 0302 0004 0100 0201 0404 0402 0201 0300
56 , 0000 0301 0300 0401 0403 0203 0302 0102 0101 0104 0004 0202 0003 0302 0301 0301 0202 0103 0004 0003 0103 0401 0103 0104 0402 0103 0302 0402 0203 0001 0104 0102 0204 0204 0202 0103 0202 0404 0001 0203 0101 0204 0402 0302 0400 0302 0201 0100 0402 0402 0200 0103 0402 0101 0002 0003 0404 0201 0301 0304 0201 0401 0100 0104 0301 0304 0404 0100 0001 0400 0402 0004 0302 0301 0302 0100 0400
57 , 0302 0300 0102 0404 0203 0204 0303 0200 0102 0101 0204 0202 0300 0304 0000 0101 0002 0404 0402 0103 0000 0402 0104 0404 0401 0403 0103 0404 0401 0301 0104 0404 0204 0403 0003 0103 0200 0404 0201 0203 0100 0004 0402 0302 0403 0300 0201 0101 0402 0402 0203 0103 0402 0101 0102 0203 0304 0001 0301 0304 0201 0401 0100 0104 0301 0304 0404 0103 0101 0401 0402 0404 0302 0301 0302 0104 0402
58 , 0304 0301 0100 0404 0003 0204 0303 0200 0101 0104 0204 0201 0301 0104 0201 0101 0002 0303 0402 0103 0103 0402 0104 0004 0104 0103 0103 0204 0301 0101 0104 0100 0004 0403 0200 0103 0203 0404 0201 0203 0101 0204 0402 0300 0403 0002 0201 0101 0400 0400 0203 0103 0402 0101 0102 0203 0304 0201 0301 0304 0201 0401 0104 0104 0301 0304 0404 0103 0101 0401 0402 0404 0302 0301 0302 0104 0402
59 , 0102 0301 0102 0404 0002 0404 0303 0202 0101 0104 0204 0202 0001 0304 0201 0101 0202 0304 0402 0100 0103 0404 0104 0101 0401 0402 0003 0404 0401 0301 0104 0104 0004 0000 0000 0103 0201 0404 0200 0203 0101 0204 0402 0302 0403 0302 0201 0101 0002 0402 0203 0103 0402 0101 0200 0200 0304 0201 0301 0304 0201 0401 0104 0104 0301 0304 0400 0103 0101 0401 0402 0402 0300 0301 0302 0004 0402
60 , 0302 0301 0102 0404 0203 0004 0303 0202 0100 0101 0204 0202 0301 0304 0201 0101 0202 0304 0402 0103 0103 0402 0104 0404 0401 0403 0103 0404 0401 0301 0104 0400 0204 0403 0203 0103 0202 0404 0203 0403 0101 0004 0402 0302 0403 0302 0201 0100 0402 0402 0103 0101 0402 0101 0102 0203 0304 0201 0001 0304 0201 0400 0401 0401 0301 0000 0403 0101 0101 0401 0400 0400 0000 0301 0302 0304 0402
61 , 0102 0001 0102 0404 0203 0204 0300 0202 0101 0104 0204 0202 0301 0304 0201 0101 0202 0304 0402 0103 0103 0402 0104 0100 0401 0400 0103 0404 0400 0301 0104 0004 0204 0403 0203 0003 0201 0404 0201 0403 0100 0204 0104 0002 0303 0201 0201 0101 0402 0401 0203 0303 0203 0103 0004 0201 0303 0401 0401 0304 0101 0301 0404 0201 0303 0204 0202 0003 0101 0401 0202 0402 0402 0201 0302 0204 0004
62 , 0100 0001 0104 0404 0203 0201 0303 0202 0101 0104 0204 0202 0301 0300 0301 0101 0202 0304 0402 0103 0103 0002 0104 0001 0001 0403 0103 0404 0401 0301 0104 0104 0004 0403 0203 0103 0201 0404 0203 0304 0404 0403 0104 0301 0203 0200 0404 0004 0102 0103 0103 0201 0102 0202 0404 0302 0103 0303 0304 0102 0201 0103 0103 0100 0003 0001 0104 0203 0201 0402 0204 0100 0201 0401 0402 0000 0302
63 , 0102 0301 0102 0404 0203 0204 0003 0202 0101 0104 0204 0002 0300 0304 0201 0101 0202 0303 0402 0103 0003 0402 0104 0001 0001 0003 0103 0004 0401 0301 0104 0104 0204 0003 0203 0103 0201 0404 0203 0203 0103 0404 0104 0302 0303 0301 0401 0101 0402 0302 0203 0203 0104 0101 0102 0201 0300 0401 0301 0304 0102 0100 0104 0004 0303 0204 0201 0103 0103 0403 0202 0403 0302 0101 0402 0002 0404
64 , 0300 0301 0102 0404 0203 0204 0303 0202 0101 0004 0204 0201 0301 0104 0201 0101 0202 0303 0402 0103 0003 0002 0104 0204 0104 0103 0103 0204 0001 0100 0104 0004 0204 0400 0203 0100 0203 0000 0001 0403 0103 0204 0104 0302 0303 0201 0000 0101 0402 0402 0203 0303 0200 0103 0002 0201 0300 0401 0001 0304 0101 0301 0404 0201 0303 0004 0202 0303 0101 0402 0102 0002 0402 0201 0302 0204 0400
65 , 0302 0301 0304 0401 0403 0200 0303 0104 0001 0104 0203 0202 0302 0301 0401 0101 0202 0003 0004 0103 0103 0401 0201 0101 0402 0403 0300 0002 0100 0301 0304 0302 0204 0303 0201 0104 0202 0204 0401 0200 0101 0204 0002 0302 0403 0300 0401 0101 0402 0402 0203 0003 0402 0101 0102 0200 0404 0201 0301 0004 0201 0401 0104 0104 0301 0304 0404 0103 0101 0401 0402 0404 0302 0301 0302 0004 0402
66 , 0302 0301 0004 0401 0403 0003 0303 0100 0101 0104 0203 0002 0302 0301 0401 0101 0202 0103 0204 0103 0103 0401 0201 0101 0402 0403 0302 0402 0101 0301 0304 0302 0204 0303 0200 0104 0202 0204 0001 0400 0103 0204 0104 0302 0303 0201 0201 0101 0402 0402 0203 0303 0203 0103 0100 0000 0303 0401 0300 0304 0100 0001 0404 0201 0303 0204 0201 0003 0001 0401 0202 0402 0402 0201 0302 0204 0400
67 , 0302 0301 0102 0400 0203 0204 0303 0202 0102 0100 0004 0202 0301 0304 0201 0101 0200 0304 0402 0103 0003 0402 0104 0404 0401 0403 0103 0404 0401 0301 0104 0404 0204 0400 0203 0103 0202 0404 0203 0203 0101 0204 0402 0302 0403 0302 0201 0201 0102 0002 0203 0103 0402 0101 0102 0203 0404 0201 0301 0304 0201 0404 0404 0104 0301 0304 0404 0103 0101 0404 0002 0404 0302 0301 0302 0004 0002
68 , 0300 0301 0300 0401 0003 0203 0303 0104 0101 0104 0203 0202 0302 0301 0401 0100 0202 0103 0204 0103 0103 0401 0201 0101 0402 0403 0302 0402 0001 0001 0300 0302 0204 0303 0201 0104 0202 0204 0403 0403 0101 0204 0402 0302 0403 0302 0201 0101 0402 0402 0103 0101 0402 0102 0102 0003 0004 0201 0301 0004 0201 0402 0401 0401 0301 0300 0403 0101 0101 0001 0402 0404 0002 0300 0302 0304 0402
69 , 0304 0301 0102 0404 0203 0204 0300 0200 0101 0104 0204 0201 0301 0104 0201 0101 0202 0300 0402 0103 0103 0402 0104 0204 0100 0103 0103 0204 0301 0101 0104 0104 0204 0403 0203 0103 0203 0404 0203 0403 0103 0004 0104 0302 0301 0001 0200 0101 0002 0402 0203 0003 0403 0003 0100 0201 0303 0401 0300 0304 0101 0301 0404 0201 0303 0204 0202 0303 0101 0401 0202 0402 0402 0201 0302 0204 0404
70 , 0302 0301 0004 0401 0403 0203 0303 0104 0101 0100 0003 0202 0302 0301 0401 0101 0202 0103 0200 0103 0003 0400 0201 0101 0401 0403 0302 0400 0100 0301 0004 0302 0204 0303 0201 0104 0202 0204 0400 0203 0100 0204 0402 0302 0403 0302 0201 0101 0402 0002 0203 0103 0402 0101 0102 0203 0004 0201 0301 0304 0201 0401 0004 0104 0301 0304 0404 0100 0101 0401 0402 0404 0000 0301 0302 0104 0402
71 , 0303 0400 0402 0401 0403 0204 0002 0204 0403 0401 0301 0301 0303 0001 0400 0204 0403 0201 0303 0303 0401 0202 0102 0301 0301 0303 0303 0101 0402 0001 0000 0202 0401 0402 0104 0404 0002 0003 0201 0403 0103 0204 0104 0302 0303 0201 0201 0100 0402 0402 0203 0303 0203 0103 0102 0201 0303 0401 0301 0004 0101 0301 0404 0201 0303 0204 0201 0303 0101 0401 0202 0400 0402 0201 0302 0204 0004
72 , 0102 0301 0102 0404 0000 0204 0303 0202 0101 0104 0204 0202 0301 0004 0201 0101 0202 0003 0402 0103 0103 0402 0104 0001 0401 0403 0100 0404 0400 0301 0104 0004 0004 0403 0203 0103 0001 0400 0003 0403 0101 0004 0002 0302 0403 0302 0200 0001 0402 0402 0103 0101 0402 0102 0100 0203 0304 0201 0301 0304 0201 0402 0401 0401 0301 0302 0403 0101 0101 0401 0402 0400 0002 0301 0302 0300 0402
73 , 0304 0301 0100 0404 0203 0204 0303 0002 0101 0004 0204 0201 0301 0104 0201 0101 0202 0303 0402 0103 0103 0402 0104 0004 0104 0103 0003 0204 0301 0101 0104 0104 0200 0403 0203 0103 0203 0404 0203 0403 0101 0004 0402 0302 0403 0302 0200 0101 0002 0402 0103 0101 0402 0101 0102 0200 0300 0200 0301 0300 0201 0400 0401 0401 0301 0302 0400 0101 0101 0401 0402 0400 0302 0301 0302 0304 0402
74 , 0000 0301 0102 0404 0203 0204 0303 0202 0101 0104 0204 0201 0301 0104 0201 0201 0202 0303 0402 0103 0003 0002 0104 0204 0104 0100 0003 0204 0301 0101 0104 0104 0204 0403 0203 0103 0200 0404 0203 0304 0104 0200 0100 0304 0403 0201 0400 0304 0103 0103 0103 0301 0104 0102 0004 0302 0003 0303 0004 0102 0201 0203 0103 0101 0303 0301 0104 0201 0001 0302 0204 0100 0200 0404 0402 0200 0302
75 , 0102 0301 0102 0004 0203 0204 0003 0204 0101 0104 0204 0202 0301 0304 0201 0001 0202 0304 0402 0103 0103 0002 0104 0101 0401 0403 0103 0404 0401 0301 0104 0104 0204 0400 0203 0103 0001 0404 0203 0304 0104 0204 0104 0300 0403 0201 0404 0004 0103 0003 0100 0301 0100 0102 0404 0302 0103 0303 0304 0102 0201 0203 0103 0101 0303 0301 0104 0201 0101 0302 0204 0004 0201 0404 0002 0200 0302
76 , 0304 0301 0102 0404 0203 0204 0303 0200 0101 0003 0204 0201 0301 0104 0201 0201 0202 0303 0002 0103 0103 0400 0104 0204 0104 0103 0103 0204 0001 0101 0104 0104 0004 0000 0003 0103 0203 0404 0201 0203 0101 0204 0400 0302 0403 0302 0201 0001 0002 0002 0203 0103 0402 0101 0102 0203 0404 0200 0301 0304 0201 0401 0104 0104 0001 0304 0404 0003 0100 0401 0404 0404 0302 0301 0302 0104 0400
77 , 0104 0301 0002 0401 0403 0203 0300 0102 0101 0104 0200 0202 0303 0302 0301 0301 0202 0103 0304 0103 0103 0401 0103 0104 0402 0103 0302 0002 0103 0001 0104 0102 0204 0200 0202 0103 0202 0404 0401 0403 0103 0200 0104 0302 0303 0201 0201 0000 0002 0402 0203 0303 0203 0103 0102 0201 0303 0401 0301 0004 0101 0301 0404 0201 0303 0200 0201 0300 0101 0401 0202 0402 0402 0201 0302 0004 0404
78 , 0302 0301 0102 0404 0203 0200 0003 0202 0102 0001 0204 0202 0301 0304 0201 0101 0202 0304 0402 0003 0100 0402 0104 0404 0401 0403 0003 0404 0001 0301 0104 0404 0004 0003 0203 0103 0002 0404 0003 0003 0003 0404 0104 0302 0003 0001 0401 0101 0402 0302 0203 0203 0104 0101 0102 0201 0302 0401 0300 0304 0102 0100 0104 0104 0300 0204 0201 0100 0103 0403 0202 0400 0300 0101 0402 0200 0004
79 , 0104 0301 0002 0401 0403 0203 0300 0102 0001 0104 0004 0202 0303 0302 0300 0301 0202 0103 0300 0003 0103 0401 0103 0104 0402 0103 0302 0002 0203 0301 0104 0201 0004 0204 0202 0103 0202 0404 0403 0003 0103 0404 0104 0302 0303 0201 0001 0101 0402 0402 0200 0303 0203 0103 0102 0202 0303 0401 0301 0304 0101 0001 0404 0201 0303 0204 0202 0003 0101 0401 0402 0402 0402 0201 0302 0204 0404
80 , 0304 0301 0300 0001 0403 0203 0302 0102 0101 0104 0200 0202 0003 0302 0301 0300 0202 0003 0304 0103 0003 0001 0103 0104 0002 0103 0302 0402 0200 0301 0104 0100 0204 0204 0004 0103 0202 0404 0403 0303 0103 0404 0104 0302 0303 0301 0401 0101 0402 0300 0203 0203 0004 0001 0100 0201 0302 0401 0301 0304 0102 0100 0304 0403 0300 0204 0201 0103 0101 0403 0202 0002 0300 0101 0402 0202 0404
81 , 0302 0301 0304 0401 0403 0203 0303 0104 0101 0104 0203 0200 0302 0301 0401 0101 0202 0103 0200 0103 0103 0401 0201 0101 0401 0403 0302 0402 0101 0301 0304 0302 0204 0003 0201 0104 0202 0204 0400 0403 0101 0200 0402 0302 0403 0302 0201 0101 0402 0402 0003 0101 0402 0102 0102 0203 0304 0201 0301 0304 0201 0402 0401 0401 0001 0302 0403 0201 0101 0401 0402 0404 0002 0303 0302 0304 0402
82 , 0304 0301 0102 0404 0200 0204 0303 0202 0101 0104 0204 0201 0301 0104 0201 0101 0202 0303 0402 0103 0103 0400 0104 0204 0104 0103 0103 0204 0301 0101 0104 0104 0200 0403 0203 0103 0203 0404 0203 0300 0103 0404 0004 0302 0000 0001 0401 0101 0402 0302 0203 0203 0104 0101 0002 0000 0302 0401 0301 0304 0102 0101 0004 0403 0303 0204 0201 0100 0100 0403 0202 0402 0302 0101 0402 0202 0400
83 , 0302 0000 0304 0401 0403 0203 0303 0104 0101 0104 0200 0200 0302 0301 0401 0101 0202 0103 0204 0103 0103 0401 0200 0101 0401 0403 0300 0402 0101 0301 0304 0302 0204 0303 0201 0104 0000 0204 0403 0203 0101 0204 0402 0302 0403 0302 0201 0201 0102 0002 0203 0103 0000 0101 0102 0203 0400 0201 0301 0304 0201 0404 0404 0104 0301 0304 0404 0100 0101 0404 0402 0404 0302 0301 0302 0200 0402
84 , 0102 0301 0102 0404 0202 0404 0303 0202 0101 0104 0204 0202 0301 0304 0201 0101 0202 0304 0402 0103 0103 0404 0104 0101 0401 0402 0103 0404 0401 0001 0104 0000 0004 0000 0203 0103 0201 0404 0201 0203 0100 0004 0402 0302 0403 0302 0201 0101 0402 0402 0203 0100 0402 0101 0102 0203 0300 0201 0301 0304 0201 0401 0104 0104 0301 0304 0404 0103 0101 0401 0402 0404 0302 0301 0302 0100 0402
85 , 0304 0301 0102 0404 0203 0204 0303 0202 0101 0104 0204 0201 0301 0104 0200 0201 0202 0303 0400 0103 0103 0402 0104 0204 0104 0103 0103 0204 0300 0100 0104 0104 0004 0403 0203 0103 0203 0404 0203 0304 0104 0204 0104 0301 0003 0202 0400 0304 0103 0103 0103 0201 0102 0302 0400 0302 0103 0003 0304 0202 0201 0103 0100 0101 0303 0301 0004 0203 0201 0402 0204 0100 0201 0401 0402 0200 0300
86 , 0000 0000 0102 0404 0003 0200 0303 0202 0001 0104 0004 0202 0301 0304 0201 0101 0202 0303 0402 0103 0103 0402 0104 0101 0401 0403 0103 0404 0401 0001 0100 0104 0204 0403 0203 0100 0201 0404 0201 0400 0103 0204 0104 0302 0303 0200 0201 0101 0002 0402 0200 0303 0203 0103 0100 0201 0303 0401 0301 0304 0101 0301 0404 0201 0303 0204 0202 0303 0100 0401 0002 0402 0402 0201 0300 0204 0400
87 , 0104 0301 0002 0401 0403 0203 0302 0100 0100 0104 0200 0002 0303 0000 0301 0301 0202 0103 0304 0103 0100 0401 0104 0104 0402 0103 0302 0402 0000 0301 0104 0102 0204 0204 0200 0103 0202 0404 0001 0403 0003 0204 0104 0302 0303 0200 0201 0101 0402 0402 0201 0303 0203 0003 0002 0201 0303 0401 0301 0304 0101 0301 0404 0001 0303 0204 0202 0303 0101 0401 0200 0402 0002 0201 0302 0200 0404
88 , 0304 0301 0304 0401 0203 0203 0302 0102 0101 0104 0204 0002 0303 0002 0001 0301 0202 0203 0304 0103 0100 0401 0003 0104 0402 0100 0302 0402 0203 0301 0104 0104 0204 0204 0202 0103 0202 0404 0403 0203 0101 0204 0402 0302 0403 0302 0201 0001 0102 0000 0203 0100 0400 0101 0102 0203 0404 0201 0301 0304 0201 0404 0404 0104 0301 0304 0404 0103 0101 0004 0402 0404 0302 0301 0302 0204 0402
89 , 0304 0301 0304 0401 0403 0203 0302 0102 0101 0104 0204 0202 0303 0302 0301 0301 0202 0003 0304 0103 0103 0401 0103 0104 0402 0103 0302 0402 0203 0001 0104 0104 0204 0204 0202 0103 0202 0404 0401 0203 0101 0204 0402 0004 0403 0302 0201 0101 0002 0400 0200 0100 0402 0101 0102 0003 0404 0201 0301 0304 0001 0401 0104 0104 0201 0304 0404 0103 0101 0401 0402 0404 0302 0301 0300 0104 0402
90 , 0104 0301 0302 0401 0403 0003 0302 0102 0101 0104 0204 0202 0003 0302 0301 0301 0202 0103 0304 0100 0103 0401 0103 0104 0402 0103 0302 0402 0203 0001 0004 0002 0204 0204 0202 0103 0202 0404 0403 0304 0104 0204 0104 0300 0400 0202 0404 0304 0103 0103 0103 0001 0100 0102 0404 0302 0103 0303 0304 0002 0201 0203 0103 0101 0303 0301 0104 0201 0101 0302 0204 0104 0001 0404 0202 0201 0202
91 , 0304 0301 0002 0404 0200 0004 0003 0200 0101 0104 0204 0201 0301 0004 0200 0201 0000 0303 0400 0103 0103 0402 0004 0204 0004 0103 0103 0204 0301 0101 0104 0100 0004 0003 0200 0103 0203 0404 0201 0403 0103 0204 0104 0302 0303 0201 0200 0100 0402 0402 0203 0303 0203 0103 0102 0201 0303 0401 0300 0304 0101 0301 0404 0201 0303 0204 0201 0003 0101 0001 0202 0402 0402 0201 0302 0204 0404
92 , 0102 0301 0104 0404 0203 0201 0303 0002 0101 0104 0204 0202 0301 0004 0201 0001 0202 0304 0402 0103 0103 0402 0104 0101 0401 0403 0003 0404 0401 0301 0104 0104 0404 0403 0203 0103 0201 0404 0203 0203 0101 0204 0402 0302 0403 0002 0201 0201 0102 0402 0003 0103 0402 0101 0102 0203 0404 0201 0001 0304 0201 0404 0404 0104 0300 0004 0404 0103 0101 0004 0402 0404 0302 0301 0002 0200 0402
93 , 0304 0301 0102 0404 0203 0204 0303 0202 0001 0104 0204 0201 0300 0104 0201 0101 0202 0303 0402 0000 0103 0402 0104 0204 0104 0000 0103 0204 0301 0101 0104 0104 0204 0403 0003 0103 0203 0404 0201 0203 0101 0200 0400 0302 0403 0302 0201 0101 0402 0402 0003 0103 0402 0100 0102 0203 0404 0201 0001 0300 0201 0401 0104 0104 0300 0304 0404 0103 0101 0401 0404 0400 0402 0301 0002 0104 0402
94 , 0302 0301 0304 0401 0403 0203 0303 0104 0100 0104 0203 0202 0302 0300 0401 0001 0202 0103 0204 0103 0003 0401 0201 0101 0401 0403 0002 0402 0101 0301 0304 0302 0204 0303 0201 0104 0202 0204 0001 0200 0101 0204 0402 0302 0403 0302 0401 0001 0402 0402 0203 0103 0402 0101 0102 0203 0404 0201 0301 0304 0001 0401 0104 0104 0301 0304 0404 0103 0101 0401 0402 0404 0302 0001 0300 0104 0402
95 , 0102 0301 0102 0404 0203 0200 0303 0202 0101 0104 0204 0202 0301 0300 0201 0101 0002 0304 0002 0103 0103 0402 0104 0101 0401 0403 0003 0404 0401 0301 0104 0104 0404 0404 0203 0103 0001 0404 0203 0403 0001 0204 0402 0302 0403 0302 0201 0001 0402 0402 0103 0101 0402 0001 0002 0000 0304 0201 0301 0304 0201 0402 0401 0401 0301 0302 0403 0100 0101 0401 0002 0404 0302 0301 0302 0304 0402
96 , 0102 0301 0102 0404 0203 0204 0303 0202 0100 0104 0204 0202 0301 0204 0201 0100 0202 0003 0402 0103 0103 0402 0104 0101 0401 0403 0103 0004 0401 0301 0004 0104 0204 0403 0203 0103 0201 0404 0200 0203 0101 0200 0402 0302 0403 0302 0201 0101 0402 0002 0203 0103 0400 0101 0102 0203 0304 0201 0301 0304 0201 0401 0104 0100 0301 0304 0404 0103 0101 0401 0002 0404 0302 0301 0302 0104 0000
97 , 0202 0301 0102 0404 0200 0004 0300 0202 0101 0104 0204 0202 0401 0004 0201 0101 0202 0304 0402 0103 0103 0402 0104 0101 0401 0403 0103 0403 0401 0301 0104 0104 0204 0403 0200 0100 0201 0404 0202 0403 0103 0204 0404 0302 0303 0201 0001 0100 0402 0202 0203 0003 0203 0103 0104 0201 0303 0401 0301 0304 0101 0301 0404 0201 0300 0200 0202 0003 0101 0401 0202 0402 0402 0201 0300 0204 0004
98 , 0004 0301 0102 0404 0203 0204 0303 0202 0101 0104 0204 0201 0301 0104 0201 0201 0202 0303 0402 0100 0100 0402 0104 0204 0104 0103 0103 0204 0302 0101 0104 0100 0204 0003 0203 0103 0203 0404 0203 0403 0101 0004 0402 0302 0400 0002 0201 0001 0402 0402 0100 0101 0402 0102 0102 0203 0304 0201 0001 0304 0201 0402 0401 0401 0301 0302 0403 0201 0101 0401 0402 0404 0302 0303 0302 0304 0402
99 , 0003 0400 0402 0401 0403 0404 0302 0104 0403 0400 0301 0301 0303 0101 0401 0204 0403 0201 0300 0303 0401 0202 0102 0301 0301 0103 0300 0101 0402 0001 0103 0202 0400 0402 0104 0404 0200 0103 0201 0203 0001 0204 0402 0302 0403 0302 0201 0101 0402 0002 0203 0103 0002 0001 0102 0203 0004 0200 0301 0304 0101 0001 0104 0104 0001 0304 0404 0103 0101 0401 0002 0404 0002 0001 0302 0104 0002
100 , 0102 0001 0102 0404 0003 0204 0303 0002 0101 0104 0204 0202 0301 0304 0201 0102 0202 0303 0402 0103 0100 0402 0104 0101 0401 0403 0103 0404 0401 0001 0104 0104 0204 0203 0003 0103 0201 0404 0003 0203 0101 0204 0402 0302 0403 0302 0204 0201 0002 0402 0203 0103 0402 0101 0102 0203 0404 0201 0302 0304 0201 0404 0404 0104 0301 0304 0404 0103 0101 0404 0402 0404 0302 0301 0002 0204 0402
101 , 0300 0301 0102 0404 0203 0204 0303 0202 0101 0003 0204 0201 0301 0104 0201 0201 0202 0303 0400 0103 0103 0402 0104 0204 0104 0103 0103 0204 0301 0101 0104 0104 0204 0403 0203 0103 0203 0404 0203 0003 0103 0404 0104 0302 0303 0301 0401 0101 0402 0002 0103 0203 0103 0101 0102 0201 0302 0401 0301 0304 0101 0101 0104 0204 0303 0204 0201 0103 0101 0403 0202 0402 0302 0100 0402 0202 0404
102 , 0304 0300 0300 0401 0403 0003 0302 0102 0100 0104 0204 0202 0003 0302 0001 0001 0202 0203 0304 0103 0103 0400 0103 0104 0400 0003 0302 0402 0203 0301 0004 0104 0204 0204 0202 0103 0202 0404 0403 0203 0101 0204 0402 0302 0403 0302 0201 0200 0102 0402 0203 0103 0402 0101 0102 0203 0004 0000 0301 0304 0201 0004 0404 0004 0301 0004 0404 0103 0001 0404 0002 0004 0302 0301 0302 0204 0400
103 , 0304 0301 0102 0404 0203 0204 0303 0000 0101 0104 0204 0201 0301 0104 0201 0100 0202 0300 0402 0103 0103 0002 0104 0204 0104 0003 0103 0204 0301 0101 0104 0104 0204 0400 0003 0103 0203 0404 0201 0203 0101 0204 0402 0302 0403 0302 0201 0101 0400 0402 0203 0103 0402 0101 0202 0203 0304 0201 0301 0304 0201 0401 0104 0104 0301 0304 0404 0000 0101 0401 0400 0002 0302 0301 0302 0104 0400
104 , 0002 0301 0304 0401 0403 0203 0303 0104 0101 0104 0203 0202 0302 0301 0400 0101 0200 0103 0004 0103 0103 0401 0201 0101 0402 0403 0302 0402 0101 0001 0304 0302 0204 0303 0201 0104 0202 0200 0403 0003 0103 0400 0104 0302 0303 0300 0401 0101 0402 0302 0203 0003 0104 0101 0102 0201 0002 0401 0301 0300 0102 0101 0104 0104 0303 0204 0201 0103 0103 0403 0200 0403 0302 0101 0402 0202 0004
105 , 0104 0301 0302 0401 0003 0203 0302 0102 0101 0004 0204 0202 0303 0302 0301 0301 0002 0103 0004 0003 0103 0401 0103 0104 0402 0103 0302 0402 0103 0301 0104 0102 0204 0204 0202 0003 0202 0404 0401 0203 0001 0204 0402 0302 0403 0302 0201 0101 0402 0002 0203 0102 0402 0001 0102 0003 0304 0201 0301 0000 0201 0001 0100 0104 0301 0004 0404 0103 0101 0401 0402 0404 0302 0001 0302 0104 0402
106 , 0102 0301 0102 0404 0203 0204 0303 0202 0101 0104 0204 0202 0301 0304 0201 0101 0202 0303 0402 0103 0103 0402 0104 0101 0400 0403 0103 0404 0400 0301 0104 0100 0004 0403 0203 0103 0201 0404 0203 0203 0101 0204 0402 0002 0403 0302 0200 0201 0002 0402 0203 0103 0402 0100 0102 0203 0404 0200 0301 0300 0201 0404 0404 0104 0301 0304 0400 0103 0101 0404 0402 0404 0302 0001 0302 0204 0402
107 , 0304 0001 0304 0401 0403 0203 0302 0102 0101 0100 0204 0202 0303 0302 0301 0301 0202 0203 0304 0103 0003 0401 0103 0104 0402 0100 0302 0402 0200 0301 0104 0104 0204 0000 0202 0103 0200 0404 0403 0403 0101 0000 0402 0302 0403 0302 0201 0101 0402 0400 0103 0101 0402 0102 0102 0200 0304 0201 0301 0304 0001 0402 0401 0401 0300 0302 0003 0201 0101 0401 0402 0404 0302 0303 0302 0304 0402
108 , 0303 0401 0402 0401 0403 0004 0302 0104 0403 0401 0301 0301 0303 0101 0401 0204 0403 0201 0303 0300 0401 0202 0100 0301 0301 0103 0303 0101 0402 0101 0103 0202 0401 0402 0104 0204 0200 0103 0203 0304 0004 0004 0104 0302 0403 0201 0404 0304 0103 0103 0103 0301 0104 0102 0404 0302 0103 0303 0304 0102 0201 0203 0100 0101 0303 0301 0104 0201 0101 0002 0204 0104 0201 0404 0402 0201 0302
109 , 0302 0301 0002 0404 0003 0204 0003 0202 0102 0101 0204 0002 0301 0304 0201 0101 0202 0304 0402 0103 0103 0402 0104 0404 0401 0403 0103 0404 0401 0301 0104 0404 0200 0403 0203 0103 0202 0404 0403 0203 0103 0404 0104 0302 0303 0301 0401 0101 0402 0302 0200 0203 0104 0101 0102 0201 0302 0401 0301 0304 0102 0101 0104 0004 0303 0204 0200 0103 0000 0403 0202 0403 0302 0001 0400 0202 0400
110 , 0300 0000 0102 0404 0203 0004 0303 0202 0102 0101 0204 0002 0001 0300 0201 0101 0202 0304 0402 0103 0103 0402 0004 0404 0401 0403 0103 0404 0401 0301 0004 0404 0200 0400 0203 0103 0202 0404 0203 0403 0103 0404 0104 0302 0303 0200 0201 0101 0402 0402 0203 0303 0203 0103 0102 0202 0003 0401 0301 0304 0101 0301 0404 0201 0303 0004 0202 0303 0101 0001 0400 0402 0402 0201 0302 0204 0404
111 , 0303 0401 0400 0401 0403 0004 0302 0204 0403 0001 0300 0301 0303 0101 0001 0204 0400 0201 0303 0303 0401 0202 0102 0301 0301 0000 0303 0100 0400 0101 0103 0202 0401 0402 0101 0404 0202 0103 0200 0403 0101 0004 0400 0302 0403 0302 0201 0101 0402 0402 0103 0001 0002 0102 0102 0000 0304 0201 0301 0304 0201 0002 0401 0400 0301 0002 0403 0101 0100 0401 0402 0404 0302 0301 0002 0004 0402
112 , 0000 0301 0102 0404 0203 0204 0303 0202 0101 0104 0204 0202 0301 0300 0201 0101 0002 0303 0402 0103 0103 0402 0104 0101 0401 0403 0003 0004 0001 0301 0104 0104 0004 0403 0203 0103 0201 0404 0201 0400 0103 0204 0104 0302 0303 0200 0201 0101 0402 0402 0201 0303 0203 0103 0102 0201 0303 0401 0301 0304 0101 0301 0404 0201 0303 0204 0202 0303 0101 0401 0202 0002 0402 0201 0302 0004 0404
113 , 0104 0301 0302 0401 0403 0203 0302 0102 0101 0104 0204 0002 0103 0002 0301 0001 0202 0103 0300 0103 0103 0401 0103 0104 0402 0003 0002 0402 0203 0001 0104 0100 0200 0204 0202 0103 0200 0404 0403 0303 0103 0404 0104 0302 0303 0301 0401 0101 0402 0302 0003 0203 0103 0101 0002 0201 0302 0401 0001 0004 0101 0100 0004 0204 0303 0204 0001 0103 0101 0403 0202 0402 0302 0001 0402 0202 0404
114 , 0302 0301 0304 0001 0400 0203 0303 0104 0101 0104 0203 0202 0302 0301 0401 0101 0202 0103 0200 0103 0103 0401 0201 0101 0401 0403 0302 0402 0001 0301 0304 0302 0204 0303 0201 0104 0200 0204 0403 0203 0101 0204 0402 0302 0403 0002 0201 0201 0102 0402 0200 0103 0402 0101 0102 0204 0404 0201 0301 0304 0201 0404 0404 0104 0001 0304 0404 0103 0101 0404 0402 0404 0302 0301 0302 0204 0402
115 , 0304 0301 0102 0404 0203 0204 0303 0202 0001 0104 0204 0201 0301 0104 0201 0001 0202 0303 0402 0103 0103 0402 0104 0004 0104 0103 0103 0204 0301 0101 0104 0104 0200 0403 0203 0103 0003 0404 0200 0403 0101 0204 0402 0302 0403 0302 0201 0101 0002 0402 0100 0101 0402 0101 0102 0203 0304 0201 0301 0304 0201 0402 0001 0401 0301 0302 0403 0101 0101 0401 0402 0404 0302 0301 0302 0304 0402
116 , 0300 0300 0004 0401 0403 0203 0000 0104 0101 0104 0203 0201 0302 0301 0301 0101 0202 0103 0204 0103 0103 0401 0100 0001 0402 0203 0302 0402 0101 0301 0104 0002 0204 0203 0201 0104 0202 0204 0400 0303 0103 0404 0104 0302 0303 0301 0401 0101 0402 0002 0203 0203 0104 0100 0102 0201 0302 0401 0301 0304 0102 0101 0304 0403 0303 0204 0201 0103 0101 0403 0202 0402 0302 0101 0402 0000 0404
117 , 0102 0301 0102 0404 0202 0404 0303 0202 0101 0104 0004 0202 0300 0304 0201 0101 0002 0304 0402 0103 0103 0404 0104 0100 0401 0402 0103 0404 0400 0301 0104 0104 0204 0403 0203 0103 0001 0404 0203 0403 0001 0204 0402 0002 0403 0302 0201 0101 0402 0402 0103 0101 0402 0101 0100 0004 0304 0201 0301 0004 0201 0400 0401 0401 0301 0002 0403 0101 0101 0401 0402 0404 0302 0301 0302 0304 0000
118 , 0302 0001 0304 0001 0403 0203 0300 0104 0101 0100 0203 0202 0302 0001 0401 0101 0002 0103 0204 0103 0103 0401 0201 0101 0401 0403 0002 0402 0001 0301 0304 0302 0004 0303 0000 0100 0202 0204 0403 0304 0400 0403 0104 0301 0203 0200 0404 0304 0102 0103 0103 0000 0102 0202 0400 0302 0103 0300 0300 0102 0201 0000 0103 0101 0303 0301 0100 0203 0201 0402 0204 0104 0201 0401 0000 0201 0302
119 , 0304 0301 0102 0404 0200 0204 0303 0202 0101 0104 0004 0201 0301 0100 0201 0001 0202 0303 0002 0103 0103 0402 0104 0204 0104 0003 0103 0204 0301 0101 0104 0104 0204 0003 0203 0103 0203 0404 0203 0403 0101 0204 0402 0302 0403 0302 0201 0101 0402 0402 0103 0101 0402 0102 0102 0203 0304 0201 0301 0304 0201 0402 0401 0401 0301 0300 0403 0101 0101 0400 0402 0404 0302 0301 0302 0300 0402
120 , 0304 0301 0000 0404 0200 0204 0303 0202 0101 0104 0204 0201 0001 0104 0201 0101 0202 0303 0402 0103 0103 0402 0104 0204 0104 0103 0103 0204 0301 0101 0104 0104 0204 0400 0200 0103 0203 0004 0203 0304 0104 0204 0004 0304 0403 0201 0404 0304 0103 0103 0103 0301 0104 0102 0400 0302 0103 0303 0304 0102 0001 0200 0103 0101 0303 0301 0004 0201 0101 0302 0204 0104 0201 0004 0402 0201 0302
121 , 0300 0301 0304 0001 0403 0203 0303 0104 0101 0104 0203 0202 0302 0301 0401 0101 0202 0003 0204 0103 0103 0400 0201 0101 0402 0403 0302 0002 0101 0301 0004 0302 0200 0303 0201 0104 0200 0204 0401 0203 0101 0200 0402 0204 0403 0300 0201 0101 0402 0402 0203 0103 0402 0101 0102 0203 0404 0201 0301 0300 0401 0001 0100 0104 0201 0304 0404 0103 0100 0401 0402 0404 0302 0301 0302 0104 0002
122 , 0004 0301 0302 0401 0403 0203 0302 0102 0101 0104 0204 0202 0300 0302 0301 0301 0202 0100 0300 0103 0003 0401 0003 0104 0402 0103 0302 0402 0100 0301 0100 0002 0204 0200 0202 0103 0202 0404 0401 0203 0101 0204 0402 0302 0403 0302 0001 0101 0402 0400 0203 0003 0402 0101 0100 0203 0404 0201 0301 0200 0201 0401 0104 0104 0301 0104 0404 0103 0101 0001 0002 0104 0300 0301 0302 0104 0400
123 , 0002 0301 0102 0404 0203 0200 0303 0202 0102 0101 0200 0202 0301 0304 0201 0101 0202 0304 0402 0103 0103 0402 0104 0404 0401 0403 0103 0404 0401 0301 0104 0404 0204 0403 0203 0103 0200 0404 0201 0203 0101 0204 0402 0302 0403 0302 0201 0101 0402 0400 0203 0103 0402 0101 0102 0003 0004 0201 0301 0304 0101 0401 0104 0104 0301 0304 0404 0103 0101 0401 0402 0004 0302 0301 0302 0004 0400
124 , 0302 0301 0304 0401 0400 0203 0303 0104 0101 0104 0203 0202 0302 0301 0401 0101 0202 0103 0204 0003 0103 0401 0201 0100 0402 0403 0302 0400 0101 0301 0304 0302 0204 0303 0201 0104 0202 0200 0003 0203 0101 0204 0002 0302 0403 0302 0201 0201 0100 0402 0203 0103 0402 0101 0102 0003 0404 0201 0201 0300 0201 0004 0400 0104 0301 0004 0404 0103 0102 0404 0402 0404 0302 0301 0302 0204 0402
125 , 0302 0301 0304 0401 0403 0203 0303 0104 0101 0104 0203 0202 0302 0001 0001 0101 0202 0103 0204 0103 0103 0401 0201 0101 0402 0403 0302 0400 0101 0001 0304 0002 0204 0003 0201 0104 0202 0204 0401 0203 0101 0404 0402 0302 0100 0300 0201 0101 0402 0402 0203 0103 0402 0101 0100 0203 0404 0201 0301 0304 0201 0201 0104 0104 0300 0304 0404 0103 0001 0401 0404 0404 0302 0300 0302 0104 0002
126 , 0102 0301 0102 0404 0203 0204 0303 0202 0101 0104 0204 0202 0301 0304 0201 0102 0202 0303 0002 0103 0103 0402 0004 0101 0401 0403 0103 0404 0401 0301 0104 0104 0204 0203 0203 0103 0201 0404 0203 0203 0003 0004 0104 0302 0303 0300 0401 0101 0402 0302 0203 0203 0104 0101 0100 0201 0302 0401 0301 0304 0102 0101 0100 0204 0303 0204 0201 0103 0103 0403 0202 0403 0302 0101 0402 0202 0404
127 , 0002 0301 0102 0404 0203 0204 0303 0202 0102 0100 0204 0202 0301 0300 0201 0101 0202 0304 0402 0103 0103 0402 0004 0004 0401 0403 0003 0404 0400 0301 0104 0404 0204 0403 0203 0103 0202 0404 0203 0403 0100 0404 0104 0302 0300 0201 0401 0101 0400 0402 0200 0303 0401 0103 0102 0201 0303 0401 0301 0304 0101 0301 0404 0301 0303 0204 0200 0403 0101 0401 0202 0402 0402 0201 0400 0204 0404
128 , 0302 0301 0304 0401 0403 0203 0303 0104 0101 0104 0203 0202 0302 0301 0401 0101 0202 0100 0204 0103 0103 0401 0201 0101 0401 0403 0302 0400 0101 0301 0304 0302 0200 0300 0201 0104 0202 0200 0403 0400 0101 0204 0402 0302 0403 0302 0201 0101 0402 0402 0103 0101 0400 0100 0102 0203 0004 0201 0301 0304 0201 0402 0401 0401 0301 0302 0403 0101 0101 0401 0402 0404 0302 0301 0302 0304 0402
129 , 0002 0001 0002 0404 0203 0204 0303 0202 0101 0104 0204 0202 0304 0004 0201 0101 0002 0304 0402 0103 0102 0402 0100 0101 0401 0400 0101 0400 0401 0301 0104 0104 0201 0400 0203 0003 0200 0404 0003 0203 0101 0204 0000 0300 0403 0302 0201 0201 0102 0400 0203 0103 0402 0101 0100 0204 0400 0200 0301 0304 0201 0404 0404 0104 0301 0304 0400 0003 0101 0404 0402 0404 0302 0300 0300 0204 0402
130 , 0104 0301 0302 0401 0403 0203 0302 0002 0001 0104 0204 0102 0303 0302 0301 0301 0402 0103 0304 0104 0103 0401 0103 0104 0402 0103 0302 0400 0203 0301 0104 0102 0004 0204 0202 0103 0202 0404 0403 0203 0103 0404 0104 0302 0003 0301 0401 0101 0002 0302 0203 0203 0404 0101 0102 0200 0302 0401 0001 0304 0102 0101 0100 0104 0303 0204 0201 0103 0103 0403 0202 0403 0302 0301 0402 0202 0400
131 , 0302 0301 0304 0401 0403 0203 0303 0104 0101 0104 0203 0202 0302 0301 0401 0001 0202 0103 0204 0103 0103 0401 0201 0101 0401 0403 0302 0402 0101 0301 0304 0302 0200 0303 0201 0104 0202 0204 0401 0200 0101 0204 0402 0002 0403 0302 0201 0101 0400 0402 0003 0103 0402 0101 0103 0203 0300 0201 0301 0304 0201 0401 0104 0104 0301 0004 0400 0103 0101 0401 0402 0404 0300 0301 0302 0104 0402
132 , 0102 0301 0102 0400 0203 0204 0303 0002 0101 0104 0204 0202 0300 0304 0201 0102 0202 0003 0402 0103 0103 0402 0104 0101 0401 0403 0103 0404 0401 0300 0104 0104 0204 0203 0203 0003 0201 0404 0201 0203 0101 0204 0402 0302 0403 0302 0201 0101 0402 0402 0203 0103 0402 0101 0102 0203 0304 0201 0301 0304 0100 0401 0104 0104 0301 0004 0404 0103 0100 0400 0402 0404 0302 0301 0302 0104 0402
133 , 0304 0301 0102 0400 0003 0000 0003 0202 0101 0104 0204 0001 0301 0104 0201 0101 0202 0303 0402 0103 0103 0402 0104 0204 0104 0103 0101 0204 0301 0101 0104 0100 0204 0403 0203 0103 0203 0404 0203 0003 0101 0204 0402 0302 0403 0002 0201 0101 0402 0002 0103 0101 0002 0000 0100 0203 0304 0201 0301 0304 0200 0002 0401 0401 0301 0302 0403 0100 0101 0401 0402 0404 0302 0301 0302 0304 0402
134 , 0300 0301 0102 0404 0203 0204 0303 0202 0002 0101 0204 0202 0301 0304 0201 0101 0202 0300 0402 0003 0103 0402 0104 0404 0401 0403 0103 0404 0401 0301 0104 0400 0204 0003 0203 0103 0202 0404 0203 0203 0101 0204 0402 0302 0003 0002 0201 0201 0102 0400 0203 0003 0400 0100 0102 0203 0004 0201 0301 0304 0201 0404 0404 0004 0301 0304 0404 0103 0101 0404 0402 0404 0302 0001 0302 0204 0402
135 , 0304 0301 0002 0404 0203 0204 0003 0202 0101 0104 0204 0201 0301 0104 0201 0101 0202 0303 0402 0103 0103 0402 0104 0204 0104 0100 0103 0204 0301 0101 0004 0104 0204 0403 0203 0103 0200 0404 0203 0203 0103 0404 0104 0300 0300 0301 0000 0101 0002 0302 0203 0203 0104 0101 0102 0201 0302 0401 0301 0300 0100 0101 0104 0004 0303 0204 0201 0103 0103 0403 0202 0403 0302 0101 0402 0202 0404
136 , 0304 0301 0102 0404 0203 0204 0303 0202 0101 0104 0204 0201 0301 0104 0201 0201 0202 0303 0002 0103 0103 0002 0104 0204 0104 0103 0103 0204 0302 0101 0104 0104 0204 0403 0203 0303 0203 0404 0203 0203 0101 0204 0402 0302 0403 0302 0204 0201 0102 0402 0203 0003 0402 0101 0002 0203 0404 0201 0302 0304 0201 0404 0404 0104 0301 0304 0404 0103 0101 0404 0402 0404 0300 0301 0302 0204 0402
137 , 0304 0001 0102 0404 0003 0204 0303 0202 0101 0104 0204 0201 0301 0104 0201 0101 0202 0303 0402 0103 0103 0400 0104 0204 0104 0103 0103 0204 0301 0101 0104 0104 0204 0403 0203 0003 0203 0404 0201 0203 0101 0204 0402 0002 0403 0302 0400 0101 0402 0002 0203 0103 0402 0101 0100 0203 0404 0201 0001 0304 0201 0401 0104 0104 0301 0304 0404 0103 0101 0401 0402 0404 0300 0301 0302 0104 0402
138 , 0100 0301 0000 0004 0203 0204 0300 0202 0101 0104 0204 0202 0301 0304 0201 0101 0202 0003 0402 0103 0103 0402 0104 0001 0401 0403 0103 0400 0401 0300 0104 0104 0204 0403 0003 0103 0201 0404 0201 0403 0100 0204 0104 0302 0300 0201 0201 0001 0402 0401 0203 0303 0203 0103 0004 0201 0300 0401 0401 0304 0101 0301 0404 0201 0303 0204 0202 0303 0101 0400 0202 0402 0402 0200 0302 0204 0404
139 , 0304 0301 0102 0404 0200 0204 0303 0202 0001 0104 0204 0201 0300 0104 0201 0001 0202 0003 0402 0103 0103 0402 0104 0204 0104 0103 0103 0004 0301 0000 0104 0104 0204 0403 0203 0103 0203 0404 0203 0403 0101 0203 0402 0302 0400 0302 0201 0001 0402 0400 0103 0101 0400 0101 0102 0203 0300 0201 0301 0300 0201 0402 0401 0401 0301 0302 0403 0101 0101 0401 0402 0404 0302 0301 0302 0304 0402
140 , 0303 0401 0402 0001 0403 0404 0302 0104 0403 0401 0301 0301 0303 0101 0401 0204 0403 0201 0003 0303 0001 0102 0102 0001 0301 0003 0303 0100 0402 0101 0103 0202 0401 0402 0104 0404 0202 0103 0203 0200 0100 0204 0402 0302 0403 0302 0201 0201 0102 0402 0203 0103 0402 0101 0102 0003 0404 0001 0001 0300 0201 0104 0404 0104 0301 0304 0404 0103 0100 0404 0402 0404 0302 0300 0302 0204 0402
141 , 0302 0301 0304 0001 0403 0203 0303 0104 0100 0104 0203 0202 0302 0301 0001 0101 0202 0103 0204 0103 0103 0401 0201 0100 0002 0403 0302 0400 0001 0301 0304 0302 0204 0300 0201 0104 0202 0200 0403 0304 0000 0200 0004 0302 0403 0200 0404 0304 0100 0103 0103 0301 0104 0102 0404 0302 0103 0303 0304 0102 0201 0203 0103 0101 0303 0301 0104 0201 0101 0302 0204 0104 0201 0404 0402 0001 0302
142 , 0304 0301 0000 0404 0203 0204 0303 0202 0001 0104 0200 0201 0301 0104 0201 0201 0202 0003 0400 0103 0103 0402 0104 0204 0104 0103 0103 0200 0001 0101 0104 0104 0204 0403 0003 0103 0203 0404 0003 0203 0101 0204 0402 0302 0403 0302 0204 0201 0002 0402 0003 0003 0402 0101 0102 0203 0404 0201 0302 0004 0201 0404 0004 0104 0301 0004 0404 0103 0101 0404 0402 0400 0302 0301 0302 0204 0402
143 , 0303 0401 0402 0401 0400 0104 0302 0204 0403 0401 0001 0301 0003 0101 0401 0204 0403 0201 0300 0303 0001 0004 0102 0301 0301 0103 0303 0101 0402 0001 0003 0202 0401 0402 0104 0404 0202 0103 0203 0304 0104 0204 0100 0304 0403 0001 0404 0004 0103 0103 0100 0301 0004 0102 0404 0300 0100 0300 0304 0101 0201 0203 0103 0101 0303 0301 0104 0201 0101 0300 0204 0104 0201 0404 0402 0201 0302
144 , 0102 0301 0302 0400 0203 0204 0303 0200 0101 0104 0204 0202 0301 0304 0201 0101 0202 0303 0402 0003 0103 0402 0104 0101 0401 0000 0103 0404 0401 0001 0104 0100 0204 0403 0003 0103 0201 0404 0203 0004 0104 0204 0104 0301 0403 0202 0404 0304 0100 0003 0103 0001 0104 0102 0404 0302 0103 0303 0300 0102 0201 0203 0103 0101 0303 0301 0100 0201 0101 0302 0004 0104 0201 0400 0202 0201 0202
145 , 0102 0301 0102 0404 0203 0204 0303 0202 0101 0104 0200 0202 0001 0304 0001 0102 0202 0303 0402 0103 0003 0002 0104 0101 0401 0403 0103 0404 0401 0301 0004 0104 0204 0203 0203 0103 0201 0404 0201 0203 0101 0200 0400 0302 0003 0302 0201 0101 0402 0402 0203 0103 0400 0101 0103 0003 0304 0001 0001 0304 0200 0401 0104 0104 0301 0304 0404 0103 0001 0401 0402 0404 0300 0301 0302 0104 0402
146 , 0304 0301 0304 0401 0203 0203 0302 0102 0101 0100 0004 0200 0303 0002 0301 0301 0202 0200 0304 0003 0103 0401 0003 0104 0400 0103 0302 0400 0203 0301 0104 0104 0204 0204 0202 0103 0202 0404 0003 0304 0104 0204 0104 0304 0403 0200 0404 0304 0103 0103 0103 0301 0004 0102 0404 0302 0003 0303 0004 0000 0201 0003 0103 0101 0303 0300 0104 0201 0101 0302 0204 0104 0201 0404 0402 0201 0302
147 , 0003 0001 0304 0401 0403 0203 0303 0104 0101 0104 0203 0201 0302 0301 0301 0101 0202 0103 0204 0100 0103 0400 0100 0001 0402 0403 0002 0402 0101 0301 0104 0302 0204 0003 0201 0104 0002 0204 0403 0403 0101 0200 0402 0302 0103 0302 0201 0001 0402 0402 0103 0101 0402 0102 0102 0203 0004 0001 0001 0304 0201 0402 0401 0401 0301 0302 0403 0101 0101 0401 0402 0404 0302 0301 0002 0304 0400
148 , 0302 0301 0004 0401 0403 0203 0303 0104 0101 0104 0203 0202 0302 0301 0401 0101 0202 0103 0204 0003 0103 0401 0200 0101 0400 0403 0302 0402 0101 0301 0304 0002 0200 0303 0201 0104 0002 0200 0403 0203 0101 0004 0402 0002 0403 0302 0201 0200 0100 0402 0203 0103 0402 0101 0102 0203 0404 0201 0301 0004 0201 0404 0404 0100 0301 0304 0404 0103 0101 0404 0402 0404 0302 0301 0302 0204 0402
149 , 0304 0300 0304 0401 0203 0203 0302 0102 0100 0104 0204 0202 0303 0002 0301 0301 0202 0203 0304 0103 0103 0401 0103 0100 0402 0103 0302 0002 0200 0301 0004 0004 0204 0204 0202 0103 0202 0404 0403 0303 0103 0004 0104 0302 0303 0301 0001 0000 0402 0302 0203 0203 0104 0201 0102 0201 0302 0401 0301 0304 0100 0101 0104 0403 0303 0004 0001 0103 0101 0403 0202 0402 0300 0101 0400 0202 0404
150 , 0002 0301 0002 0404 0203 0204 0303 0202 0001 0104 0204 0202 0001 0304 0001 0101 0202 0304 0402 0103 0003 0002 0004 0101 0401 0403 0103 0403 0401 0301 0104 0004 0204 0403 0203 0103 0201 0404 0203 0403 0103 0204 0100 0302 0303 0201 0201 0101 0002 0102 0200 0303 0203 0303 0102 0001 0303 0401 0301 0304 0101 0301 0404 0001 0303 0204 0102 0303 0104 0300 0201 0401 0402 0000 0302 0204 0404
151 , 0304 0301 0304 0401 0403 0203 0302 0102 0101 0104 0204 0202 0300 0300 0001 0301 0202 0200 0304 0103 0103 0000 0103 0104 0402 0103 0302 0002 0203 0301 0004 0104 0204 0204 0202 0103 0002 0404 0000 0203 0103 0404 0104 0302 0300 0201 0401 0101 0402 0302 0203 0203 0104 0101 0102 0200 0302 0400 0301 0304 0102 0101 0100 0204 0303 0204 0201 0103 0103 0400 0202 0403 0302 0101 0402 0202 0404
152 , 0102 0301 0100 0404 0203 0204 0303 0200 0100 0004 0204 0200 0301 0304 0201 0101 0200 0304 0402 0103 0103 0402 0100 0101 0401 0403 0103 0404 0401 0301 0104 0104 0404 0403 0203 0103 0201 0404 0201 0203 0101 0204 0402 0302 0403 0302 0201 0001 0402 0402 0203 0103 0002 0101 0102 0203 0304 0201 0301 0304 0001 0401 0104 0104 0301 0304 0404 0103 0000 0400 0402 0404 0302 0301 0300 0104 0400
153 , 0304 0301 0304 0401 0403 0203 0302 0102 0101 0104 0204 0302 0303 0302 0301 0301 0202 0203 0304 0103 0103 0401 0003 0104 0402 0103 0302 0402 0203 0300 0104 0104 0204 0204 0002 0103 0202 0404 0403 0403 0103 0404 0102 0302 0303 0201 0201 0101 0402 0002 0203 0303 0203 0003 0102 0202 0303 0001 0301 0004 0101 0300 0404 0201 0303 0204 0200 0303 0101 0401 0402 0402 0402 0201 0302 0204 0404
154 , 0303 0401 0400 0401 0003 0104 0302 0004 0400 0001 0301 0301 0003 0101 0401 0204 0403 0201 0303 0303 0401 0002 0102 0301 0301 0103 0300 0101 0402 0101 0003 0202 0400 0402 0104 0400 0202 0102 0001 0203 0101 0404 0402 0302 0103 0002 0001 0001 0002 0402 0203 0103 0402 0101 0102 0200 0404 0201 0300 0304 0201 0401 0104 0104 0301 0304 0404 0103 0101 0401 0404 0404 0300 0301 0302 0100 0402
155 , 0304 0301 0102 0404 0203 0204 0303 0002 0101 0104 0204 0201 0301 0104 0001 0101 0202 0303 0402 0103 0103 0400 0104 0204 0104 0103 0103 0204 0301 0101 0104 0104 0000 0403 0200 0103 0203 0404 0203 0403 0101 0204 0402 0302 0403 0002 0001 0001 0402 0000 0003 0101 0402 0102 0102 0003 0304 0001 0301 0304 0201 0402 0401 0401 0300 0302 0403 0101 0101 0400 0002 0404 0302 0301 0302 0304 0402
156 , 0104 0301 0302 0401 0403 0203 0302 0102 0101 0104 0004 0202 0303 0302 0301 0301 0202 0103 0004 0103 0103 0401 0100 0104 0400 0103 0302 0402 0003 0301 0104 0102 0204 0204 0202 0103 0202 0400 0403 0203 0103 0404 0104 0302 0303 0301 0401 0101 0402 0302 0203 0000 0104 0101 0102 0201 0302 0401 0301 0304 0102 0001 0100 0204 0303 0204 0201 0103 0103 0403 0202 0403 0300 0100 0402 0202 0004
157 , 0304 0301 0102 0404 0203 0204 0303 0202 0100 0004 0204 0201 0301 0104 0201 0201 0202 0003 0402 0103 0103 0402 0104 0204 0104 0103 0103 0200 0301 0100 0104 0104 0204 0403 0203 0100 0203 0404 0201 0003 0003 0204 0104 0002 0303 0201 0000 0101 0402 0401 0203 0303 0003 0103 0104 0201 0003 0001 0401 0304 0101 0301 0004 0201 0303 0204 0202 0303 0101 0401 0202 0402 0402 0201 0300 0204 0404
158 , 0002 0301 0004 0401 0403 0203 0303 0100 0101 0104 0203 0202 0302 0301 0401 0101 0202 0103 0204 0103 0103 0401 0200 0001 0401 0403 0302 0402 0101 0301 0304 0302 0204 0303 0201 0100 0202 0200 0400 0304 0004 0204 0100 0300 0403 0202 0404 0304 0003 0103 0103 0300 0104 0102 0404 0302 0000 0303 0300 0102 0201 0203 0103 0101 0303 0301 0104 0201 0100 0300 0200 0100 0201 0404 0402 0201 0302
159 , 0204 0301 0302 0401 0403 0203 0302 0102 0101 0104 0200 0202 0303 0302 0300 0301 0002 0103 0000 0103 0003 0401 0103 0104 0002 0103 0002 0402 0203 0301 0004 0102 0204 0204 0202 0103 0202 0404 0401 0203 0101 0004 0200 0300 0400 0302 0201 0101 0402 0402 0003 0103 0402 0101 0102 0203 0004 0201 0300 0300 0200 0401 0104 0104 0304 0000 0004 0103 0100 0401 0402 0400 0302 0301 0302 0104 0402
160 , 0102 0301 0102 0004 0203 0204 0303 0201 0101 0104 0204 0202 0301 0304 0201 0101 0202 0303 0402 0103 0003 0402 0104 0101 0401 0403 0103 0404 0401 0301 0100 0104 0204 0003 0203 0103 0201 0404 0203 0203 0100 0204 0402 0302 0403 0302 0201 0200 0102 0402 0203 0103 0002 0001 0102 0203 0004 0001 0301 0304 0000 0400 0404 0104 0301 0304 0404 0003 0101 0004 0002 0004 0302 0301 0302 0204 0402
161 , 0102 0301 0102 0404 0203 0000 0303 0202 0001 0104 0200 0202 0301 0304 0201 0101 0202 0300 0402 0100 0103 0402 0104 0101 0001 0403 0003 0400 0401 0301 0100 0100 0204 0403 0203 0103 0201 0400 0201 0203 0100 0204 0402 0302 0003 0302 0200 0101 0000 0402 0203 0403 0400 0101 0100 0200 0404 0201 0301 0204 0201 0001 0104 0004 0301 0104 0404 0103 0101 0401 0402 0104 0302 0001 0302 0004 0402
162 , 0102 0301 0102 0404 0200 0204 0003 0202 0101 0104 0204 0202 0301 0300 0201 0001 0200 0303 0402 0003 0103 0402 0104 0101 0401 0403 0103 0004 0401 0301 0104 0100 0204 0403 0203 0103 0201 0404 0201 0203 0103 0200 0402 0302 0403 0302 0201 0101 0402 0402 0203 0103 0002 0101 0102 0200 0304 0201 0301 0304 0200 0000 0104 0100 0300 0304 0404 0103 0100 0001 0402 0404 0302 0301 0002 0104 0402
163 , 0104 0301 0300 0401 0403 0200 0302 0102 0101 0104 0204 0202 0303 0302 0301 0301 0200 0103 0304 0103 0103 0401 0103 0104 0402 0103 0302 0400 0203 0301 0104 0201 0204 0204 0202 0103 0002 0404 0403 0203 0103 0004 0104 0300 0303 0301 0401 0101 0402 0302 0203 0203 0104 0101 0102 0201 0002 0400 0301 0304 0102 0101 0104 0204 0303 0204 0201 0103 0103 0400 0202 0403 0302 0101 0402 0202 0404
164 , 0104 0301 0302 0400 0403 0203 0002 0102 0101 0104 0204 0202 0103 0300 0301 0301 0200 0303 0300 0103 0103 0401 0103 0104 0402 0103 0302 0402 0203 0301 0104 0102 0004 0204 0202 0103 0202 0404 0401 0400 0103 0204 0104 0302 0303 0201 0201 0100 0400 0401 0203 0300 0203 0103 0104 0201 0303 0401 0401 0300 0101 0300 0404 0201 0303 0204 0202 0303 0101 0401 0202 0402 0402 0201 0302 0204 0404
165 , 0102 0301 0102 0404 0203 0204 0303 0202 0101 0104 0200 0202 0301 0300 0201 0102 0202 0303 0402 0103 0103 0002 0104 0101 0401 0003 0103 0404 0401 0301 0104 0104 0204 0200 0000 0103 0001 0404 0200 0403 0103 0200 0100 0302 0003 0201 0201 0101 0402 0401 0003 0303 0203 0003 0104 0201 0303 0401 0001 0304 0101 0301 0404 0201 0303 0204 0202 0303 0101 0401 0002 0402 0402 0201 0302 0200 0004
166 , 0304 0301 0102 0404 0200 0204 0303 0202 0101 0100 0204 0201 0300 0104 0201 0201 0202 0303 0402 0103 0003 0402 0100 0204 0104 0103 0103 0204 0301 0001 0004 0104 0204 0400 0203 0103 0203 0404 0203 0304 0104 0204 0104 0301 0400 0002 0404 0004 0103 0000 0103 0301 0104 0102 0404 0302 0103 0303 0304 0002 0201 0203 0100 0100 0003 0301 0104 0201 0100 0302 0204 0100 0201 0404 0402 0001 0302
167 , 0102 0301 0102 0404 0203 0204 0303 0202 0101 0104 0204 0202 0301 0304 0201 0101 0202 0304 0402 0103 0102 0402 0100 0101 0401 0403 0101 0404 0401 0301 0104 0104 0201 0403 0203 0103 0001 0404 0203 0304 0104 0004 0104 0301 0403 0202 0404 0300 0100 0103 0100 0200 0102 0300 0404 0302 0103 0303 0304 0202 0201 0003 0003 0001 0303 0301 0104 0203 0200 0402 0204 0104 0201 0401 0402 0001 0302
168 , 0304 0301 0002 0404 0200 0204 0303 0202 0101 0104 0204 0201 0301 0104 0201 0200 0200 0303 0402 0100 0103 0402 0104 0204 0004 0103 0003 0204 0301 0101 0104 0104 0204 0403 0203 0103 0203 0404 0203 0403 0103 0404 0100 0302 0303 0201 0201 0101 0402 0402 0203 0303 0203 0103 0102 0202 0003 0401 0001 0304 0101 0301 0404 0201 0003 0004 0202 0303 0101 0401 0402 0402 0400 0201 0302 0204 0404
169 , 0102 0301 0302 0404 0203 0204 0303 0202 0000 0104 0004 0202 0301 0004 0201 0101 0202 0303 0402 0103 0100 0002 0100 0101 0401 0403 0103 0400 0401 0301 0000 0104 0204 0403 0203 0103 0201 0404 0202 0403 0103 0204 0104 0302 0300 0201 0201 0101 0402 0402 0203 0303 0203 0003 0104 0201 0303 0401 0301 0304 0100 0301 0404 0201 0303 0204 0202 0303 0102 0401 0002 0402 0002 0201 0302 0204 0404
170 , 0202 0301 0102 0404 0203 0204 0303 0002 0101 0104 0200 0202 0000 0004 0201 0101 0202 0304 0402 0103 0103 0402 0104 0001 0001 0403 0103 0403 0401 0301 0104 0104 0204 0403 0203 0103 0201 0404 0203 0403 0101 0004 0402 0302 0403 0302 0201 0101 0402 0402 0103 0101 0402 0102 0102 0003 0300 0201 0001 0004 0201 0402 0401 0401 0301 0302 0403 0101 0101 0401 0002 0404 0302 0301 0302 0304 0402
171 , 0302 0301 0304 0401 0403 0003 0303 0104 0101 0104 0203 0002 0302 0301 0401 0101 0202 0100 0204 0103 0103 0401 0201 0101 0402 0403 0302 0402 0101 0301 0304 0302 0004 0303 0201 0104 0202 0204 0403 0303 0103 0404 0104 0002 0303 0301 0401 0101 0402 0302 0103 0203 0103 0101 0002 0201 0302 0401 0301 0304 0101 0100 0104 0204 0303 0004 0200 0103 0101 0403 0202 0402 0302 0101 0402 0202 0404
172 , 0100 0301 0104 0404 0203 0201 0303 0202 0101 0104 0204 0202 0301 0304 0201 0101 0202 0300 0402 0003 0103 0402 0104 0101 0401 0403 0103 0400 0401 0301 0104 0004 0404 0403 0003 0103 0201 0404 0203 0403 0101 0204 0402 0302 0403 0002 0201 0101 0402 0402 0103 0101 0402 0001 0102 0204 0004 0201 0301 0300 0201 0402 0401 0401 0301 0002 0403 0101 0101 0401 0402 0404 0302 0001 0300 0300 0402
173 , 0101 0300 0102 0404 0203 0404 0303 0200 0101 0104 0200 0002 0301 0304 0201 0101 0202 0300 0402 0103 0103 0404 0104 0101 0401 0400 0103 0404 0401 0300 0104 0104 0200 0403 0203 0103 0200 0404 0203 0304 0104 0204 0104 0302 0403 0201 0404 0304 0103 0103 0103 0301 0100 0102 0404 0302 0103 0303 0304 0100 0201 0203 0103 0104 0000 0301 0104 0201 0101 0302 0204 0104 0201 0402 0402 0201 0302
174 , 0303 0401 0402 0401 0403 0104 0302 0004 0403 0401 0301 0301 0303 0100 0401 0204 0400 0000 0303 0303 0401 0202 0102 0301 0301 0103 0303 0101 0402 0101 0003 0202 0401 0002 0104 0404 0002 0102 0203 0203 0101 0204 0003 0302 0403 0302 0201 0201 0102 0402 0000 0103 0402 0101 0102 0204 0404 0201 0301 0304 0201 0404 0404 0100 0001 0304 0404 0100 0101 0404 0402 0404 0302 0301 0302 0204 0402
175 , 0104 0301 0302 0401 0403 0203 0302 0002 0101 0104 0204 0202 0003 0302 0301 0301 0202 0103 0004 0103 0103 0001 0003 0104 0402 0103 0300 0402 0003 0301 0104 0201 0204 0204 0202 0103 0200 0404 0401 0203 0100 0204 0402 0302 0403 0302 0401 0101 0402 0402 0203 0103 0402 0101 0102 0200 0004 0201 0300 0304 0201 0401 0104 0004 0301 0304 0404 0103 0001 0401 0402 0404 0302 0301 0302 0104 0402
176 , 0002 0301 0102 0404 0203 0204 0303 0202 0002 0101 0204 0202 0301 0300 0201 0001 0202 0304 0402 0003 0103 0402 0104 0400 0401 0400 0100 0004 0001 0301 0104 0404 0204 0403 0203 0103 0002 0404 0200 0203 0101 0004 0402 0302 0103 0302 0201 0101 0400 0002 0203 0103 0402 0101 0102 0200 0000 0201 0301 0304 0201 0201 0104 0104 0301 0304 0400 0100 0101 0401 0404 0404 0300 0301 0302 0104 0402
177 , 0304 0301 0304 0401 0203 0203 0302 0100 0101 0104 0204 0202 0303 0302 0301 0301 0202 0200 0300 0103 0103 0401 0103 0104 0402 0103 0300 0400 0200 0301 0104 0104 0204 0204 0202 0103 0202 0404 0403 0403 0101 0204 0402 0302 0403 0302 0200 0101 0402 0402 0103 0101 0402 0101 0002 0203 0304 0200 0301 0304 0201 0402 0400 0401 0301 0302 0400 0001 0101 0400 0402 0404 0302 0301 0302 0304 0402
178 , 0304 0300 0102 0400 0203 0202 0303 0202 0101 0004 0204 0001 0300 0100 0201 0201 0202 0003 0402 0103 0103 0402 0104 0204 0104 0103 0103 0204 0302 0001 0104 0104 0204 0403 0003 0103 0203 0404 0201 0003 0101 0004 0402 0302 0403 0302 0201 0101 0402 0402 0203 0403 0402 0101 0102 0200 0404 0201 0301 0204 0201 0401 0104 0104 0001 0004 0004 0103 0100 0401 0400 0104 0302 0301 0302 0104 0402
179 , 0302 0001 0304 0400 0403 0203 0303 0104 0101 0104 0003 0202 0302 0301 0401 0101 0202 0103 0204 0103 0103 0400 0201 0101 0401 0403 0302 0402 0100 0001 0304 0300 0204 0103 0001 0104 0202 0204 0403 0203 0101 0204 0202 0302 0403 0302 0204 0201 0002 0002 0203 0103 0402 0101 0102 0203 0404 0201 0302 0304 0201 0404 0404 0100 0301 0304 0404 0103 0101 0404 0402 0404 0002 0001 0002 0004 0002
180 , 0102 0301 0102 0404 0203 0204 0303 0202 0101 0100 0204 0202 0001 0300 0201 0101 0202 0303 0402 0103 0103 0400 0004 0101 0401 0403 0103 0004 0401 0301 0104 0104 0204 0403 0203 0103 0201 0404 0203 0203 0100 0204 0402 0302 0403 0302 0201 0201 0102 0402 0203 0103 0402 0100 0000 0203 0400 0201 0001 0304 0201 0404 0404 0104 0301 0304 0404 0103 0101 0404 0400 0404 0302 0301 0302 0004 0402
181 , 0300 0301 0102 0404 0203 0204 0303 0202 0102 0101 0204 0202 0301 0304 0201 0101 0202 0304 0400 0103 0103 0402 0104 0404 0401 0403 0100 0404 0401 0301 0100 0404 0204 0403 0203 0103 0202 0404 0203 0203 0101 0004 0402 0302 0400 0302 0001 0201 0100 0402 0003 0003 0402 0001 0102 0203 0000 0201 0301 0304 0201 0404 0404 0104 0301 0304 0404 0103 0101 0404 0402 0404 0302 0301 0302 0200 0402
182 , 0002 0301 0102 0404 0203 0204 0303 0202 0102 0101 0204 0202 0301 0004 0201 0101 0202 0304 0402 0103 0100 0402 0104 0004 0401 0403 0103 0404 0001 0301 0104 0404 0204 0403 0203 0103 0202 0004 0203 0200 0103 0404 0104 0302 0303 0301 0401 0101 0402 0000 0203 0200 0104 0101 0102 0201 0302 0401 0301 0304 0102 0001 0100 0000 0303 0204 0201 0103 0103 0403 0202 0403 0302 0101 0400 0202 0004
183 , 0304 0301 0002 0404 0003 0204 0303 0202 0101 0104 0204 0001 0301 0100 0201 0201 0202 0300 0402 0103 0103 0402 0104 0204 0104 0103 0103 0204 0301 0101 0004 0104 0204 0403 0003 0103 0003 0404 0001 0203 0101 0204 0400 0302 0403 0300 0400 0101 0400 0402 0203 0103 0002 0101 0102 0200 0404 0201 0301 0304 0201 0400 0104 0104 0301 0304 0404 0103 0101 0401 0402 0004 0302 0301 0302 0004 0402
184 , 0303 0401 0402 0401 0403 0104 0302 0204 0403 0401 0301 0300 0303 0101 0400 0004 0403 0201 0303 0303 0401 0202 0100 0301 0301 0103 0303 0101 0400 0101 0103 0202 0401 0402 0104 0404 0202 0100 0203 0203 0101 0204 0402 0302 0403 0302 0201 0201 0102 0400 0203 0103 0402 0101 0102 0204 0404 0201 0300 0304 0201 0404 0404 0104 0301 0304 0404 0103 0101 0404 0402 0404 0302 0301 0302 0200 0402
185 , 0302 0301 0304 0400 0403 0203 0300 0104 0101 0104 0203 0202 0302 0301 0401 0001 0202 0103 0204 0103 0103 0401 0201 0100 0401 0403 0302 0402 0101 0301 0304 0002 0200 0100 0201 0100 0002 0004 0403 0000 0103 0404 0104 0302 0003 0301 0401 0101 0402 0300 0203 0203 0104 0101 0102 0201 0002 0401 0301 0304 0102 0101 0104 0204 0303 0204 0201 0103 0103 0403 0202 0403 0302 0101 0402 0202 0404
186 , 0100 0301 0104 0404 0203 0201 0303 0200 0101 0104 0200 0202 0301 0304 0201 0100 0202 0304 0402 0003 0103 0402 0100 0101 0401 0403 0103 0404 0001 0301 0104 0104 0404 0000 0203 0003 0201 0400 0200 0403 0103 0204 0104 0302 0303 0201 0201 0101 0402 0402 0200 0303 0200 0103 0002 0201 0303 0401 0301 0004 0101 0300 0404 0201 0303 0204 0201 0303 0101 0401 0202 0402 0402 0201 0302 0204 0404
187 , 0300 0301 0304 0401 0403 0203 0303 0104 0101 0104 0203 0202 0302 0301 0401 0101 0202 0103 0004 0103 0103 0401 0201 0101 0404 0303 0300 0002 0101 0301 0204 0302 0200 0203 0201 0104 0202 0204 0400 0403 0101 0204 0402 0302 0400 0302 0201 0001 0402 0402 0003 0101 0402 0101 0002 0203 0004 0201 0001 0300 0201 0402 0401 0401 0301 0302 0400 0101 0101 0401 0402 0404 0302 0301 0302 0304 0402
188 , 0304 0301 0102 0400 0203 0204 0303 0200 0101 0104 0204 0201 0301 0104 0200 0201 0202 0303 0402 0103 0103 0402 0104 0204 0004 0103 0103 0204 0301 0101 0104 0104 0204 0403 0203 0103 0203 0404 0200 0203 0001 0204 0402 0302 0400 0302 0201 0101 0402 0400 0200 0103 0402 0101 0102 0203 0304 0201 0301 0304 0201 0401 0104 0104 0301 0304 0404 0003 0001 0401 0402 0404 0302 0301 0002 0104 0402
189 , 0300 0300 0100 0404 0203 0204 0303 0202 0101 0104 0204 0201 0301 0004 0000 0201 0002 0303 0402 0103 0100 0402 0104 0004 0104 0103 0103 0204 0301 0101 0104 0100 0204 0403 0203 0103 0203 0004 0201 0203 0101 0004 0400 0302 0403 0302 0401 0101 0400 0402 0203 0103 0402 0101 0102 0203 0404 0201 0301 0304 0200 0401 0104 0004 0301 0304 0404 0103 0101 0401 0402 0404 0302 0301 0000 0104 0402
190 , 0302 0301 0002 0404 0203 0204 0303 0202 0102 0101 0200 0202 0301 0304 0201 0101 0202 0304 0402 0103 0003 0402 0104 0404 0401 0403 0003 0404 0401 0300 0104 0004 0204 0400 0203 0103 0002 0000 0203 0003 0101 0204 0002 0302 0403 0302 0201 0101 0400 0002 0103 0101 0402 0102 0102 0203 0304 0201 0301 0304 0200 0402 0401 0001 0301 0302 0403 0201 0101 0401 0402 0404 0302 0303 0302 0304 0402
191 , 0304 0301 0304 0400 0003 0003 0302 0102 0100 0100 0204 0202 0303 0302 0301 0300 0200 0203 0304 0003 0103 0401 0103 0104 0400 0103 0302 0402 0203 0000 0104 0104 0204 0204 0202 0103 0202 0004 0401 0203 0103 0204 0402 0302 0403 0302 0201 0101 0402 0402 0200 0100 0400 0101 0102 0203 0304 0201 0301 0304 0201 0401 0104 0104 0301 0300 0400 0103 0101 0401 0000 0404 0302 0301 0302 0104 0402
192 , 0102 0301 0102 0404 0003 0200 0303 0202 0100 0104 0204 0202 0301 0304 0201 0101 0202 0003 0402 0103 0100 0402 0100 0101 0401 0403 0103 0404 0401 0001 0104 0104 0200 0003 0203 0103 0201 0004 0203 0203 0103 0404 0004 0302 0303 0301 0401 0101 0402 0302 0203 0203 0104 0101 0102 0001 0302 0401 0300 0304 0102 0101 0104 0204 0303 0204 0201 0103 0103 0003 0002 0403 0000 0100 0402 0202 0404
193 , 0002 0001 0102 0404 0002 0404 0303 0202 0101 0104 0204 0202 0301 0304 0201 0101 0202 0304 0002 0103 0103 0404 0104 0101 0400 0402 0103 0404 0401 0301 0104 0104 0204 0403 0203 0103 0201 0404 0203 0203 0101 0004 0402 0302 0400 0302 0204 0201 0102 0402 0203 0103 0402 0101 0102 0203 0400 0201 0302 0304 0201 0404 0004 0000 0301 0304 0400 0103 0101 0404 0402 0404 0302 0001 0302 0204 0402
194 , 0303 0401 0400 0001 0403 0104 0300 0200 0403 0401 0301 0300 0303 0101 0401 0204 0403 0201 0303 0303 0400 0202 0102 0001 0301 0103 0303 0101 0000 0001 0103 0202 0401 0002 0104 0402 0200 0102 0201 0200 0101 0200 0402 0302 0403 0302 0201 0101 0402 0402 0203 0100 0402 0101 0102 0203 0404 0201 0301 0304 0201 0001 0104 0104 0300 0304 0400 0103 0101 0401 0402 0404 0300 0301 0302 0004 0402
195 , 0302 0301 0304 0401 0403 0003 0303 0104 0101 0104 0203 0202 0002 0301 0401 0101 0202 0100 0304 0103 0003 0401 0201 0101 0401 0403 0302 0402 0101 0301 0304 0302 0204 0303 0201 0104 0202 0200 0403 0203 0103 0404 0104 0302 0303 0301 0400 0101 0402 0302 0203 0203 0104 0101 0100 0001 0302 0401 0301 0304 0102 0101 0004 0104 0003 0204 0201 0103 0103 0003 0202 0403 0302 0001 0402 0202 0404
196 , 0304 0300 0102 0004 0203 0204 0303 0202 0101 0104 0004 0201 0301 0104 0201 0101 0202 0303 0402 0100 0103 0402 0104 0204 0104 0100 0003 0204 0301 0101 0104 0104 0204 0403 0203 0103 0203 0404 0203 0304 0104 0200 0104 0304 0403 0201 0404 0304 0103 0103 0103 0301 0004 0002 0404 0302 0103 0303 0304 0102 0201 0203 0103 0101 0303 0301 0004 0001 0101 0302 0204 0104 0201 0400 0402 0201 0302
197 , 0302 0300 0304 0401 0403 0203 0303 0104 0101 0104 0200 0002 0302 0301 0401 0101 0202 0103 0204 0103 0103 0401 0001 0101 0402 0403 0302 0402 0101 0301 0300 0302 0204 0003 0201 0104 0202 0204 0403 0403 0101 0204 0400 0302 0403 0302 0201 0101 0402 0400 0103 0101 0402 0102 0102 0203 0304 0201 0301 0304 0201 0400 0401 0401 0300 0302 0403 0101 0101 0400 0402 0404 0302 0301 0302 0300 0402
198 , 0300 0301 0002 0404 0203 0204 0303 0202 0102 0101 0004 0202 0301 0304 0201 0101 0202 0304 0402 0103 0103 0402 0104 0404 0401 0403 0103 0404 0401 0301 0004 0404 0200 0403 0203 0103 0202 0404 0003 0304 0100 0004 0104 0304 0403 0200 0004 0304 0103 0103 0103 0301 0104 0102 0404 0302 0103 0303 0304 0102 0001 0203 0103 0100 0003 0301 0104 0200 0101 0302 0204 0104 0201 0404 0402 0201 0302
199 , 0302 0301 0102 0404 0203 0204 0303 0202 0102 0101 0204 0202 0301 0304 0201 0101 0202 0304 0402 0103 0103 0402 0104 0004 0001 0400 0103 0404 0401 0301 0104 0404 0204 0403 0203 0103 0202 0404 0200 0403 0101 0204 0402 0302 0403 0302 0201 0101 0000 0002 0103 0101 0402 0101 0102 0203 0304 0201 0001 0304 0201 0402 0401 0401 0301 0302 0403 0101 0101 0401 0002 0404 0302 0301 0301 0304 0402
200 , 0102 0300 0102 0404 0203 0204 0303 0202 0101 0104 0204 0202 0301 0304 0201 0101 0002 0004 0402 0103 0103 0402 0104 0101 0401 0403 0003 0404 0401 0301 0104 0104 0204 0400 0203 0100 0200 0404 0201 0203 0101 0004 0402 0302 0403 0302 0000 0101 0402 0402 0203 0103 0402 0101 0002 0203 0304 0201 0001 0304 0201 0401 0104 0004 0001 0304 0404 0003 0101 0401 0402 0402 0302 0001 0302 0104 0402