Generated genotype output
1
2
3
4
5
6
7
8
9
10
11
12
13
14
15
16
17
18
19
20
21
22
23
24
25
26
27
28
29
30
31
32
33
34
35
36
37
38
39
40
Pop
1 , 0104 0202 0203 0104 0300 0101 0104 0303 0204 0300 0204 0002 0304 0303 0303 0204 0202 0004 0204 0300 0304 0204 0303 0000 0401 0202 0202 0300 0004 0104 0001 0401 0100 0303 0003 0100 0202 0400 0403 0404
2 , 0304 0204 0303 0400 0001 0402 0204 0003 0400 0004 0004 0401 0103 0303 0403 0204 0200 0200 0300 0404 0202 0202 0101 0000 0400 0101 0002 0302 0204 0201 0100 0404 0400 0303 0400 0204 0201 0403 0003 0304
3 , 0104 0201 0103 0200 0303 0102 0100 0103 0004 0003 0204 0402 0304 0303 0304 0204 0200 0401 0404 0304 0200 0202 0101 0100 0401 0101 0002 0302 0204 0201 0104 0404 0004 0303 0003 0004 0201 0400 0200 0304
4 , 0300 0001 0003 0200 0303 0102 0104 0100 0204 0301 0204 0402 0304 0300 0304 0200 0302 0001 0404 0304 0104 0201 0101 0104 0303 0101 0100 0300 0204 0301 0000 0400 0304 0303 0300 0004 0202 0100 0004 0304
5 , 0100 0203 0103 0104 0303 0101 0100 0302 0204 0401 0204 0402 0000 0303 0003 0204 0202 0401 0004 0304 0101 0200 0103 0004 0303 0101 0104 0002 0004 0000 0204 0402 0403 0303 0303 0204 0202 0401 0200 0004
6 , 0004 0201 0200 0004 0300 0100 0104 0300 0204 0301 0204 0402 0302 0200 0303 0200 0202 0404 0004 0304 0203 0201 0203 0100 0402 0004 0204 0002 0403 0102 0204 0402 0000 0300 0202 0404 0200 0203 0200 0304
7 , 0104 0201 0101 0100 0303 0100 0104 0300 0204 0301 0204 0400 0304 0300 0303 0204 0202 0100 0204 0304 0004 0202 0101 0100 0001 0101 0203 0301 0204 0301 0104 0404 0100 0303 0403 0204 0201 0401 0203 0304
8 , 0202 0200 0101 0101 0401 0100 0002 0302 0204 0201 0104 0400 0404 0303 0403 0204 0201 0403 0203 0304 0204 0202 0100 0100 0401 0101 0002 0302 0000 0001 0104 0404 0404 0003 0403 0204 0201 0401 0203 0304
9 , 0104 0002 0203 0104 0000 0101 0004 0303 0200 0301 0004 0002 0304 0303 0303 0000 0202 0404 0200 0304 0004 0202 0200 0104 0303 0100 0104 0303 0204 0300 0000 0400 0304 0303 0303 0204 0202 0404 0004 0304
10 , 0200 0202 0101 0003 0400 0101 0204 0302 0201 0301 0100 0204 0004 0102 0003 0203 0201 0401 0203 0003 0000 0404 0302 0001 0401 0401 0202 0301 0004 0000 0204 0401 0004 0303 0403 0104 0202 0403 0003 0404
11 , 0004 0202 0101 0101 0401 0101 0202 0302 0004 0001 0104 0400 0400 0003 0403 0204 0201 0101 0203 0304 0204 0202 0101 0100 0401 0001 0200 0001 0200 0001 0104 0404 0004 0303 0403 0204 0001 0401 0200 0304
12 , 0204 0200 0103 0101 0101 0101 0203 0302 0204 0300 0104 0404 0002 0303 0403 0204 0201 0401 0203 0304 0002 0204 0303 0001 0401 0002 0200 0302 0204 0104 0202 0402 0104 0302 0403 0104 0204 0202 0303 0304
13 , 0203 0201 0200 0102 0402 0104 0000 0302 0403 0104 0204 0400 0204 0300 0202 0404 0203 0203 0204 0304 0203 0201 0203 0100 0402 0004 0200 0302 0403 0100 0200 0400 0204 0304 0202 0404 0203 0203 0204 0304
14 , 0204 0202 0001 0000 0401 0101 0003 0301 0204 0301 0104 0404 0104 0003 0403 0204 0001 0401 0203 0304 0304 0004 0000 0101 0401 0401 0202 0001 0204 0104 0204 0401 0104 0303 0403 0104 0201 0403 0301 0400
15 , 0004 0204 0303 0201 0000 0002 0200 0301 0204 0104 0201 0401 0104 0303 0403 0104 0202 0402 0403 0404 0304 0304 0304 0000 0400 0402 0204 0002 0404 0100 0004 0401 0100 0303 0403 0004 0002 0003 0303 0000
16 , 0004 0200 0103 0101 0001 0001 0200 0002 0204 0301 0104 0404 0102 0300 0403 0204 0000 0401 0203 0304 0101 0003 0103 0104 0303 0001 0100 0302 0004 0400 0204 0400 0403 0303 0003 0200 0202 0401 0204 0000
17 , 0104 0201 0100 0004 0303 0102 0104 0103 0204 0001 0204 0400 0304 0300 0304 0204 0200 0401 0404 0304 0204 0202 0101 0001 0401 0101 0003 0301 0204 0301 0100 0404 0104 0003 0003 0204 0200 0401 0200 0304
18 , 0304 0204 0303 0101 0400 0302 0204 0302 0204 0004 0202 0402 0400 0302 0403 0104 0202 0200 0303 0304 0204 0000 0101 0101 0401 0101 0203 0302 0204 0001 0004 0004 0104 0300 0003 0200 0001 0401 0203 0304
19 , 0204 0202 0101 0100 0000 0101 0202 0302 0204 0000 0104 0400 0000 0300 0403 0204 0201 0001 0000 0304 0104 0202 0203 0103 0303 0101 0104 0303 0200 0000 0204 0402 0004 0303 0303 0000 0202 0401 0204 0304
20 , 0303 0204 0302 0401 0401 0401 0201 0402 0204 0004 0204 0403 0103 0003 0404 0204 0002 0204 0303 0404 0303 0204 0300 0401 0401 0401 0001 0402 0204 0104 0200 0400 0103 0000 0404 0204 0202 0204 0003 0404
21 , 0304 0304 0304 0401 0400 0402 0204 0402 0404 0104 0004 0400 0103 0303 0403 0004 0202 0203 0303 0400 0104 0202 0203 0104 0303 0101 0104 0303 0204 0300 0204 0402 0300 0303 0303 0204 0002 0400 0200 0304
22 , 0101 0203 0103 0104 0303 0101 0104 0302 0204 0401 0204 0002 0403 0300 0303 0404 0200 0400 0200 0304 0203 0201 0003 0102 0402 0000 0204 0002 0403 0004 0204 0403 0004 0302 0202 0404 0203 0200 0004 0004
23 , 0004 0001 0100 0200 0003 0000 0104 0003 0204 0001 0204 0402 0300 0303 0304 0004 0202 0401 0404 0304 0003 0202 0003 0004 0403 0001 0104 0302 0204 0001 0204 0003 0304 0300 0400 0204 0202 0001 0201 0304
24 , 0101 0003 0103 0004 0303 0101 0104 0302 0204 0001 0204 0400 0403 0300 0303 0004 0202 0401 0204 0304 0204 0200 0101 0101 0400 0101 0003 0301 0204 0301 0104 0004 0104 0300 0403 0004 0201 0000 0203 0300
25 , 0204 0000 0101 0101 0400 0101 0200 0302 0204 0200 0104 0404 0400 0300 0403 0204 0201 0001 0203 0304 0201 0201 0103 0004 0003 0002 0100 0103 0204 0300 0204 0402 0304 0303 0300 0204 0302 0400 0204 0204
26 , 0200 0202 0001 0001 0401 0101 0203 0001 0204 0301 0104 0404 0104 0303 0403 0204 0201 0401 0200 0304 0103 0202 0403 0000 0403 0101 0000 0002 0204 0300 0204 0400 0300 0303 0402 0204 0202 0001 0204 0304
27 , 0303 0204 0300 0401 0001 0401 0201 0402 0004 0104 0004 0403 0303 0303 0000 0204 0202 0204 0002 0404 0204 0000 0101 0101 0401 0101 0200 0400 0204 0301 0104 0400 0004 0303 0403 0004 0200 0400 0203 0304
28 , 0204 0202 0103 0001 0101 0101 0200 0300 0004 0301 0104 0400 0100 0300 0003 0204 0201 0401 0203 0004 0100 0000 0100 0104 0303 0101 0104 0300 0204 0400 0200 0402 0403 0000 0003 0200 0202 0401 0204 0304
29 , 0102 0202 0101 0101 0401 0100 0202 0300 0204 0001 0104 0404 0404 0303 0403 0004 0201 0403 0203 0304 0200 0202 0101 0100 0401 0101 0200 0002 0204 0001 0104 0404 0404 0300 0403 0204 0200 0401 0203 0304
30 , 0004 0202 0203 0100 0303 0101 0104 0303 0004 0001 0004 0400 0304 0303 0303 0000 0202 0400 0204 0304 0204 0202 0001 0001 0400 0101 0003 0303 0204 0001 0004 0404 0104 0303 0403 0204 0200 0003 0203 0300
31 , 0304 0204 0004 0401 0401 0400 0204 0402 0004 0104 0204 0401 0103 0303 0403 0204 0202 0203 0300 0404 0304 0204 0003 0101 0001 0401 0202 0301 0204 0104 0201 0400 0100 0303 0403 0104 0000 0402 0303 0401
32 , 0104 0401 0103 0100 0303 0001 0104 0302 0004 0301 0204 0402 0104 0301 0000 0200 0202 0401 0204 0004 0203 0201 0203 0102 0402 0104 0204 0302 0400 0102 0204 0403 0204 0304 0202 0400 0203 0203 0000 0304
33 , 0202 0002 0101 0101 0401 0000 0002 0302 0204 0201 0104 0404 0404 0303 0400 0204 0000 0403 0203 0304 0303 0000 0302 0401 0001 0403 0204 0402 0204 0400 0204 0404 0100 0303 0400 0200 0202 0204 0303 0004
34 , 0303 0204 0300 0000 0401 0401 0200 0402 0004 0104 0204 0403 0000 0003 0400 0204 0202 0004 0303 0404 0204 0202 0101 0101 0400 0001 0003 0302 0204 0001 0100 0400 0004 0300 0403 0104 0301 0404 0203 0004
35 , 0303 0004 0300 0001 0001 0003 0004 0402 0004 0404 0004 0401 0103 0303 0400 0200 0202 0004 0303 0404 0304 0200 0304 0401 0001 0402 0200 0402 0400 0000 0200 0001 0003 0303 0003 0204 0202 0003 0303 0004
36 , 0203 0001 0203 0102 0402 0100 0204 0302 0402 0102 0204 0403 0004 0304 0203 0004 0200 0203 0204 0304 0303 0204 0302 0001 0400 0400 0001 0402 0204 0100 0000 0000 0103 0303 0404 0200 0202 0200 0300 0004
37 , 0204 0202 0101 0101 0401 0101 0203 0301 0204 0301 0104 0404 0104 0303 0403 0200 0201 0001 0203 0304 0204 0202 0100 0000 0000 0101 0003 0003 0200 0001 0000 0004 0104 0303 0403 0204 0201 0403 0203 0404
38 , 0000 0200 0302 0401 0401 0401 0201 0402 0004 0104 0204 0403 0103 0003 0404 0204 0202 0004 0303 0404 0103 0000 0403 0000 0403 0101 0100 0302 0204 0000 0200 0403 0304 0303 0402 0204 0202 0401 0204 0300
39 , 0004 0200 0100 0101 0401 0000 0003 0301 0200 0301 0004 0404 0000 0303 0403 0204 0200 0401 0203 0304 0204 0202 0101 0101 0401 0001 0202 0302 0204 0001 0104 0404 0404 0303 0403 0204 0001 0101 0203 0004
40 , 0300 0300 0300 0400 0401 0402 0204 0402 0004 0004 0204 0400 0103 0003 0403 0004 0202 0203 0303 0400 0300 0204 0400 0401 0401 0403 0200 0002 0204 0404 0204 0401 0103 0303 0403 0204 0202 0000 0003 0400