[-0.0027700831024930744, -0.1717451523545706, -0.011080332409972304, -0.17728531855955676, -0.1717451523545706, -0.0027700831024929373, -0.03393351800554012, -0.03393351800554012, -0.17728531855955681, -0.01731301939058183, -0.006232686980609418, -0.22437673130193903, -0.20013850415512466, -0.22437673130193903, -0.13573407202216065, -0.17728531855955676, -0.0006925207756232686, -0.19736842105263158, 0.035318559556786644, 0.035318559556786644, -0.011080332409972304, -0.09210526315789475, -0.12465373961218834]
[-0.19736842105263158, -0.17728531855955676, 0.04155124653739612, -0.08379501385041552, 0.027700831024930817, -0.1717451523545706, 0.08864265927977844, -0.1717451523545706, -0.03393351800554012, -0.22437673130193903, -0.0006925207756232686, -0.17728531855955676, -0.14473684210526316, -0.14750692520775624, -0.13573407202216065, -0.13573407202216065, -0.0027700831024930744, -0.003462603878116366, -0.19736842105263158, -0.0027700831024930744, -0.10318559556786705, 0.027700831024930817, -0.03393351800554012, -0.0027700831024930744, 0.008310249307479145, -0.17728531855955676]
[-0.10633270321361059, -0.1890359168241966, -0.017013232514177745, -0.20652173913043478, -0.03024574669187141, -0.14177693761814747, -0.1649338374291115, -0.011814744801512234, -0.136578449905482, -0.1890359168241966, -0.15311909262759926, -0.04725897920604927, -0.20652173913043478, -0.18525519848771269, -0.0018903591682419658, -0.2084120982986767, -0.013705103969754329, -0.1271266540642722, -0.2084120982986767, -0.007561436672967714, -0.17060491493383742, -0.136578449905482, -0.004253308128544423, -0.023156899810964138, 0.056710775047258966]
[-0.1717451523545706, -0.14750692520775624, 0.04986149584487534, -0.19736842105263158, -0.20013850415512466, -0.17728531855955676, -0.20013850415512466, -0.14473684210526316, -0.13573407202216065, -0.10318559556786705, -0.19736842105263158, -0.006232686980609418, -0.22437673130193903, -0.0006925207756232686, -0.15581717451523547, -0.15581717451523547, -0.20013850415512466, -0.17728531855955676, -0.1717451523545706, -0.22437673130193903, -0.20013850415512466, -0.20013850415512466, -0.20013850415512466]
[-0.2025, -0.0025000000000000005, -0.15250000000000002, -0.18062499999999998, -0.11000000000000003, -0.18062499999999998, -0.18062499999999998, -0.10562500000000001, -0.18062499999999998, -0.15250000000000002, -0.12249999999999998, -0.010000000000000009, -0.225625, -0.2025, -0.17562499999999998, 0.04, -0.225625, -0.18062499999999998, -0.225625, -0.10250000000000001, -0.15, -0.15250000000000002, -0.0025000000000000005, -0.010000000000000009, -0.225625, -0.225625]
[-0.17361111111111113, -0.006944444444444444, -0.006944444444444309, -0.22299382716049382, -0.012345679012345623, -0.17361111111111113, -0.1388888888888889, -0.0007716049382716049, -0.0030864197530864196, -0.19753086419753085, -0.0030864197530864196, -0.15123456790123457, -0.0030864197530864196, 0.017746913580246826, -0.0030864197530864196, -0.22299382716049382, -0.11188271604938271, -0.15123456790123457, -0.22299382716049382, -0.19753086419753085, -0.25, -0.0030864197530864196, -0.22299382716049382, 0.02777777777777768]
[-0.005625, -0.15250000000000002, -0.005625000000000102, -0.2, -0.130625, -0.2, -0.2, -0.18062499999999998, -0.18062499999999998, -0.015625, -0.08062499999999997, -0.010000000000000002, -0.022499999999999964, 0.009999999999999898, -0.225625, -0.022499999999999964, -0.18062499999999998, -0.12249999999999998, -0.2025, -0.16000000000000003, -0.140625, -0.12249999999999998, -0.0006250000000000001, -0.140625, -0.2025, -0.175625]
[-0.14555765595463138, -0.2287334593572779, 0.013232514177693777, -0.1890359168241966, -0.011814744801512234, -0.18525519848771269, 0.013232514177693777, -0.15311909262759926, 0.0051984877126654006, -0.007561436672967714, -0.1890359168241966, -0.2084120982986767, -0.1890359168241966, -0.16493383742911152, -0.15311909262759926, -0.17060491493383742, 0.013232514177693777, 0.0051984877126654006, -0.17060491493383742, -0.1271266540642722, -0.011814744801512234, -0.15311909262759926, 0.02032136105860105, -0.017013232514177745, 0.03591682419659735, -0.1890359168241966]
[-0.15, -0.0025000000000000005, -0.015625, -0.225625, -0.0024999999999999467, -0.030624999999999902, -0.225625, -0.225625, -0.2025, -0.075625, -0.225625, -0.16000000000000003, -0.2025, -0.015625, -0.015625, -0.16000000000000003, -0.130625, -0.022499999999999964, -0.2025, -0.18062499999999998, -0.2025, -0.02562499999999998, -0.16000000000000003, 0.009999999999999898, -0.16000000000000003, -0.15250000000000002, -0.15250000000000002]
[0.027210884353741527, -0.00510204081632653, -0.20464852607709752, -0.14512471655328796, -0.0022675736961451243, -0.20238095238095238, -0.18367346938775508, -0.22675736961451246, -0.16383219954648526, -0.1111111111111111, -0.20238095238095238, -0.14512471655328796, -0.0022675736961451243, -0.16383219954648526, -0.1570294784580499, -0.1570294784580499, -0.009070294784580497, -0.25, -0.25, -0.1570294784580499, -0.0005668934240362811, -0.15476190476190477, -0.13605442176870747, -0.13151927437641722, -0.12755102040816327, -0.0005668934240362811]
[-0.11000000000000003, -0.2025, -0.010000000000000002, -0.16000000000000003, 0.01937500000000003, -0.005625000000000102, -0.005625000000000102, -0.18062499999999998, -0.225625, 0.044375000000000005, -0.130625, -0.17562499999999998, 0.01937500000000003, -0.012499999999999956, -0.16000000000000003, -0.2, -0.225625, -0.2025, 0.02750000000000008, -0.030624999999999902, -0.022499999999999964, -0.20250000000000004, -0.225625, -0.0025000000000000005, -0.17562499999999998, -0.2025, -0.030624999999999902, 0.009999999999999898]
[-0.0025000000000000005, -0.15, 0.034375000000000044, -0.15250000000000002, -0.16000000000000003, -0.2025, -0.2, -0.0006250000000000977, -0.175625, -0.2, -0.005625, -0.2025, -0.015625, -0.015625, -0.15250000000000002, -0.05062500000000003, -0.130625, -0.16000000000000003, -0.15, -0.11000000000000003, -0.18062499999999998, -0.010000000000000002, -0.0024999999999999467, -0.125625, -0.225625, -0.18062499999999998, 0.044375000000000005]
[-0.1890359168241966, -0.2287334593572779, -0.1890359168241966, -0.1890359168241966, -0.0042533081285445196, -0.2084120982986767, 0.02032136105860105, -0.136578449905482, -0.18525519848771269, -0.07797731568998106, -0.2287334593572779, 0.04158790170132325, 0.0051984877126654006, -0.18525519848771269, -0.17060491493383742, -0.136578449905482, -0.011814744801512234, -0.1890359168241966, -0.20841209829867674, -0.2084120982986767, -0.2084120982986767, -0.17060491493383742, -0.2287334593572779]
[-0.1975308641975309, -0.17361111111111113, -0.11805555555555558, -0.019290123456790265, 0.017746913580246826, -0.22299382716049382, 0.061728395061728336, -0.15123456790123457, -0.17361111111111113, -0.13040123456790123, -0.019290123456790265, -0.15123456790123457, -0.16743827160493827, -0.1419753086419753, -0.006944444444444309, -0.16743827160493827, -0.17361111111111113, -0.0030864197530864196, -0.012345679012345678, -0.17361111111111113, -0.03780864197530864, -0.19753086419753085, -0.0007716049382716049, -0.1419753086419753, -0.012345679012345623, -0.019290123456790265, -0.16743827160493827]
[-0.012345679012345678, -0.19753086419753085, -0.19753086419753085, -0.19753086419753085, -0.012345679012345623, -0.0030864197530864196, -0.17361111111111113, 0.043209876543209874, -0.19753086419753085, -0.019290123456790126, -0.22299382716049382, -0.0007716049382716049, -0.0030864197530864196, -0.0030864197530864196, -0.006944444444444309, -0.1674382716049383, -0.15123456790123457, -0.0007716049382716049, -0.019290123456790265, -0.0007716049382716049, 0.017746913580246826, -0.11805555555555558, -0.22299382716049382, -0.012345679012345623, -0.11805555555555558, -0.11188271604938271]
[-0.030624999999999902, -0.0025000000000000005, -0.17562499999999998, -0.005625, -0.140625, -0.12562500000000001, 0.04437499999999994, -0.130625, -0.18062499999999998, 0.01937500000000003, -0.225625, -0.0024999999999999467, -0.030624999999999902, -0.2025, 0.02750000000000008, -0.0006250000000000977, -0.2, -0.015625, -0.09, -0.225625, -0.015625, -0.225625, -0.0025000000000000005, -0.005625, -0.130625, -0.0006250000000000977, -0.16000000000000003, -0.25, -0.0024999999999999467]
[-0.07438016528925623, -0.14927685950413222, -0.22778925619834706, -0.1611570247933884, -0.18646694214876033, -0.1410123966942149, -0.20661157024793386, -0.008264462809917217, -0.1611570247933884, -0.20661157024793386, -0.025309917355372025, -0.025309917355372025, -0.1322314049586777, -0.1322314049586777, -0.20661157024793386, -0.1322314049586777, -0.14927685950413222, -0.1162190082644628, 0.003615702479338845, -0.20454545454545453, -0.20661157024793386, -0.002066115702479339, -0.1611570247933884, -0.18646694214876033, -0.20454545454545453]
[-0.0027700831024930744, 0.027700831024930817, 0.035318559556786644, -0.15581717451523547, -0.01731301939058183, -0.01731301939058183, 0.04155124653739606, -0.0006925207756232686, -0.024930747922437546, -0.17728531855955676, -0.0027700831024930744, -0.1717451523545706, -0.12465373961218834, -0.003462603878116366, -0.22437673130193903, -0.17728531855955676, -0.22437673130193903, -0.14750692520775624, -0.011080332409972304, -0.011080332409972304, -0.04432132963988922]
[-0.0022675736961451243, 0.03854875283446712, -0.20464852607709752, -0.17913832199546484, -0.07993197278911565, -0.020408163265306034, -0.009070294784580546, -0.1570294784580499, -0.16383219954648526, -0.0277777777777779, -0.20464852607709752, -0.06859410430839002, -0.22675736961451246, -0.009070294784580546, -0.0022675736961451243, 0.0113378684807256, -0.020408163265306034, -0.1570294784580499, -0.13151927437641722, -0.07993197278911565, -0.009070294784580497, -0.014172335600907027, -0.18367346938775508, -0.0005668934240362811, 0.04251700680272109, -0.1570294784580499, -0.20464852607709752, -0.18367346938775508]
[-0.011080332409972304, -0.22437673130193903, -0.20013850415512466, -0.22437673130193903, -0.20013850415512466, -0.22437673130193903, -0.15581717451523547, -0.20013850415512466, -0.1717451523545706, 0.035318559556786644, -0.0027700831024929373, -0.15581717451523547, 0.027700831024930817, -0.19736842105263158, -0.22437673130193903, -0.017313019390581715, -0.11703601108033242, -0.17728531855955676, -0.011080332409972304, -0.024930747922437546, -0.011080332409972304, -0.22437673130193903]
[-0.014172335600907027, -0.18367346938775508, -0.00510204081632653, -0.13605442176870747, -0.20238095238095238, -0.00510204081632653, -0.20464852607709752, -0.00510204081632653, -0.16383219954648526, -0.22675736961451246, -0.18367346938775508, -0.13605442176870747, -0.020408163265306034, -0.009070294784580497, -0.20238095238095238, -0.02040816326530612, -0.18367346938775508, -0.18367346938775508, -0.20464852607709752, -0.1570294784580499, -0.17913832199546484, -0.009070294784580497, -0.014172335600907027, -0.12755102040816327, -0.20464852607709752]
[-0.17913832199546487, -0.22675736961451248, -0.17913832199546484, -0.09750566893424034, 0.001700680272108901, -0.0005668934240362811, 0.0113378684807256, -0.13605442176870747, -0.1570294784580499, -0.20464852607709752, 0.038548752834467015, -0.020408163265306034, -0.10941043083900229, -0.13605442176870747, -0.22675736961451246, -0.09750566893424034, -0.00510204081632653, -0.20464852607709752, 0.01984126984126977, -0.00510204081632653, 0.03854875283446724, -0.18367346938775508, -0.22675736961451248, -0.15476190476190477, -0.0277777777777779, 0.01984126984126977, -0.14512471655328796]
[-0.024930747922437546, -0.17728531855955676, 0.018698060941828354, -0.03393351800554012, -0.0027700831024930744, 0.08033240997229929, -0.14750692520775624, -0.17728531855955676, -0.17728531855955676, -0.17728531855955676, -0.15581717451523547, 0.018698060941828354, -0.0006925207756232686, -0.003462603878116366, 0.027700831024930817, -0.13573407202216065, -0.17728531855955676, -0.04432132963988922, -0.006232686980609414, -0.20013850415512466, -0.0006925207756234286, -0.20013850415512466, -0.17728531855955676, -0.15581717451523547, -0.14750692520775624, -0.14750692520775632]
[0.008310249307479145, -0.1717451523545706, -0.1717451523545706, -0.1717451523545706, -0.006232686980609418, -0.0027700831024930744, -0.03393351800554012, -0.20013850415512466, -0.17728531855955676, -0.20013850415512466, -0.03393351800554012, -0.13573407202216065, -0.13573407202216065, -0.25, -0.17728531855955676, -0.15581717451523547, -0.0006925207756232686, 0.027700831024930817, -0.14750692520775632, -0.19736842105263158, -0.22437673130193903, -0.006232686980609418, -0.19736842105263158]
[-0.13605442176870747, -0.20464852607709752, -0.16383219954648526, -0.12755102040816327, 0.01984126984126977, -0.18367346938775508, -0.014172335600907027, -0.20238095238095238, -0.13605442176870747, -0.009070294784580497, -0.16383219954648526, -0.0022675736961451243, -0.20464852607709752, 0.027210884353741527, -0.18367346938775508, -0.13605442176870747, -0.16383219954648526, -0.20464852607709752, -0.005102040816326592, -0.17913832199546484, -0.0005668934240362811, -0.16383219954648526, -0.18367346938775508, -0.12755102040816327, -0.18367346938775508, 0.0113378684807256, -0.16383219954648526, 0.01984126984126977]
[-0.15311909262759926, -0.15311909262759926, -0.1649338374291115, -0.17060491493383742, -0.14555765595463138, 0.013232514177693777, -0.18525519848771269, -0.0018903591682419658, -0.2287334593572779, -0.1649338374291115, -0.22873345935727787, -0.1890359168241966, -0.136578449905482, -0.25, -0.05718336483931952, -0.14555765595463138, 0.03166351606805293, -0.2287334593572779, -0.011814744801512234, 0.02977315689981097, -0.1890359168241966, -0.15311909262759926, -0.1890359168241966, -0.14555765595463138]
[-0.0030864197530864196, -0.22299382716049382, -0.11805555555555558, -0.16743827160493827, -0.19753086419753085, -0.0030864197530864335, -0.0030864197530864196, -0.15123456790123457, 0.036265432098765316, -0.03780864197530864, -0.17361111111111113, -0.25, -0.17361111111111113, -0.006944444444444309, -0.03780864197530864, -0.1674382716049383, -0.17361111111111113, -0.11805555555555558, -0.0625, -0.17361111111111113, -0.16743827160493827, -0.019290123456790265, 0.017746913580246826, -0.11805555555555558, -0.0030864197530864196, -0.19444444444444445]
[-0.006232686980609418, -0.20013850415512466, -0.22437673130193903, -0.12465373961218834, -0.14750692520775624, -0.15581717451523547, -0.01731301939058183, -0.011080332409972304, -0.006232686980609418, -0.17728531855955676, -0.006232686980609418, -0.22437673130193903, -0.11911357340720219, -0.25, -0.15581717451523547, -0.17728531855955676, 0.08033240997229929, -0.1717451523545706, -0.19736842105263158, -0.17728531855955676, -0.01731301939058183, 0.04155124653739612]
[-0.10941043083900229, -0.11621315192743764, -0.014172335600907027, -0.14512471655328796, -0.014172335600907027, 0.01984126984126977, -0.20464852607709752, -0.20464852607709752, 0.04251700680272109, 0.0113378684807256, -0.1570294784580499, -0.020408163265306034, -0.20464852607709752, -0.16383219954648526, -0.18367346938775508, -0.014172335600907027, -0.009070294784580497, -0.06179138321995467, -0.014172335600907027, -0.11621315192743764, -0.0277777777777779, -0.0277777777777779, -0.00510204081632653, -0.1570294784580499, -0.12755102040816327, -0.13605442176870747, -0.014172335600907027, -0.15476190476190477, -0.17913832199546484]
[-0.15111111111111114, -0.13444444444444442, -0.25, -0.16000000000000003, -0.25, -0.25, -0.15111111111111114, -0.1877777777777778, -0.010000000000000009, -0.0277777777777779, -0.16000000000000003, -0.15111111111111114, -0.07111111111111101, -0.09333333333333337, -0.16000000000000003, -0.16000000000000003, -0.08444444444444446, -0.2177777777777778, -0.1877777777777778, -0.13444444444444442, -0.1877777777777778, -0.2177777777777778, -0.010000000000000009, -0.0011111111111111111, -0.25, -0.13444444444444442, -0.0277777777777779, -0.2177777777777778, -0.16000000000000003]
[-0.15311909262759926, 0.02032136105860105, -0.136578449905482, -0.15311909262759926, -0.1649338374291115, -0.18525519848771269, -0.14177693761814747, -0.1649338374291115, -0.0018903591682419658, 0.026465028355387554, -0.15311909262759926, 0.056710775047258966, -0.007561436672967863, -0.1890359168241966, -0.12145557655954628, -0.003780718336483968, -0.22873345935727787, -0.09829867674858225, -0.136578449905482, -0.007561436672967863, -0.1890359168241966, -0.12098298676748581, -0.023156899810964138, -0.2287334593572779, -0.017013232514177745, -0.17060491493383742, 0.031663516068052955]
[-0.004253308128544423, -0.007561436672967714, -0.017013232514177745, -0.10633270321361059, -0.017013232514177745, 0.026465028355387554, -0.17060491493383742, -0.14177693761814747, -0.2287334593572779, -0.2084120982986767, 0.026465028355387554, -0.0018903591682419658, -0.004253308128544423, 0.06379962192816635, 0.0051984877126654006, -0.011814744801512234, -0.12145557655954628, 0.031663516068052955, -0.20652173913043478, -0.1649338374291115, -0.1649338374291115, -0.00047258979206049145, -0.14177693761814747, 0.013232514177693777]
[0.02777777777777768, -0.15123456790123457, -0.1674382716049383, 0.006172839506172867, -0.006944444444444444, -0.0030864197530864196, -0.19444444444444445, -0.006944444444444444, -0.22299382716049382, -0.006944444444444309, -0.03780864197530864, -0.22299382716049382, -0.012345679012345678, -0.13040123456790123, -0.16743827160493827, 0.043209876543209874, -0.11805555555555558, -0.019290123456790265, 0.043209876543209874, -0.15123456790123457, -0.17361111111111113, -0.19753086419753085, -0.0007716049382716049]
[-0.19444444444444445, -0.0030864197530864335, -0.006944444444444444, -0.0030864197530864196, -0.0030864197530864335, -0.22299382716049382, -0.15123456790123457, -0.19753086419753085, -0.019290123456790265, -0.25, -0.0030864197530864196, -0.019290123456790265, -0.006944444444444309, -0.19753086419753085, -0.07484567901234568, -0.25, -0.1674382716049383, -0.19753086419753085, -0.22299382716049382, -0.019290123456790265, -0.19444444444444445]
[0.018698060941828354, -0.1717451523545706, -0.20013850415512466, -0.1717451523545706, -0.0027700831024930744, -0.024930747922437546, -0.17728531855955676, -0.20013850415512466, -0.20013850415512466, -0.006232686980609418, -0.17728531855955676, -0.0006925207756232686, -0.20013850415512466, -0.15581717451523547, -0.1717451523545706, -0.25, -0.006232686980609418, -0.006232686980609414, -0.22437673130193903, -0.22437673130193903]
[-0.0005668934240362811, -0.00510204081632653, -0.18367346938775508, -0.18367346938775508, -0.25, -0.13605442176870747, -0.20464852607709752, -0.25, -0.20464852607709752, -0.16383219954648526, -0.18367346938775508, -0.14512471655328796, -0.13605442176870747, -0.18367346938775508, -0.20464852607709752, -0.16383219954648526, -0.18367346938775508, -0.0005668934240362811, -0.20464852607709752, -0.07993197278911565, -0.12755102040816327, -0.14512471655328796, -0.09580498866213152, -0.15702947845804993, -0.00510204081632653, -0.18367346938775508]
[-0.22437673130193903, -0.22437673130193903, 0.027700831024930817, -0.0006925207756232686, -0.03393351800554012, -0.024930747922437546, -0.15581717451523547, -0.14750692520775624, -0.22437673130193903, 0.035318559556786644, -0.20013850415512466, -0.1717451523545706, -0.17728531855955676, -0.13573407202216065, -0.006232686980609418, -0.17728531855955676, -0.024930747922437546, -0.006232686980609418, -0.20013850415512466, -0.14750692520775624, -0.20013850415512466, -0.006232686980609414, -0.006232686980609418, -0.17728531855955676, -0.17728531855955676, -0.17728531855955676]
[-0.14750692520775624, -0.0027700831024930744, 0.008310249307479145, -0.20013850415512466, -0.22437673130193903, -0.20013850415512466, -0.15581717451523547, -0.0027700831024930744, 0.04155124653739606, -0.20013850415512466, -0.25, -0.11911357340720219, 0.04639889196675906, -0.006232686980609414, -0.17728531855955676, -0.14750692520775624, -0.13573407202216065, -0.14750692520775624, -0.01731301939058183, -0.011080332409972304, -0.006232686980609414, -0.17728531855955676, -0.22437673130193903]
[-0.20661157024793386, -0.004648760330578512, -0.1611570247933884, -0.1322314049586777, -0.025309917355372025, -0.1611570247933884, -0.1823347107438017, -0.16735537190082647, -0.16735537190082647, -0.1823347107438017, -0.20661157024793386, 0.0371900826446281, -0.20454545454545453, -0.14927685950413222, -0.05578512396694214, 0.057851239669421406, -0.20454545454545453, -0.18646694214876033, -0.025309917355372025, -0.12190082644628102, -0.025309917355372025, -0.20661157024793386, -0.002066115702479339, -0.18646694214876033]
[-0.15123456790123457, -0.16743827160493827, -0.012345679012345623, -0.16743827160493827, 0.017746913580246826, -0.0030864197530864196, 0.02777777777777768, -0.16743827160493827, 0.017746913580246826, -0.1419753086419753, -0.22299382716049382, -0.1419753086419753, -0.17361111111111113, -0.03780864197530864, -0.1419753086419753, -0.019290123456790265, -0.17361111111111113, -0.006944444444444309, -0.17361111111111113, -0.006944444444444309, -0.16743827160493827, -0.22299382716049382, -0.0030864197530864196, -0.19753086419753085]
[-0.19736842105263158, -0.04432132963988922, -0.024930747922437546, 0.018698060941828354, -0.22437673130193903, -0.22437673130193903, -0.14750692520775624, 0.04155124653739612, -0.20013850415512466, -0.20013850415512466, -0.09487534626038782, -0.22437673130193903, -0.024930747922437546, -0.03393351800554012, -0.011080332409972304, -0.03393351800554012, -0.17728531855955676, -0.0006925207756232686, -0.03393351800554012, -0.01731301939058183, -0.12465373961218834, -0.25, -0.20013850415512466, -0.22437673130193903, 0.04155124653739612]
[0.018698060941828354, -0.07202216066481992, -0.17728531855955676, -0.20013850415512466, -0.22437673130193903, -0.22437673130193903, -0.25, -0.1717451523545706, -0.011080332409972304, -0.17728531855955676, -0.006232686980609414, -0.19736842105263158, -0.12465373961218834, -0.19736842105263158, -0.12465373961218834, -0.006232686980609414, -0.17728531855955676, -0.14750692520775624, -0.0027700831024930744, -0.22437673130193903, -0.22437673130193903, -0.15581717451523547]
[-0.09750566893424034, -0.20464852607709752, -0.009070294784580497, -0.20238095238095238, -0.17913832199546487, -0.0022675736961451243, -0.22675736961451246, -0.17913832199546484, -0.14512471655328796, -0.17913832199546484, 0.038548752834467015, -0.020408163265306034, -0.1570294784580499, -0.17913832199546484, -0.014172335600907027, -0.18367346938775508, -0.13605442176870747, 0.038548752834467015, 0.04251700680272109, -0.1111111111111111, -0.16383219954648526, -0.16383219954648526, -0.20464852607709752, -0.14512471655328796, -0.22675736961451246, 0.03854875283446724, -0.16383219954648526, -0.005102040816326592]
[0.0325413223140496, -0.1410123966942149, -0.16735537190082647, -0.002066115702479339, -0.03305785123966953, -0.20661157024793386, -0.08677685950413223, -0.1322314049586777, -0.1823347107438017, -0.025309917355372025, -0.18646694214876033, -0.018595041322314043, -0.25, -0.12190082644628102, -0.18646694214876033, 0.02685950413223137, -0.012913223140495922, -0.14927685950413222, -0.07076446280991734, -0.18646694214876033, -0.025309917355372025, -0.18646694214876033, -0.1823347107438017, -0.14927685950413222, -0.04183884297520657, 0.02685950413223137, -0.11570247933884295, -0.20661157024793386]
[-0.17913832199546484, -0.1570294784580499, -0.16383219954648526, -0.13605442176870747, -0.0022675736961451243, -0.13605442176870747, -0.00510204081632653, -0.009070294784580497, 0.033446712018140645, -0.13151927437641722, -0.13151927437641725, -0.014172335600907027, 0.033446712018140645, -0.1570294784580499, -0.0277777777777779, -0.20464852607709752, -0.009070294784580497, -0.16383219954648526, -0.18367346938775508, -0.17913832199546484, -0.22675736961451246, -0.020408163265306034, -0.1570294784580499, -0.18367346938775508, 0.0861678004535148]
[-0.0277777777777779, -0.14512471655328796, -0.22675736961451246, -0.20238095238095238, -0.0022675736961451243, -0.20464852607709752, -0.009070294784580546, -0.009070294784580497, -0.22675736961451246, -0.1570294784580499, -0.0277777777777779, -0.00510204081632653, -0.009070294784580497, -0.17913832199546484, -0.18367346938775508, -0.0277777777777779, -0.14512471655328796, -0.16383219954648526, -0.20464852607709752, -0.20464852607709752, -0.14512471655328796, -0.00510204081632653, -0.0022675736961451243, -0.15476190476190477, -0.1570294784580499, -0.20464852607709752, -0.1570294784580499, -0.20238095238095238, -0.16383219954648526]
[-0.17361111111111113, -0.0007716049382715529, -0.0007716049382716049, -0.19444444444444445, -0.17361111111111113, -0.0030864197530864196, -0.17361111111111113, -0.012345679012345623, -0.1419753086419753, -0.22299382716049382, -0.17361111111111113, -0.17361111111111113, -0.1388888888888889, -0.16743827160493827, -0.0277777777777779, -0.019290123456790265, -0.22299382716049382, -0.006944444444444309, -0.006944444444444444, -0.16743827160493827, -0.019290123456790265, -0.0030864197530864335, -0.16743827160493827, -0.22299382716049382, -0.16743827160493827]
[-0.1717451523545706, -0.0027700831024929373, -0.22437673130193903, -0.15581717451523547, -0.20013850415512466, -0.20013850415512466, -0.14750692520775624, -0.011080332409972304, -0.006232686980609414, -0.19736842105263158, -0.20013850415512466, -0.04432132963988922, -0.13573407202216065, -0.12465373961218834, -0.20013850415512466, -0.01731301939058183, -0.0027700831024930744, 0.04155124653739606, -0.0006925207756232686, -0.20013850415512466, -0.22437673130193903, -0.22437673130193903]
[-0.16743827160493827, -0.0277777777777779, -0.22299382716049382, -0.19753086419753085, -0.0030864197530864196, -0.19444444444444445, -0.16743827160493827, -0.006944444444444309, -0.22299382716049385, -0.22299382716049382, -0.17361111111111113, -0.006944444444444444, -0.19753086419753085, -0.19753086419753085, -0.16743827160493827, -0.0030864197530864196, -0.19753086419753085, -0.22299382716049382, 0.02777777777777768, -0.1419753086419753, -0.0030864197530864196, -0.17361111111111113, -0.25, -0.0277777777777779, -0.19444444444444445, -0.25]
[-0.14619377162629757, -0.22145328719723184, -0.19463667820069203, -0.0008650519031141869, -0.01384083044982698, -0.19463667820069203, -0.021626297577854614, -0.1323529411764706, -0.1323529411764706, -0.19463667820069203, -0.1695501730103806, -0.19463667820069203, 0.04498269896193771, -0.19117647058823528, -0.22145328719723184, -0.1695501730103806, -0.01384083044982698, -0.12456747404844293, -0.01384083044982698, -0.19463667820069203, -0.0034602076124568004, -0.22145328719723184, -0.19463667820069203, -0.25, -0.25, -0.1695501730103806, -0.19463667820069203, 0.12110726643598624]
[-0.17361111111111113, -0.04938271604938271, -0.19753086419753085, -0.17361111111111113, -0.09567901234567902, -0.019290123456790265, -0.13040123456790123, -0.0277777777777779, -0.22299382716049382, -0.19753086419753085, -0.03780864197530864, -0.03780864197530864, -0.1736111111111112, -0.019290123456790265, -0.11188271604938271, -0.15123456790123457, -0.19444444444444445, -0.1419753086419753, -0.0007716049382716049, -0.19753086419753085, -0.15123456790123457]
[-0.1358131487889273, -0.19463667820069203, -0.1695501730103806, -0.0034602076124568004, -0.19463667820069203, -0.19117647058823528, -0.22145328719723184, -0.12456747404844293, -0.16262975778546715, -0.0034602076124567475, -0.0034602076124568004, -0.01384083044982698, -0.0034602076124567475, -0.021626297577854614, -0.22145328719723184, -0.25, -0.0008650519031141869, 0.037197231833909994, -0.021626297577854614, -0.1695501730103806, -0.1695501730103806, -0.19463667820069203, -0.19463667820069203, -0.19463667820069203, -0.007785467128027634]
[-0.0005165289256198347, 0.039256198347107474, -0.1012396694214876, -0.20661157024793386, -0.1611570247933884, -0.00619834710743794, -0.12190082644628102, 0.01239669421487588, 0.02685950413223137, -0.13688016528925623, -0.20454545454545453, -0.1410123966942149, -0.14927685950413222, -0.18646694214876033, -0.004648760330578512, -0.20661157024793386, -0.20661157024793383, -0.002066115702479339, 0.01239669421487588, -0.1611570247933884, -0.22778925619834714, -0.025309917355372025, 0.02685950413223137, -0.1823347107438017]
[-0.25, 0.033446712018140645, -0.16383219954648526, -0.18367346938775508, -0.0022675736961451243, -0.009070294784580546, -0.0022675736961451243, -0.14512471655328796, -0.17913832199546484, -0.03628117913832196, -0.22675736961451246, -0.03628117913832196, -0.20464852607709752, -0.014172335600907027, -0.20464852607709752, -0.00510204081632653, -0.22675736961451246, -0.00510204081632653, -0.17913832199546484, -0.15702947845804993, -0.20238095238095238, -0.16383219954648526, -0.020408163265306034, -0.014172335600907027, -0.18367346938775508]
[-0.010000000000000002, -0.010000000000000002, -0.225625, -0.17562499999999998, -0.130625, -0.010000000000000002, -0.005625000000000102, -0.16000000000000003, -0.225625, -0.04000000000000015, -0.09, -0.015625, -0.0006250000000000001, -0.030624999999999902, -0.022499999999999964, -0.130625, -0.15, -0.090625, -0.005625000000000102, -0.18062499999999998, -0.0006250000000000001, 0.04937499999999995, -0.225625, -0.130625, 0.0475, -0.140625, -0.17562499999999998]
[-0.0030864197530864196, -0.0771604938271605, -0.08333333333333334, -0.012345679012345623, -0.15123456790123457, -0.16743827160493827, -0.0007716049382715529, -0.0030864197530864335, -0.16743827160493827, 0.043209876543209874, 0.043209876543209874, -0.22299382716049382, -0.11805555555555558, 0.036265432098765316, 0.036265432098765316, -0.17361111111111113, -0.03780864197530864, -0.16743827160493827, 0.006172839506172867, -0.1674382716049383, -0.0277777777777779, -0.1975308641975309, -0.012345679012345623, -0.16743827160493827, -0.19753086419753085, -0.006944444444444309]
[-0.25, -0.22437673130193903, -0.17728531855955676, -0.0006925207756232686, -0.006232686980609414, -0.1717451523545706, -0.11911357340720219, -0.22437673130193903, 0.018698060941828354, -0.024930747922437546, -0.15581717451523547, -0.15581717451523547, 0.04155124653739612, -0.20013850415512466, -0.024930747922437546, -0.22437673130193903, -0.01731301939058183, -0.006232686980609418, -0.17728531855955676, -0.01731301939058183, 0.018698060941828354, -0.14473684210526316, -0.22437673130193903]
[-0.16000000000000003, -0.022499999999999964, -0.225625, -0.130625, -0.175625, -0.0024999999999999467, -0.2025, -0.005625000000000102, 0.01937500000000003, -0.0024999999999999467, -0.18062499999999998, -0.225625, -0.010000000000000009, -0.20250000000000004, -0.18062499999999998, -0.15250000000000002, 0.009999999999999898, -0.2025, -0.090625, -0.0006250000000000001, -0.022499999999999964, -0.0006250000000000001, 0.05999999999999983, -0.022499999999999964, -0.18062499999999998, -0.225625, -0.2025]
[-0.023156899810964138, -0.0042533081285445196, -0.0042533081285445196, -0.023156899810964138, -0.2287334593572779, -0.03024574669187141, 0.03591682419659735, -0.17060491493383742, -0.2084120982986767, -0.20652173913043478, -0.1271266540642722, -0.017013232514177745, -0.023156899810964138, -0.007561436672967863, 0.02032136105860105, -0.06285444234404537, -0.10964083175803405, -0.017013232514177745, 0.03591682419659735, -0.011814744801512234, -0.17060491493383742, -0.2084120982986767, -0.10964083175803405, -0.14555765595463138]
[-0.1267361111111111, -0.14626736111111116, -0.20833333333333334, -0.15668402777777776, 0.02039930555555558, -0.14973958333333334, -0.19140625, -0.16840277777777776, 0.030815972222222217, -0.1150173611111111, -0.0902777777777778, -0.18793402777777782, -0.10460069444444448, -0.21006944444444442, -0.14973958333333334, -0.25, -0.03515625, -0.17361111111111113, -0.006944444444444444, -0.25]
[-0.056689342403627996, -0.16383219954648526, -0.0005668934240362811, -0.16383219954648526, -0.18367346938775508, -0.20464852607709752, -0.18367346938775508, -0.20464852607709755, -0.20464852607709752, -0.014172335600907027, -0.0022675736961450532, -0.18367346938775508, -0.17913832199546484, -0.12755102040816327, -0.0277777777777779, -0.22675736961451246, -0.12755102040816327, -0.18367346938775508, -0.014172335600907027, -0.15476190476190477, -0.18367346938775508, 0.03854875283446712, -0.13605442176870747, -0.17913832199546484, -0.18367346938775508]
[-0.014172335600907027, -0.014172335600907027, -0.20464852607709752, -0.20464852607709752, -0.06349206349206349, -0.005102040816326592, -0.13605442176870747, -0.18367346938775508, -0.0277777777777779, -0.22675736961451246, -0.0022675736961451243, -0.18367346938775508, -0.014172335600907027, -0.12755102040816327, -0.20464852607709752, 0.001700680272108901, 0.038548752834467015, -0.17913832199546484, -0.13151927437641722, -0.009070294784580546, 0.0113378684807256, -0.13151927437641722, -0.009070294784580497, -0.22675736961451246, -0.16383219954648526, -0.17913832199546484]
[-0.0027700831024930744, -0.17728531855955681, -0.006232686980609414, -0.13573407202216065, -0.14750692520775624, -0.1717451523545706, -0.25, -0.19736842105263158, -0.12465373961218834, -0.003462603878116366, -0.17728531855955676, 0.04155124653739612, -0.03393351800554012, -0.20013850415512466, -0.011080332409972304, 0.008310249307479145, -0.1717451523545706, -0.1717451523545706, -0.0027700831024930744, -0.12465373961218834, -0.0027700831024929373, -0.1717451523545706, -0.15581717451523547, -0.17728531855955676, 0.0353185595567867]
[-0.1890359168241966, -0.0018903591682419658, -0.09829867674858225, -0.004253308128544423, -0.04725897920604927, -0.15311909262759926, -0.00047258979206049145, -0.007561436672967863, -0.0042533081285445196, -0.011814744801512234, 0.0051984877126654006, -0.007561436672967863, -0.0018903591682419658, -0.1649338374291115, 0.013232514177693777, -0.20841209829867674, -0.136578449905482, -0.00047258979206049145, -0.14177693761814744, -0.007561436672967714, -0.023156899810964138, -0.007561436672967863, -0.011814744801512234]
[0.027210884353741527, -0.005102040816326592, -0.009070294784580546, -0.13151927437641725, -0.16383219954648526, -0.0005668934240362811, -0.009070294784580435, -0.009070294784580497, 0.01984126984126977, -0.18367346938775508, -0.13605442176870747, -0.20464852607709752, -0.13151927437641722, -0.25, -0.22675736961451246, -0.014172335600907027, -0.009070294784580435, -0.07993197278911565, -0.07993197278911565, -0.00510204081632653, 0.01984126984126977, -0.20464852607709752, -0.12755102040816327, -0.22675736961451246, -0.17913832199546484, -0.16383219954648526]
[-0.140625, -0.15, -0.15, -0.18062499999999998, -0.16000000000000003, -0.17562499999999998, -0.225625, -0.2025, -0.17562499999999998, -0.18062499999999998, -0.15250000000000002, -0.15, -0.2, -0.030624999999999902, -0.17562499999999998, -0.2025, -0.04000000000000015, -0.005625, -0.2025, -0.12249999999999998, -0.2025, -0.16000000000000003, -0.2025, -0.2, -0.18062499999999998, -0.12249999999999998, -0.18062499999999998]
[-0.06616257088846883, -0.2287334593572779, -0.007561436672967714, -0.2287334593572779, -0.007561436672967714, -0.17060491493383742, -0.011814744801512234, -0.1890359168241966, 0.0051984877126654006, -0.1890359168241966, -0.14555765595463138, -0.1890359168241966, -0.1649338374291115, -0.17060491493383742, -0.004253308128544423, -0.017013232514177745, -0.2084120982986767, -0.12145557655954628, -0.136578449905482, -0.1890359168241966, -0.10207939508506617, -0.18525519848771266, -0.10207939508506617]
[-0.01384083044982698, -0.19463667820069203, -0.01384083044982698, -0.011245674740484546, -0.021626297577854614, -0.1695501730103806, -0.0034602076124567475, -0.0034602076124567475, -0.007785467128027634, -0.14619377162629757, -0.0034602076124567475, -0.021626297577854614, -0.08737024221453286, -0.1358131487889273, -0.01384083044982698, -0.007785467128027634, -0.021626297577854614, -0.1695501730103806, -0.25, -0.0008650519031141869, -0.021626297577854614, -0.14619377162629757, 0.037197231833909994, -0.19463667820069203, -0.1695501730103806, -0.19117647058823528]
[-0.20238095238095238, -0.0022675736961451243, -0.20238095238095238, -0.014172335600907027, -0.14512471655328796, -0.18367346938775508, -0.04591836734693877, -0.0022675736961451243, -0.0277777777777779, -0.020408163265306034, -0.17913832199546487, 0.033446712018140645, -0.12755102040816327, -0.17913832199546484, -0.0022675736961451243, -0.16383219954648526, -0.12755102040816327, -0.0022675736961450532, -0.18367346938775508, -0.1570294784580499, -0.0022675736961450532, 0.027210884353741527, -0.13151927437641722, 0.01984126984126977]
[-0.1410123966942149, -0.1611570247933884, 0.0371900826446282, -0.1611570247933884, 0.06198347107438018, -0.18646694214876033, -0.18233471074380161, -0.012913223140495922, -0.14927685950413222, -0.20661157024793386, -0.1611570247933884, 0.0201446280991735, 0.057851239669421406, -0.0005165289256198347, -0.20661157024793386, -0.05836776859504131, -0.018595041322314043, -0.004648760330578512, 0.0036157024793387893, -0.12190082644628102, -0.008264462809917356, -0.004648760330578372, -0.16735537190082647, 0.03254132231404959, -0.18646694214876042, -0.018595041322314043, -0.20661157024793386, -0.1322314049586777, -0.00619834710743794]
[-0.2025, -0.0025000000000000005, -0.10250000000000001, -0.030624999999999902, -0.2025, -0.225625, -0.25, -0.015625, -0.15250000000000002, -0.0025000000000000005, -0.225625, -0.04000000000000015, 0.034375, -0.15250000000000002, -0.18062499999999998, -0.15250000000000002, -0.11000000000000003, -0.25, -0.15, -0.010000000000000002, 0.05999999999999983, -0.22562500000000002, -0.09, -0.0006250000000000001, -0.18062499999999998, -0.0006250000000000977, -0.22562500000000002]
[-0.006944444444444309, -0.006944444444444309, -0.17361111111111113, -0.0030864197530864196, -0.15123456790123457, -0.15123456790123457, -0.1388888888888889, -0.006944444444444309, -0.0030864197530864196, -0.0030864197530864196, -0.19753086419753085, -0.0030864197530864196, -0.1419753086419753, -0.006944444444444444, -0.012345679012345623, -0.17361111111111113, -0.1419753086419753, 0.0733024691358024, -0.0277777777777779, -0.09567901234567902, -0.006944444444444444, -0.15123456790123457, -0.22299382716049382, -0.22299382716049382]
[-0.0018903591682419658, -0.14555765595463138, -0.18525519848771269, -0.023156899810964138, -0.011814744801512234, -0.20652173913043478, 0.0051984877126654006, -0.12145557655954628, -0.011814744801512234, -0.1271266540642722, -0.1649338374291115, -0.14555765595463138, -0.17060491493383742, -0.16493383742911152, -0.007561436672967863, -0.14555765595463138, -0.017013232514177745, -0.18525519848771269, -0.003780718336483968, -0.1890359168241966, 0.02032136105860105, -0.2287334593572779, -0.25, -0.0018903591682419658, -0.136578449905482]
[-0.1717451523545706, -0.01731301939058183, -0.14750692520775624, -0.14473684210526316, -0.22437673130193903, 0.008310249307479145, -0.14750692520775624, -0.0027700831024929373, -0.20013850415512466, -0.0027700831024929373, -0.22437673130193903, -0.11911357340720219, 0.035318559556786644, -0.1717451523545706, -0.11703601108033242, -0.1717451523545706, -0.20013850415512466, 0.018698060941828354, -0.15581717451523547, -0.011080332409972304, -0.17728531855955676, -0.22437673130193903, -0.024930747922437546, -0.0027700831024929373]
[-0.22437673130193903, -0.024930747922437546, -0.25, -0.11911357340720219, -0.22437673130193903, -0.13573407202216065, -0.22437673130193903, -0.0006925207756232686, -0.20013850415512466, -0.0006925207756232686, -0.1717451523545706, -0.20013850415512466, -0.0027700831024930744, -0.19736842105263158, -0.0027700831024930744, -0.15581717451523547, -0.22437673130193903, -0.17728531855955676, -0.14750692520775624, -0.22437673130193903, -0.17728531855955681, -0.14750692520775624]
[-0.1717451523545706, -0.15581717451523547, -0.0027700831024930744, -0.1717451523545706, -0.12465373961218834, -0.22437673130193903, -0.024930747922437546, -0.006232686980609418, -0.17728531855955676, -0.11911357340720219, -0.15581717451523547, -0.024930747922437546, -0.011080332409972304, -0.17728531855955676, -0.01731301939058183, -0.0948753462603879, -0.15581717451523547, -0.19736842105263158, -0.17728531855955676, -0.09487534626038782, -0.01731301939058183, -0.14750692520775624, -0.20013850415512466, -0.22437673130193903, -0.22437673130193903, -0.0027700831024930744, 0.027700831024930817]
[-0.019290123456790265, 0.043209876543209874, -0.0277777777777779, -0.17361111111111113, -0.1419753086419753, -0.019290123456790265, -0.19444444444444445, -0.17361111111111113, -0.16743827160493827, -0.25, 0.017746913580246826, -0.019290123456790265, -0.019290123456790265, -0.17361111111111113, -0.13040123456790123, -0.1975308641975309, -0.13040123456790123, -0.006944444444444444, -0.0007716049382715529, -0.19753086419753085, -0.0007716049382715529, -0.012345679012345623, -0.22299382716049385, -0.17361111111111113]
[-0.2084120982986767, -0.007561436672967863, -0.1890359168241966, -0.1649338374291115, -0.09262759924385634, -0.017013232514177745, -0.1890359168241966, -0.1890359168241966, -0.004253308128544423, -0.18525519848771269, -0.023156899810964138, -0.20652173913043478, -0.2287334593572779, -0.14555765595463138, -0.14555765595463138, -0.10964083175803405, 0.026465028355387554, -0.10207939508506617, -0.1890359168241966, -0.10633270321361059, -0.007561436672967714, -0.017013232514177745, -0.14177693761814747, -0.017013232514177745, 0.07514177693761814, -0.2084120982986767, -0.2287334593572779]
[-0.11188271604938271, -0.19753086419753085, 0.03626543209876543, -0.19753086419753085, -0.19444444444444445, -0.17361111111111113, -0.22299382716049382, -0.19444444444444445, -0.15123456790123457, -0.012345679012345623, 0.017746913580246826, 0.036265432098765316, -0.0007716049382716049, -0.22299382716049382, -0.006944444444444309, -0.17361111111111113, -0.19753086419753085, -0.15123456790123457, -0.22299382716049382, -0.19753086419753085, -0.19444444444444445, -0.17361111111111113, -0.19753086419753085, 0.10416666666666663, -0.22299382716049382, -0.19753086419753085, -0.0007716049382716049]
[-0.011814744801512234, -0.1649338374291115, -0.1649338374291115, -0.1649338374291115, -0.17060491493383742, -0.12098298676748581, -0.1271266540642722, -0.20652173913043478, -0.0018903591682419658, -0.00047258979206049145, 0.03166351606805293, -0.14177693761814747, -0.17060491493383742, -0.1890359168241966, -0.12145557655954628, -0.18525519848771269, -0.136578449905482, -0.1890359168241966, -0.0018903591682419658, -0.1649338374291115, -0.17060491493383742, -0.001890359168242095, -0.00047258979206049145, -0.004253308128544423]
[-0.2116, -0.1296, -0.17639999999999997, -0.13639999999999997, -0.07840000000000001, 0.007600000000000162, -0.1716, -0.1536, -0.1936, -0.0064, -0.025599999999999845, -0.19039999999999999, -0.2304, -0.2116, -0.1316, -0.1024, 0.020400000000000085, -0.19039999999999999, -0.17639999999999997, -0.13639999999999997, -1.1102230246251565e-16, -0.010000000000000009, -0.010000000000000002, -0.010000000000000009, -0.2116, -0.16000000000000003, -0.17639999999999997]
[-0.21, 0.007600000000000162, -0.1444, -0.025599999999999845, -0.11560000000000002, 0.007600000000000162, -0.17639999999999997, -0.1936, -0.16000000000000003, -0.19039999999999999, -0.2304, -0.1716, -0.1904, -0.1444, -0.1936, -0.010000000000000009, -0.1296, -0.0004, -0.1316, -0.025599999999999845, -0.0016, -0.010000000000000002, -0.17639999999999997, -1.1102230246251565e-16, -0.010000000000000009, -0.21, -0.13639999999999997, -0.13, -0.1936]
[0.027700831024930817, -0.15581717451523547, -0.0027700831024930744, -0.1717451523545706, -0.14750692520775624, -0.01731301939058183, -0.22437673130193903, 0.027700831024930817, -0.19736842105263158, -0.01731301939058183, -0.03393351800554012, -0.17728531855955676, -0.0027700831024930744, -0.14750692520775624, -0.011080332409972304, -0.20013850415512466, -0.22437673130193903, -0.011080332409972304, -0.006232686980609418, -0.20013850415512466, 0.035318559556786644, -0.17728531855955676, 0.035318559556786644, -0.04432132963988922, -0.1717451523545706]
[-0.18333333333333335, -0.004444444444444473, -0.2177777777777778, -0.25, -0.12111111111111113, -0.05444444444444452, -0.12111111111111113, -0.0011111111111111111, -0.1877777777777778, -0.1877777777777778, 0.03888888888888875, -0.2177777777777778, -0.017777777777777892, 0.03888888888888875, -0.15111111111111114, 0.012222222222222134, -0.15111111111111114, -0.1877777777777778, -0.13444444444444442, -0.0277777777777779, -0.2177777777777778, -0.1877777777777778, -0.18333333333333335, -0.25, -0.1877777777777778, -0.16000000000000003, -0.1877777777777778, -0.010000000000000009, -0.0277777777777779]
[-0.0025000000000000005, -0.18062499999999998, -0.2, -0.225625, 0.02750000000000008, -0.140625, -0.140625, -0.18062499999999998, -0.18062499999999998, -0.225625, -0.18062499999999998, -0.25, -0.030624999999999902, -0.0024999999999999467, -0.010000000000000002, -0.130625, -0.2025, -0.140625, -0.015625, -0.18062499999999998, -0.18062499999999998, -0.125625, -0.16000000000000003, -0.16000000000000003, -0.225625, -0.25, -0.010000000000000009, -0.010000000000000002]
[-0.2084120982986767, -0.0018903591682419658, -0.17060491493383742, -0.22873345935727787, -0.12145557655954628, -0.004253308128544423, -0.10964083175803405, -0.023156899810964138, -0.023156899810964138, -0.2084120982986767, -0.023156899810964138, -0.20652173913043478, -0.011814744801512234, -0.08364839319470699, -0.10207939508506617, -0.14555765595463138, -0.2287334593572779, -0.17060491493383742, -0.1890359168241966, -0.18525519848771269, -0.2084120982986767]
[-0.1823347107438017, 0.0325413223140496, -0.09555785123966942, -0.008264462809917356, -0.22778925619834706, 0.003615702479338845, 0.016528925619834656, -0.004648760330578372, -0.1410123966942149, -0.14101239669421495, -0.1611570247933884, -0.09142561983471079, -0.16735537190082647, -0.02892561983471076, -0.25, -0.1322314049586777, -0.03305785123966953, -0.22778925619834714, -0.22778925619834714, -0.03305785123966953, -0.12190082644628102, -0.22778925619834706, -0.25, -0.12190082644628102]
[-0.225625, -0.16000000000000003, -0.18062499999999998, -0.16000000000000003, -0.0025000000000000005, -0.18062499999999998, -0.010000000000000002, -0.225625, -0.015625, -0.15250000000000002, -0.18062499999999998, -0.005625, -0.2025, -0.2025, -0.015625, -0.18062499999999998, -0.005625, -0.010000000000000009, -0.18062499999999998, -0.15, -0.15250000000000002, -0.030624999999999902, -0.225625, -0.022499999999999964, -0.005625]
[-0.1877777777777778, -0.1511111111111111, -0.017777777777777892, -0.18333333333333335, -0.13444444444444442, -0.010000000000000002, -0.2177777777777778, -0.25, -0.04000000000000015, 0.04333333333333339, -0.004444444444444473, -0.15111111111111114, -0.2177777777777778, -0.05444444444444446, -0.12111111111111113, -0.04000000000000015, -0.25, -0.18333333333333335, -0.04000000000000015, -0.1877777777777778, -0.2177777777777778, 0.03888888888888875, -0.0044444444444444444, -0.15111111111111114, -0.2177777777777778, 0.026666666666666505, -0.2177777777777778, -0.1877777777777778]
[-0.1410123966942149, -0.1611570247933884, -0.004648760330578512, -0.1823347107438017, -0.008264462809917217, -0.004648760330578512, -0.1823347107438017, -0.025309917355372025, -0.16735537190082647, -0.012913223140495922, -0.008264462809917356, -0.20661157024793386, 0.0201446280991735, -0.22778925619834714, -0.07076446280991734, -0.20661157024793386, -0.16735537190082647, -0.18646694214876033, 0.02685950413223137, -0.20454545454545453, 0.0325413223140496, -0.1823347107438017, -0.008264462809917356]
[-0.17361111111111113, -0.22299382716049382, 0.043209876543209874, -0.019290123456790265, -0.13040123456790123, -0.17361111111111113, -0.16743827160493827, -0.17361111111111113, -0.1674382716049383, -0.22299382716049382, -0.0030864197530864335, -0.0007716049382716049, -0.0277777777777779, -0.006944444444444444, -0.0277777777777779, -0.08333333333333334, -0.11805555555555558, 0.017746913580246826, -0.1674382716049383, -0.17361111111111113, -0.1388888888888889, -0.22299382716049382, 0.048611111111111105, -0.0007716049382715529, 0.017746913580246826, -0.17361111111111113]
[-0.03628117913832196, 0.033446712018140645, -0.1570294784580499, -0.009070294784580546, -0.17913832199546484, -0.20464852607709752, -0.0839002267573696, -0.07993197278911565, 0.01984126984126977, -0.17913832199546484, -0.04591836734693877, -0.20464852607709752, -0.16383219954648526, -0.020408163265306034, -0.04591836734693877, -0.16383219954648526, -0.014172335600907027, -0.16383219954648526, -0.03628117913832196, -0.18367346938775508, -0.22675736961451246, -0.17913832199546484, -0.020408163265306034, -0.11621315192743764, -0.20238095238095238, 0.01984126984126977, -0.1570294784580499]
[-0.1590909090909091, -0.004648760330578372, -0.012913223140495922, -0.20454545454545453, -0.002066115702479339, -0.1410123966942149, -0.002066115702479339, -0.18646694214876033, -0.1410123966942149, -0.14927685950413222, -0.002066115702479339, -0.03305785123966953, -0.0005165289256198347, -0.004648760330578512, -0.018595041322314043, -0.018595041322314043, -0.20661157024793386, -0.07076446280991734, -0.0020661157024794985, -0.20661157024793386, -0.1611570247933884, -0.16735537190082647, -0.20661157024793386, -0.04183884297520657, -0.13688016528925623, -0.1410123966942149]
[-0.225625, -0.2025, -0.17562499999999998, -0.15250000000000002, 0.02750000000000008, -0.16000000000000003, -0.18062499999999998, -0.130625, 0.02750000000000008, -0.010000000000000002, -0.010000000000000009, -0.2025, -0.2025, -0.17562499999999998, -0.015625, -0.18062499999999998, -0.2025, -0.022499999999999964, -0.010000000000000009, -0.16000000000000003, -0.25, -0.16000000000000003, -0.005625, -0.17562499999999998, -0.012499999999999956, -0.0006250000000000001, -0.18062499999999998]
[-0.0018903591682419658, -0.05860113421550095, -0.11956521739130435, -0.0931001890359168, -0.18525519848771266, -0.1649338374291115, -0.136578449905482, -0.2084120982986767, 0.031663516068052955, -0.2084120982986767, -0.15311909262759926, -0.2084120982986767, -0.18525519848771269, -0.22873345935727787, -0.1649338374291115, -0.011814744801512234, -0.10964083175803405, -0.011814744801512234, -0.1890359168241966, -0.12145557655954628, -0.2084120982986767, -0.0931001890359168, -0.20652173913043478, -0.2084120982986767, -0.1649338374291115]
[-0.22675736961451246, -0.014172335600907027, -0.03628117913832196, 0.001700680272108901, -0.014172335600907028, -0.009070294784580497, -0.25, -0.1570294784580499, -0.22675736961451248, -0.13151927437641725, -0.02040816326530612, -0.18367346938775508, -0.14512471655328796, -0.020408163265306034, 0.10657596371882083, -0.18367346938775508, -0.08163265306122452, -0.1570294784580499, -0.020408163265306034, -0.20464852607709752, -0.20464852607709752, -0.18367346938775508, -0.11621315192743764, -0.16383219954648526]
[-0.006232686980609418, -0.14750692520775624, -0.0006925207756232686, -0.006232686980609418, -0.12465373961218834, -0.15581717451523547, -0.0006925207756234286, -0.03393351800554012, -0.024930747922437546, -0.1717451523545706, 0.07132963988919672, -0.0006925207756232686, -0.22437673130193903, -0.25, -0.10318559556786705, -0.22437673130193903, -0.006232686980609414, -0.25, 0.005540166204986097, -0.0006925207756232686, -0.006232686980609414, -0.20013850415512466, -0.0027700831024929373]
[-0.14927685950413222, -0.012913223140495922, -0.14927685950413222, -0.1611570247933884, 0.0201446280991735, -0.1322314049586777, -0.1823347107438017, -0.20661157024793386, -0.1410123966942149, -0.1590909090909091, -0.20661157024793386, -0.018595041322314043, -0.008264462809917356, -0.16735537190082647, -0.025309917355372025, -0.16735537190082647, -0.002066115702479339, -0.025309917355372025, -0.1410123966942149, -0.18646694214876033, -0.20454545454545453, -0.22778925619834714, 0.01239669421487588, -0.008264462809917217]
[-0.18646694214876033, 0.01239669421487588, -0.20661157024793386, -0.1823347107438017, -0.0005165289256198347, 0.04907024793388426, -0.0005165289256198347, -0.1410123966942149, -0.13688016528925623, -0.22778925619834714, -0.012913223140495922, -0.04183884297520657, -0.18646694214876033, -0.012913223140495922, -0.002066115702479339, -0.018595041322314043, -0.20454545454545453, -0.017045454545454586, -0.002066115702479339, 0.03254132231404959, -0.18646694214876033, -0.1611570247933884, -0.16735537190082647]
[0.02685950413223137, 0.01239669421487588, -0.16735537190082647, -0.1823347107438017, -0.1410123966942149, -0.012913223140495922, 0.0325413223140496, -0.18646694214876033, -0.18646694214876033, -0.03305785123966953, -0.20661157024793386, -0.18646694214876033, -0.1322314049586777, -0.025309917355372025, -0.002066115702479339, -0.18646694214876033, -0.07644628099173556, 0.0325413223140496, -0.16735537190082647, -0.1611570247933884, 0.01239669421487588, -0.012913223140495866, -0.25, -0.1611570247933884, -0.1410123966942149]
[-0.1717451523545706, -0.15581717451523547, -0.14473684210526316, -0.11703601108033242, -0.011080332409972304, -0.20013850415512466, -0.22437673130193903, -0.14750692520775624, -0.01731301939058183, -0.20013850415512466, -0.20013850415512466, -0.15581717451523547, -0.14473684210526316, -0.0027700831024930744, -0.13573407202216065, -0.13573407202216065, -0.09972299168975068, 0.04155124653739606, -0.0027700831024930744, -0.12465373961218834, -0.006232686980609418, -0.01731301939058183, -0.0027700831024930744, -0.22437673130193903, -0.20013850415512466]
[-0.007561436672967863, -0.14555765595463138, -0.007561436672967714, -0.1649338374291115, -0.004253308128544423, -0.03024574669187141, -0.14177693761814747, -0.0042533081285445196, -0.17060491493383742, -0.004253308128544423, 0.013232514177693777, -0.18525519848771266, -0.017013232514177745, -0.15311909262759926, -0.2084120982986767, -0.136578449905482, -0.17060491493383742, -0.004253308128544423, -0.011814744801512234, -0.15311909262759926, -0.011814744801512234, -0.18525519848771266]
[-0.0030864197530864196, -0.17361111111111113, -0.019290123456790265, -0.0030864197530864196, -0.08641975308641975, -0.0277777777777779, -0.22299382716049382, -0.012345679012345623, 0.0733024691358024, -0.006944444444444309, -0.1388888888888889, -0.1419753086419753, -0.1419753086419753, -0.17361111111111113, -0.19753086419753085, -0.03780864197530864, -0.0007716049382716049, -0.13040123456790123, -0.25, -0.019290123456790265, 0.02777777777777768, -0.0030864197530864196, -0.19753086419753085, -0.17361111111111113]
[-0.005102040816326592, -0.0022675736961451243, -0.20238095238095238, -0.11621315192743764, -0.009070294784580497, -0.22675736961451246, -0.20464852607709752, -0.22675736961451246, -0.13605442176870747, -0.20464852607709752, -0.22675736961451246, -0.009070294784580497, -0.014172335600907027, -0.0277777777777779, -0.1570294784580499, -0.00510204081632653, -0.13151927437641725, -0.12755102040816327, -0.1570294784580499, -0.20464852607709755, 0.01984126984126977, -0.13605442176870747, -0.16383219954648526, -0.25, -0.14512471655328796]
[0.044375000000000005, -0.2, -0.15250000000000002, -0.022499999999999964, -0.015625, -0.25, -0.17562499999999998, -0.225625, -0.2025, -0.140625, -0.030624999999999902, -0.15, -0.16000000000000003, -0.18062499999999998, -0.16000000000000003, -0.2025, -0.17562499999999998, -0.075625, -0.0025000000000000005, -0.015625, -0.2025, -0.225625, -0.2025, -0.15250000000000002, -0.2, -0.15, -0.15250000000000002, -0.17562499999999998]
[0.02750000000000008, -0.02562500000000001, -0.075625, -0.18062499999999998, -0.15250000000000002, 0.04, -0.005625000000000102, -0.2, -0.0025000000000000005, -0.2025, -0.0025000000000000005, -0.175625, -0.11000000000000003, -0.16000000000000003, -0.0025000000000000005, -0.005625000000000102, 0.034375000000000044, -0.15250000000000002, -0.15250000000000002, -0.2025, -0.0025000000000000005, -0.225625, -0.2025, -0.16000000000000003, -0.25, -0.022499999999999964]
[-0.18646694214876033, 0.01239669421487588, -0.22778925619834714, -0.13688016528925623, -0.018595041322314043, -0.14927685950413222, -0.20661157024793386, -0.1823347107438017, -0.012913223140495922, -0.20454545454545453, -0.004648760330578372, -0.16735537190082647, -0.22778925619834714, -0.02892561983471076, -0.18233471074380161, -0.25, -0.16735537190082647, -0.002066115702479339, 0.04338842975206612, -0.0005165289256198347, 0.01239669421487588, -0.16735537190082647, 0.0201446280991735]
[-0.0018903591682419658, -0.15311909262759926, -0.18525519848771269, -0.0931001890359168, 0.013232514177693777, -0.017013232514177745, -0.1890359168241966, -0.007561436672967863, -0.07797731568998106, -0.2084120982986767, 0.0051984877126654006, -0.0018903591682419658, 0.02032136105860105, -0.14555765595463138, 0.013232514177693777, -0.017013232514177745, -0.011814744801512234, -0.18525519848771269, -0.1890359168241966, -0.10633270321361059, -0.1271266540642722, -0.1890359168241966, -0.2287334593572779, 0.06379962192816635]
[-0.0277777777777779, -0.04591836734693877, -0.20464852607709752, -0.18367346938775508, -0.06859410430839002, -0.0005668934240362633, -0.17913832199546484, -0.14512471655328796, -0.22675736961451246, -0.09750566893424034, -0.22675736961451246, 0.033446712018140645, -0.20464852607709752, -0.18367346938775508, -0.0277777777777779, -0.03628117913832196, -0.15476190476190477, -0.1570294784580499, -0.20464852607709752, -0.18367346938775508, -0.009070294784580435, -0.09750566893424034, -0.25, -0.0005668934240362811, -0.20464852607709752, -0.17913832199546487]
[-0.03024574669187141, -0.03024574669187141, -0.1890359168241966, -0.00047258979206049145, -0.017013232514177745, 0.031663516068052955, 0.03166351606805293, -0.2084120982986767, -0.017013232514177745, -0.2287334593572779, -0.17060491493383742, -0.2084120982986767, 0.013232514177693777, -0.1271266540642722, -0.09829867674858225, -0.007561436672967863, 0.03922495274102067, -0.2287334593572779, -0.18525519848771269, -0.011814744801512234, -0.14177693761814747, -0.004253308128544423, 0.03591682419659735, -0.1649338374291115]
[-0.25, -0.11805555555555558, -0.19753086419753085, -0.012345679012345623, -0.16743827160493827, -0.006944444444444444, -0.17361111111111113, -0.012345679012345623, -0.22299382716049382, -0.006944444444444309, -0.19753086419753085, 0.04320987654320996, -0.1111111111111111, 0.036265432098765316, -0.11805555555555558, -0.0007716049382716049, -0.17361111111111113, 0.006172839506172867, -0.11188271604938271, -0.22299382716049385, -0.006944444444444309, -0.25, -0.16743827160493827, 0.036265432098765316]
[-0.090625, -0.2025, -0.15250000000000002, -0.0025000000000000005, -0.015625, -0.18062499999999998, -0.2025, -0.2025, -0.2025, -0.12562500000000001, -0.2025, -0.15250000000000002, -0.16000000000000003, -0.2025, -0.15250000000000002, -0.060000000000000026, -0.0025000000000000005, -0.130625, -0.08062499999999997, 0.04937499999999995, -0.140625, -0.12249999999999998, -0.030624999999999902, -0.18062499999999998, -0.060000000000000026, -0.2, -0.2025, -0.18062499999999998, -0.005625]
[-0.22437673130193903, -0.006232686980609414, -0.01731301939058183, -0.0006925207756232686, 0.027700831024930817, -0.22437673130193903, -0.22437673130193903, 0.035318559556786644, -0.15581717451523547, 0.035318559556786644, -0.17728531855955676, -0.20013850415512466, -0.14750692520775624, -0.22437673130193903, -0.011080332409972304, -0.22437673130193903, -0.13573407202216065, 0.018698060941828354, -0.20013850415512466, -0.20013850415512466, -0.25, -0.19736842105263158]
[-0.18646694214876033, -0.20661157024793386, -0.002066115702479339, -0.20661157024793386, -0.20661157024793386, -0.03305785123966953, -0.0020661157024794985, -0.18646694214876033, -0.018595041322314043, -0.1823347107438017, 0.0201446280991735, -0.22778925619834714, -0.025309917355372025, -0.20454545454545453, -0.018595041322314043, -0.16735537190082647, -0.002066115702479339, -0.1322314049586777, -0.20454545454545453, 0.02685950413223137, -0.20661157024793386, 0.0201446280991735, -0.1823347107438017, -0.025309917355372025]
[-0.12190082644628102, -0.14927685950413222, -0.12190082644628102, -0.20661157024793386, -0.018595041322314043, -0.14927685950413222, -0.004648760330578372, -0.002066115702479339, -0.22778925619834714, -0.002066115702479339, -0.18646694214876033, -0.1590909090909091, -0.20661157024793386, -0.07438016528925623, -0.20661157024793386, -0.18233471074380161, -0.16735537190082647, -0.18646694214876033, 0.039256198347107474, -0.012913223140495922, -0.012913223140495922, -0.0005165289256198347, -0.008264462809917356, 0.0201446280991735, -0.18233471074380161, -0.1590909090909091, -0.1823347107438017, 0.0201446280991735]
[-0.010000000000000002, 0.02750000000000008, -0.17562499999999998, 0.02750000000000008, -0.04000000000000015, -0.2025, -0.25, -0.17562499999999998, -0.1, -0.130625, -0.1, -0.17562499999999998, 0.009999999999999898, 0.02750000000000008, -0.0025000000000000005, 0.02750000000000008, -0.10250000000000001, -0.0006250000000000001, -0.16000000000000003, -0.130625, -0.225625, -0.2, -0.022499999999999964, -0.2025, -0.015625, 0.07750000000000012]
[-0.2025, -0.005625, 0.044375000000000005, -0.030624999999999902, -0.2025, -0.18062499999999998, -0.15250000000000002, -0.15, -0.15, 0.02750000000000008, -0.0025000000000000005, -0.2025, 0.07750000000000012, -0.12562500000000001, -0.15250000000000002, -0.125625, -0.075625, -0.140625, -0.15250000000000005, -0.16000000000000003, -0.125625, -0.05062500000000003, -0.2025, -0.015625, -0.030624999999999902, -0.25, -0.015625]
[-0.2025, -0.130625, -0.010000000000000009, -0.015625, -0.18062499999999998, -0.16000000000000003, 0.01937500000000003, -0.15250000000000002, -0.015625, -0.015625, -0.15250000000000002, -0.11000000000000003, -0.010000000000000002, -0.0006250000000000001, -0.15, -0.2025, -0.022499999999999964, -0.030624999999999902, -0.12249999999999998, -0.2025, -0.140625, -0.15250000000000002, -0.0025000000000000005, 0.11000000000000004, -0.15250000000000002, -0.25, -0.2025]
[-0.0034602076124567475, -0.1695501730103806, -0.1695501730103806, -0.042387543252595083, -0.03114186851211065, -0.007785467128027683, 0.02768166089965407, -0.25, -0.19117647058823528, -0.19463667820069203, -0.14619377162629757, -0.19463667820069203, -0.007785467128027634, -0.021626297577854614, -0.0008650519031141869, -0.08650519031141869, -0.03114186851211065, -0.0008650519031141446, 0.05536332179930796, -0.0008650519031141869, -0.19463667820069203, -0.19463667820069203, -0.19117647058823528, -0.0034602076124567475, -0.19463667820069205]
[-0.009070294784580497, -0.0022675736961451243, -0.16383219954648526, -0.13605442176870747, -0.18367346938775508, -0.12755102040816327, -0.18367346938775508, -0.18367346938775508, -0.0022675736961451243, -0.20238095238095238, -0.22675736961451246, -0.1570294784580499, -0.009070294784580497, -0.20464852607709752, -0.20464852607709752, -0.014172335600907028, -0.20464852607709752, -0.20464852607709752, -0.20464852607709752, -0.20238095238095238, -0.13151927437641722, -0.22675736961451246, -0.00510204081632653, -0.00510204081632653, -0.18367346938775508, -0.22675736961451246, -0.16383219954648526]
[-0.005625, -0.225625, -0.16000000000000003, -0.18062499999999998, -0.015625, -0.2025, -0.18062499999999998, -0.22562500000000002, -0.010000000000000009, -0.0024999999999999467, -0.09, -0.17562499999999998, -0.015625, -0.130625, -0.15250000000000002, -0.25, -0.0025000000000000005, -0.125625, -0.2025, -0.18062499999999998, -0.140625, 0.039999999999999925, -0.2025, -0.18062499999999998, -0.18062499999999998, 0.02750000000000008]
[-0.0006250000000000001, -0.0024999999999999467, -0.2025, -0.2025, -0.090625, -0.04000000000000015, 0.02750000000000008, -0.10562500000000001, -0.18062499999999998, -0.18062499999999998, -0.18062499999999998, -0.17562499999999998, -0.0006250000000000001, -0.005625000000000102, -0.18062499999999998, -0.18062499999999998, -0.17562499999999998, -0.2025, -0.05062500000000003, -0.005625000000000102, 0.04437499999999994, -0.16000000000000003, -0.2025, -0.16000000000000003, -0.18062499999999998, -0.15250000000000002, -0.2025, 0.01937500000000003, 0.02750000000000008]
[-0.15123456790123457, -0.19753086419753085, -0.012345679012345623, -0.1419753086419753, -0.0030864197530864196, -0.006944444444444444, -0.15123456790123457, -0.0030864197530864335, -0.0030864197530864196, -0.17361111111111113, -0.0030864197530864335, -0.17361111111111113, -0.16743827160493827, -0.19753086419753085, -0.0625, -0.15123456790123457, -0.15123456790123457, -0.19753086419753085, -0.1419753086419753, -0.22299382716049382, -0.0030864197530864335, -0.0277777777777779, -0.19444444444444445, -0.006944444444444444, -0.17361111111111113]
[-0.13688016528925623, -0.11570247933884295, -0.13688016528925623, -0.22778925619834714, -0.16735537190082647, -0.002066115702479339, -0.18646694214876033, -0.03305785123966953, 0.01239669421487588, -0.1611570247933884, -0.20661157024793386, 0.0201446280991735, -0.008264462809917356, -0.1611570247933884, -0.18646694214876042, -0.1823347107438017, -0.22778925619834706, -0.012913223140495922, -0.20661157024793386, -0.012913223140495866, -0.20661157024793386, -0.22778925619834714, -0.004648760330578372, -0.18646694214876033]
[-0.1611570247933884, -0.03305785123966953, -0.11570247933884295, -0.22778925619834714, -0.1410123966942149, -0.18646694214876033, -0.22778925619834714, -0.008264462809917217, -0.09555785123966942, -0.16735537190082647, -0.04183884297520657, -0.18646694214876033, -0.22778925619834714, -0.1410123966942149, -0.20661157024793386, -0.012913223140495922, -0.1590909090909091, -0.18646694214876033, -0.20454545454545453, -0.18646694214876033, -0.16735537190082647, -0.22778925619834714, -0.0005165289256198347, -0.16735537190082647, -0.22778925619834714]
[-0.20238095238095238, -0.22675736961451246, -0.17913832199546484, -0.25, -0.00510204081632653, -0.20464852607709752, -0.1570294784580499, -0.014172335600907027, -0.16383219954648526, -0.16383219954648526, -0.20238095238095238, -0.014172335600907027, -0.020408163265306034, -0.16383219954648526, 0.01984126984126977, -0.22675736961451246, -0.10941043083900229, -0.20238095238095238, -0.11621315192743764, -0.14512471655328796, -0.20238095238095238, -0.16383219954648526, 0.01984126984126977, -0.11621315192743764, -0.18367346938775508, -0.014172335600907028, -0.03628117913832196, -0.014172335600907027, -0.18367346938775508]
[-0.12465373961218834, -0.1717451523545706, -0.20013850415512466, -0.19736842105263158, -0.006232686980609418, 0.018698060941828354, -0.17728531855955676, -0.024930747922437546, -0.12465373961218834, 0.087950138504155, -0.25, 0.08033240997229929, -0.19736842105263158, 0.09418282548476453, -0.064404432132964, -0.1717451523545706, -0.17728531855955676, -0.13573407202216065, -0.1717451523545706, 0.018698060941828354, 0.035318559556786644, -0.14473684210526316, 0.018698060941828354]
[-0.0030864197530864196, -0.0030864197530864196, -0.14197530864197536, -0.0007716049382716049, -0.17361111111111113, 0.006172839506172867, 0.017746913580246826, -0.0007716049382716049, -0.09567901234567902, -0.15123456790123457, -0.19753086419753085, -0.22299382716049382, -0.0007716049382715529, -0.0030864197530864335, -0.1419753086419753, -0.19444444444444445, -0.1674382716049383, -0.16743827160493827, -0.0030864197530864196, -0.006944444444444309, 0.043209876543209874, -0.19753086419753085, -0.0030864197530864196, -0.1111111111111111, -0.012345679012345623, 0.02777777777777768, -0.13040123456790123]
[-0.03305785123966953, -0.20661157024793386, -0.1410123966942149, -0.1611570247933884, -0.012913223140495922, -0.14927685950413222, -0.0005165289256198347, -0.1823347107438017, -0.0005165289256198347, -0.11570247933884295, -0.22778925619834714, -0.002066115702479339, -0.008264462809917356, -0.16735537190082647, -0.1410123966942149, -0.16735537190082647, -0.18646694214876033, -0.017045454545454586, -0.18646694214876033, -0.20661157024793386, -0.22778925619834714, -0.03305785123966953, -0.07438016528925623]
[-0.11000000000000003, -0.16000000000000003, -0.022499999999999964, -0.12249999999999998, -0.140625, -0.17562499999999998, -0.022499999999999964, -0.0025000000000000005, -0.16000000000000003, -0.15, -0.15250000000000005, -0.010000000000000009, -0.15250000000000002, -0.17562499999999998, -0.0006250000000000977, 0.04937499999999995, -0.2025, -0.10562500000000001, -0.010000000000000009, -0.125625, -0.2, -0.18062499999999998, -0.015625, -0.18062499999999998, -0.130625, -0.225625, 0.04937499999999995, -0.17562499999999998, -0.25]
[-0.16304347826086957, -0.007561436672967714, -0.023156899810964138, -0.18525519848771269, -0.2084120982986767, -0.1649338374291115, -0.017013232514177745, -0.1271266540642722, 0.03591682419659735, -0.12145557655954628, -0.18525519848771269, 0.02032136105860105, -0.1890359168241966, -0.15311909262759926, -0.0018903591682419658, -0.004253308128544423, -0.1890359168241966, -0.06616257088846883, -0.2084120982986767, -0.18525519848771269, -0.11956521739130435, -0.2287334593572779, -0.25, -0.2084120982986767]
[-0.1823347107438017, -0.20661157024793386, -0.13688016528925617, 0.01239669421487588, -0.1410123966942149, -0.004648760330578512, -0.004648760330578512, -0.22778925619834714, -0.20661157024793386, -0.20454545454545453, -0.008264462809917356, -0.1410123966942149, -0.008264462809917356, -0.1823347107438017, -0.1823347107438017, 0.01239669421487588, -0.14927685950413222, -0.008264462809917356, -0.16735537190082647, 0.003615702479338845, -0.16735537190082647, -0.1823347107438017, -0.004648760330578512, -0.20661157024793386]
[-0.17361111111111113, -0.19140625, -0.16840277777777776, -0.19140625, -0.00390625, -0.16840277777777773, 0.037760416666666664, -0.1267361111111111, -0.006944444444444309, -0.125, -0.21006944444444442, -0.14626736111111116, -0.14973958333333334, -0.14973958333333334, -0.16666666666666669, -0.16666666666666669, -0.006944444444444444, -0.07335069444444443, -0.006944444444444309, -0.21006944444444442, -0.17361111111111113, -0.15668402777777776, -0.001736111111111111]
[-0.2025, -0.0025000000000000005, -0.15250000000000002, -0.005625000000000102, -0.225625, -0.16000000000000003, -0.16000000000000003, 0.084375, -0.16000000000000003, -0.022499999999999964, -0.16000000000000003, -0.0024999999999999467, -0.010000000000000009, -0.2, -0.18062499999999998, -0.0625, -0.2, -0.030624999999999902, -0.15250000000000002, -0.2025, -0.005625, 0.034375, -0.015625, -0.2, -0.15250000000000002, -0.0025000000000000005, -0.010000000000000009, -0.18062499999999998, -0.022499999999999964]
[-0.19753086419753085, -0.006944444444444309, -0.19753086419753085, 0.02777777777777768, -0.11805555555555558, -0.012345679012345623, -0.19753086419753085, -0.19753086419753085, -0.11805555555555558, -0.11805555555555558, 0.017746913580246826, -0.19753086419753085, -0.16743827160493827, -0.08333333333333334, -0.17361111111111113, -0.019290123456790265, -0.1111111111111111, -0.0030864197530864335, -0.006944444444444444, -0.08641975308641975, -0.19753086419753085, 0.02777777777777768, -0.19444444444444445, -0.1388888888888889, -0.19753086419753085]
[-0.16840277777777776, 0.01388888888888884, -0.16840277777777776, -0.006944444444444309, -0.21006944444444442, -0.10807291666666667, -0.14626736111111116, -0.015625, -0.21006944444444442, -0.17361111111111113, -0.01085069444444453, -0.02126736111111105, -0.0902777777777778, -0.19140625, -0.18793402777777782, -0.16666666666666669, -0.14973958333333334, -0.21006944444444442, -0.03515625, -0.18793402777777782, -0.15668402777777776]
[-0.130625, -0.022499999999999964, -0.125625, -0.022499999999999964, -0.090625, -0.10250000000000001, -0.17562499999999998, -0.0025000000000000005, -0.010000000000000002, -0.140625, -0.030624999999999902, -0.16000000000000003, -0.15250000000000002, -0.015625, -0.0025000000000000005, -0.11000000000000003, -0.18062499999999998, -0.005625000000000102, -0.090625, -0.18062499999999998, -0.15250000000000002, -0.0006250000000000001, -0.17562499999999998, -0.17562499999999998, -0.015625, -0.17562499999999998, -0.030624999999999902, -0.2025]
[-0.1570294784580499, -0.10941043083900229, -0.1570294784580499, -0.25, -0.16383219954648526, -0.18367346938775508, -0.18367346938775508, 0.001700680272108901, -0.10941043083900229, 0.027210884353741527, -0.18367346938775508, -0.13605442176870747, -0.0022675736961450532, -0.16383219954648526, -0.13605442176870747, -0.12755102040816327, -0.16383219954648526, -0.20464852607709752, -0.16383219954648526, -0.0005668934240362811, -0.16383219954648526, -0.020408163265306034, -0.14512471655328796, -0.16383219954648526, -0.20464852607709752, 0.027210884353741527, -0.17913832199546484]
[-0.012345679012345623, 0.02777777777777768, 0.05246913580246913, -0.15123456790123457, -0.19753086419753085, -0.006944444444444309, -0.012345679012345678, -0.006944444444444444, 0.048611111111111105, -0.006944444444444444, -0.15123456790123457, -0.15123456790123457, -0.0277777777777779, 0.036265432098765316, -0.1674382716049383, -0.16743827160493827, -0.0277777777777779, -0.0030864197530864335, 0.006172839506172867, -0.25, -0.13040123456790123, 0.02777777777777768, -0.19444444444444445, -0.006944444444444309]
[-0.13573407202216065, -0.22437673130193903, -0.1717451523545706, -0.024930747922437546, 0.027700831024930817, -0.01731301939058183, -0.011080332409972304, -0.22437673130193903, -0.15581717451523547, 0.027700831024930817, -0.20013850415512466, -0.15581717451523547, -0.20013850415512466, -0.17728531855955676, 0.027700831024930817, -0.011080332409972304, -0.0006925207756232686, -0.011080332409972304, -0.20013850415512466, -0.024930747922437546, -0.20013850415512466, -0.20013850415512466, -0.22437673130193903]
[-0.225625, -0.2025, -0.125625, -0.17562499999999998, -0.0024999999999999467, -0.17562499999999998, 0.04937499999999995, -0.225625, -0.005625000000000102, -0.11000000000000003, -0.2025, -0.17562499999999998, -0.225625, -0.11000000000000003, -0.225625, -0.010000000000000002, -0.04000000000000015, -0.010000000000000009, -0.2, -0.005625000000000102, -0.05062500000000003, -0.18062499999999998, -0.140625, -0.2025, -0.2025, -0.15250000000000002]
[-0.2025, -0.2025, -0.015625, 0.009999999999999898, -0.010000000000000002, -0.010000000000000009, -0.130625, -0.2025, -0.16000000000000003, 0.009999999999999898, -0.2025, -0.16000000000000003, -0.0025000000000000005, -0.175625, -0.140625, -0.0025000000000000005, -0.15250000000000002, -0.16000000000000003, -0.022499999999999964, -0.015625, -0.22562500000000002, -0.2, -0.18062499999999998, -0.015625, -0.225625, -0.16000000000000003, -0.2025]
[-0.004253308128544423, 0.02032136105860105, -0.03024574669187141, -0.2084120982986767, -0.004253308128544423, -0.003780718336483968, 0.07325141776937616, -0.15311909262759926, -0.2287334593572779, -0.1271266540642722, -0.2287334593572779, -0.2287334593572779, -0.17060491493383742, -0.03024574669187141, -0.03024574669187141, -0.017013232514177745, -0.14177693761814747, -0.03024574669187141, -0.2287334593572779, -0.00047258979206049145, -0.03024574669187141, -0.007561436672967863, -0.1890359168241966, -0.17060491493383742, -0.1890359168241966]

-----------------LINEAR REGRESSION------------------
MSE: 10150.03
RMSE: 100.75
MAE: 88.46
0.02 219.64 86.93 49.66 127.12

Prediction: [244.47]
95% confidence interval: [46.19, 442.76]

Coefficients for each feature:
Variable: Emean_exhyt: -553.05
Variable: Fix_index: 1.12
Variable: Mlocus_homozegosity_mean: -7.61
Variable: Mlocus_homozegosity_variance: 4.21
Variable: Gametic_disequilibrium: 365.39
----- 20.078598260879517 seconds -----

-----------------RANDOM FOREST------------------
MSE: 10308.68
RMSE: 101.53
MAE: 87.44
0.05 248.83 84.62 46.07 125.22

Prediction:
[244.41]

Median Prediction: 
[244.41]
95% confidence interval:
(65.53, 374.88)

Feature importance
Variable: Mlocus_homozegosity_variance   : 0.21
Variable: Emean_exhyt                    : 0.2
Variable: Mlocus_homozegosity_mean       : 0.2
Variable: Gametic_disequilibrium         : 0.2
Variable: Fix_index                      : 0.19
----- 95.03332281112671 seconds -----
