Auto-generated genotype output.
1
2
3
4
5
6
7
8
9
10
11
12
13
14
15
16
17
18
19
20
21
22
23
24
25
26
27
28
29
30
31
32
33
34
35
36
37
38
39
40
41
42
43
44
45
46
47
48
49
50
51
52
53
54
55
56
57
58
59
60
61
62
63
64
65
66
67
68
69
70
71
72
73
74
75
76
77
78
79
80
Pop
1 , 0303 0104 0201 0404 0301 0203 0202 0101 0103 0404 0404 0202 0104 0403 0404 0202 0101 0202 0102 0404 0303 0402 0303 0204 0202 0202 0303 0402 0303 0202 0202 0103 0202 0404 0303 0404 0303 0303 0101 0302 0303 0404 0404 0202 0101 0202 0202 0404 0103 0101 0404 0101 0404 0101 0204 0204 0304 0202 0102 0303 0303 0303 0101 0202 0404 0303 0402 0101 0302 0404 0202 0101 0404 0404 0404 0303 0303 0402 0201 0404 
2 , 0303 0401 0102 0204 0101 0202 0202 0101 0303 0404 0404 0202 0101 0404 0404 0202 0101 0202 0201 0404 0303 0202 0301 0402 0202 0202 0303 0402 0303 0201 0404 0303 0201 0402 0303 0404 0303 0303 0101 0303 0303 0204 0404 0202 0101 0201 0202 0404 0103 0101 0404 0102 0404 0102 0202 0404 0303 0402 0201 0303 0303 0203 0101 0201 0101 0101 0404 0101 0202 0402 0202 0101 0404 0404 0403 0303 0303 0204 0101 0401 
3 , 0303 0101 0201 0202 0101 0203 0204 0101 0303 0404 0404 0202 0101 0404 0404 0202 0101 0202 0101 0404 0303 0202 0103 0404 0204 0202 0303 0402 0203 0202 0202 0301 0202 0204 0303 0404 0303 0304 0101 0303 0301 0402 0404 0202 0401 0202 0202 0404 0301 0104 0404 0202 0403 0201 0202 0402 0303 0202 0101 0303 0303 0303 0101 0202 0104 0301 0402 0101 0303 0204 0202 0101 0404 0304 0404 0403 0203 0204 0101 0404 
4 , 0103 0101 0101 0402 0101 0202 0202 0101 0303 0404 0104 0202 0401 0404 0104 0202 0101 0202 0202 0404 0303 0202 0103 0404 0202 0302 0304 0202 0303 0202 0404 0101 0202 0404 0303 0404 0304 0303 0104 0303 0103 0402 0402 0204 0101 0202 0202 0403 0301 0101 0403 0202 0304 0101 0202 0204 0303 0202 0201 0303 0302 0303 0101 0101 0104 0303 0404 0101 0302 0402 0202 0101 0404 0404 0404 0303 0303 0404 0101 0404 
5 , 0103 0101 0202 0404 0101 0203 0202 0104 0103 0404 0104 0202 0101 0404 0101 0202 0101 0202 0101 0404 0303 0202 0303 0204 0402 0202 0303 0202 0302 0202 0404 0101 0202 0404 0303 0404 0303 0303 0101 0302 0303 0404 0204 0204 0101 0102 0202 0404 0301 0404 0404 0201 0404 0101 0204 0404 0303 0202 0101 0303 0303 0303 0101 0202 0101 0101 0204 0401 0203 0404 0202 0101 0404 0404 0404 0303 0303 0404 0101 0401 
6 , 0303 0101 0202 0404 0301 0302 0202 0101 0303 0404 0404 0202 0104 0404 0404 0202 0101 0202 0101 0304 0303 0202 0303 0404 0202 0202 0403 0202 0202 0202 0404 0101 0202 0404 0303 0404 0303 0303 0401 0303 0301 0404 0404 0202 0101 0202 0202 0404 0303 0401 0404 0202 0404 0101 0202 0402 0303 0202 0101 0303 0203 0303 0101 0201 0101 0303 0404 0101 0202 0202 0204 0101 0404 0404 0404 0303 0203 0204 0101 0404 
7 , 0303 0101 0102 0404 0301 0202 0202 0101 0103 0404 0404 0202 0104 0404 0404 0202 0101 0202 0101 0303 0303 0202 0303 0402 0202 0203 0404 0202 0203 0202 0404 0101 0201 0204 0303 0404 0303 0403 0101 0303 0103 0404 0404 0202 0104 0202 0202 0404 0103 0101 0304 0102 0404 0101 0204 0402 0303 0202 0201 0303 0303 0303 0101 0201 0404 0303 0404 0101 0302 0202 0202 0101 0404 0304 0304 0303 0302 0204 0101 0404 
8 , 0301 0401 0101 0402 0301 0302 0402 0101 0103 0404 0404 0402 0101 0404 0104 0202 0101 0202 0102 0304 0303 0204 0303 0404 0202 0202 0403 0202 0203 0202 0404 0101 0202 0404 0303 0401 0304 0303 0404 0303 0303 0402 0402 0404 0101 0202 0202 0403 0301 0101 0404 0202 0404 0201 0202 0402 0303 0202 0101 0303 0203 0302 0101 0201 0104 0103 0404 0101 0203 0202 0202 0101 0404 0404 0404 0403 0203 0204 0101 0404 
9 , 0303 0101 0101 0204 0101 0202 0204 0101 0303 0404 0401 0404 0101 0404 0404 0202 0101 0302 0202 0304 0303 0202 0303 0204 0202 0202 0303 0202 0302 0202 0204 0101 0202 0404 0303 0404 0303 0303 0101 0302 0303 0404 0402 0204 0101 0202 0202 0404 0103 0401 0404 0202 0404 0101 0202 0204 0303 0202 0201 0403 0303 0303 0101 0202 0101 0103 0404 0101 0302 0404 0202 0101 0404 0304 0404 0303 0303 0402 0101 0404 
10 , 0301 0101 0102 0404 0103 0202 0202 0101 0103 0402 0404 0202 0101 0404 0404 0202 0101 0302 0101 0303 0303 0202 0303 0404 0202 0202 0303 0202 0303 0202 0402 0103 0202 0404 0302 0401 0303 0303 0101 0303 0303 0404 0404 0402 0101 0202 0202 0403 0301 0101 0404 0101 0404 0101 0202 0202 0303 0202 0201 0403 0302 0303 0101 0202 0101 0101 0404 0101 0202 0202 0202 0301 0404 0403 0304 0303 0203 0204 0201 0104 
11 , 0303 0101 0102 0404 0101 0203 0204 0101 0303 0404 0404 0202 0101 0404 0404 0202 0101 0303 0201 0404 0303 0202 0303 0402 0202 0202 0303 0202 0203 0202 0404 0103 0202 0404 0303 0404 0403 0303 0101 0203 0303 0204 0402 0204 0104 0202 0202 0404 0303 0404 0404 0102 0304 0101 0202 0402 0304 0202 0101 0303 0203 0303 0401 0202 0101 0103 0204 0101 0203 0404 0202 0101 0404 0304 0404 0303 0203 0404 0101 0104 
12 , 0303 0101 0102 0204 0103 0202 0402 0101 0103 0404 0404 0202 0101 0404 0404 0402 0101 0202 0101 0304 0303 0402 0303 0402 0204 0202 0304 0204 0203 0202 0204 0303 0201 0404 0303 0404 0303 0303 0101 0302 0103 0404 0402 0202 0101 0202 0102 0404 0303 0104 0304 0202 0404 0101 0202 0402 0403 0202 0101 0303 0203 0303 0401 0202 0101 0303 0404 0101 0202 0204 0202 0101 0404 0404 0404 0303 0303 0404 0101 0401 
13 , 0301 0401 0102 0404 0101 0202 0202 0101 0103 0404 0404 0202 0101 0404 0404 0202 0101 0202 0101 0404 0303 0202 0303 0404 0202 0202 0303 0202 0303 0201 0204 0301 0201 0402 0303 0404 0303 0303 0104 0303 0103 0204 0404 0202 0101 0201 0202 0404 0303 0104 0303 0202 0304 0102 0202 0404 0303 0202 0101 0303 0303 0202 0101 0202 0401 0103 0404 0101 0202 0402 0202 0101 0404 0304 0403 0303 0303 0404 0101 0401 
14 , 0103 0101 0201 0404 0101 0203 0202 0101 0301 0404 0404 0202 0101 0404 0401 0204 0101 0202 0101 0304 0303 0202 0103 0402 0404 0203 0303 0202 0202 0202 0404 0301 0202 0404 0303 0104 0304 0303 0101 0302 0103 0404 0404 0202 0101 0202 0201 0404 0103 0401 0404 0202 0304 0102 0202 0402 0303 0202 0101 0303 0303 0303 0101 0202 0101 0101 0404 0101 0203 0404 0202 0101 0404 0404 0403 0303 0303 0404 0101 0404 
15 , 0303 0101 0202 0404 0101 0302 0202 0101 0101 0404 0404 0204 0101 0404 0404 0202 0101 0302 0101 0304 0303 0202 0303 0404 0402 0202 0303 0204 0303 0202 0402 0303 0202 0404 0303 0404 0303 0304 0101 0303 0301 0404 0404 0202 0101 0202 0202 0404 0301 0401 0304 0202 0403 0101 0402 0402 0403 0402 0101 0304 0203 0303 0101 0102 0404 0301 0402 0101 0202 0402 0402 0301 0404 0404 0404 0403 0303 0204 0101 0404 
16 , 0301 0101 0202 0402 0101 0203 0202 0101 0103 0404 0404 0202 0101 0303 0404 0202 0101 0202 0101 0403 0303 0202 0303 0402 0402 0203 0303 0204 0302 0202 0402 0103 0202 0404 0303 0404 0303 0303 0101 0303 0301 0404 0404 0202 0101 0202 0202 0404 0303 0101 0403 0202 0404 0101 0402 0404 0303 0202 0202 0303 0302 0303 0101 0202 0401 0101 0404 0101 0202 0204 0202 0103 0404 0404 0304 0304 0303 0404 0101 0401 
17 , 0303 0101 0202 0404 0101 0203 0202 0101 0103 0404 0104 0202 0101 0404 0404 0202 0101 0302 0101 0304 0303 0202 0303 0404 0402 0203 0303 0202 0303 0202 0404 0301 0202 0404 0303 0104 0303 0304 0101 0303 0103 0202 0404 0202 0101 0202 0202 0404 0103 0404 0403 0202 0403 0101 0202 0202 0303 0202 0101 0303 0302 0303 0101 0202 0104 0101 0402 0101 0202 0404 0202 0101 0404 0404 0404 0303 0203 0404 0101 0404 
18 , 0303 0101 0102 0204 0103 0303 0202 0101 0303 0404 0104 0202 0401 0404 0404 0202 0101 0202 0202 0404 0303 0202 0303 0404 0202 0202 0303 0202 0303 0202 0404 0101 0202 0402 0303 0404 0303 0303 0101 0303 0103 0402 0402 0204 0104 0202 0202 0404 0303 0401 0404 0102 0403 0101 0202 0402 0404 0202 0101 0303 0202 0303 0101 0202 0101 0303 0404 0101 0202 0404 0202 0301 0404 0404 0303 0303 0303 0204 0101 0104 
19 , 0303 0101 0202 0404 0101 0202 0202 0101 0303 0404 0404 0202 0101 0403 0404 0202 0101 0202 0101 0404 0203 0202 0301 0204 0202 0202 0303 0202 0203 0201 0404 0301 0202 0202 0303 0404 0303 0303 0101 0303 0303 0404 0404 0202 0101 0201 0202 0404 0303 0101 0403 0202 0404 0102 0202 0404 0303 0202 0101 0303 0303 0303 0101 0201 0101 0303 0404 0101 0303 0402 0202 0101 0404 0404 0404 0303 0303 0404 0101 0401 
20 , 0103 0101 0102 0404 0301 0303 0404 0101 0301 0404 0401 0402 0101 0404 0404 0202 0101 0202 0201 0404 0303 0202 0301 0404 0202 0202 0303 0202 0302 0202 0404 0103 0202 0404 0303 0404 0303 0303 0101 0203 0301 0404 0404 0202 0101 0202 0201 0404 0301 0401 0404 0102 0404 0101 0202 0402 0303 0202 0101 0303 0303 0303 0101 0202 0104 0101 0404 0101 0202 0204 0202 0103 0404 0404 0404 0303 0303 0404 0101 0404 
21 , 0303 0101 0102 0404 0103 0202 0202 0101 0301 0402 0404 0202 0101 0404 0404 0202 0101 0203 0201 0303 0203 0202 0103 0404 0202 0202 0303 0202 0203 0202 0402 0103 0202 0404 0303 0404 0303 0303 0101 0302 0303 0204 0204 0402 0101 0202 0202 0404 0103 0101 0404 0202 0404 0102 0202 0404 0303 0202 0102 0303 0203 0303 0101 0102 0401 0103 0404 0101 0203 0402 0202 0101 0404 0404 0404 0303 0303 0402 0101 0401 
22 , 0303 0101 0202 0404 0301 0203 0202 0101 0103 0404 0404 0202 0101 0403 0404 0202 0101 0202 0201 0403 0303 0202 0301 0404 0402 0302 0303 0402 0202 0202 0404 0101 0202 0404 0303 0404 0303 0303 0101 0303 0303 0404 0404 0202 0101 0202 0201 0404 0301 0104 0404 0202 0304 0101 0202 0204 0303 0202 0101 0303 0303 0303 0101 0202 0104 0303 0404 0101 0202 0204 0202 0103 0404 0404 0403 0303 0303 0202 0101 0404 
23 , 0303 0101 0202 0404 0101 0202 0202 0101 0103 0404 0404 0204 0101 0404 0404 0202 0101 0302 0101 0304 0302 0202 0303 0404 0204 0202 0303 0204 0202 0202 0404 0101 0202 0402 0303 0404 0303 0303 0101 0303 0301 0204 0404 0402 0101 0202 0202 0404 0303 0104 0404 0102 0304 0101 0204 0204 0303 0202 0202 0303 0302 0303 0101 0201 0101 0103 0402 0101 0202 0202 0202 0301 0101 0404 0304 0303 0303 0402 0201 0104 
24 , 0303 0101 0101 0204 0101 0302 0202 0101 0303 0404 0404 0404 0101 0404 0104 0202 0101 0302 0101 0304 0303 0202 0303 0404 0204 0203 0304 0202 0203 0202 0404 0101 0102 0404 0303 0404 0303 0303 0101 0303 0301 0404 0404 0402 0101 0202 0202 0404 0303 0101 0404 0102 0404 0202 0202 0202 0403 0202 0101 0304 0303 0303 0101 0102 0104 0103 0204 0104 0202 0402 0202 0101 0404 0404 0404 0303 0303 0404 0101 0101 
25 , 0303 0401 0201 0404 0101 0202 0204 0101 0103 0404 0401 0204 0101 0404 0404 0202 0101 0203 0102 0404 0303 0204 0303 0204 0202 0202 0303 0202 0302 0202 0404 0301 0202 0404 0303 0404 0303 0303 0101 0203 0303 0404 0202 0204 0104 0202 0202 0304 0303 0101 0304 0202 0404 0101 0202 0204 0303 0202 0202 0303 0303 0303 0104 0202 0401 0303 0404 0101 0203 0404 0204 0101 0404 0404 0404 0403 0303 0402 0101 0104 
26 , 0303 0101 0102 0404 0101 0302 0202 0101 0103 0404 0404 0202 0101 0404 0404 0202 0101 0302 0201 0403 0303 0202 0303 0404 0202 0202 0303 0202 0203 0202 0404 0103 0201 0404 0303 0404 0303 0303 0101 0203 0303 0204 0204 0202 0101 0202 0202 0404 0103 0101 0404 0101 0404 0102 0202 0404 0303 0202 0101 0303 0303 0303 0101 0202 0101 0101 0404 0101 0202 0402 0202 0101 0404 0304 0404 0303 0302 0404 0101 0401 
27 , 0303 0101 0201 0402 0103 0303 0202 0101 0303 0404 0404 0404 0101 0404 0401 0202 0201 0202 0201 0404 0303 0202 0303 0204 0402 0203 0303 0202 0303 0202 0402 0101 0202 0404 0303 0404 0303 0303 0101 0203 0301 0404 0404 0402 0101 0202 0102 0303 0301 0101 0404 0202 0404 0101 0202 0402 0303 0202 0102 0403 0203 0303 0101 0202 0101 0101 0404 0401 0302 0402 0202 0301 0404 0404 0404 0303 0303 0204 0102 0404 
28 , 0303 0101 0102 0402 0101 0202 0202 0101 0301 0402 0404 0202 0101 0404 0404 0202 0101 0202 0101 0403 0303 0202 0303 0402 0204 0202 0303 0404 0302 0201 0404 0101 0102 0404 0303 0404 0303 0303 0101 0303 0303 0204 0404 0202 0101 0202 0202 0404 0301 0401 0304 0202 0404 0102 0402 0204 0403 0204 0202 0303 0203 0303 0101 0102 0101 0103 0404 0101 0303 0404 0202 0301 0404 0403 0404 0303 0203 0404 0101 0104 
29 , 0303 0404 0201 0402 0101 0202 0202 0101 0301 0404 0404 0202 0101 0404 0404 0202 0101 0202 0101 0303 0303 0202 0103 0404 0202 0202 0303 0202 0203 0202 0402 0101 0102 0404 0303 0401 0304 0303 0101 0303 0303 0404 0204 0202 0401 0202 0202 0404 0303 0401 0403 0202 0403 0201 0202 0404 0303 0202 0202 0303 0302 0303 0101 0202 0401 0303 0404 0101 0202 0204 0402 0101 0404 0404 0303 0303 0203 0202 0101 0404 
30 , 0303 0101 0102 0204 0101 0203 0202 0101 0301 0202 0404 0202 0401 0404 0404 0202 0101 0202 0201 0404 0303 0202 0303 0204 0202 0202 0303 0204 0303 0202 0404 0101 0202 0404 0303 0401 0303 0403 0101 0303 0101 0404 0404 0202 0101 0202 0202 0404 0301 0401 0404 0101 0404 0101 0202 0402 0403 0202 0102 0303 0303 0303 0401 0102 0104 0301 0404 0101 0203 0204 0202 0301 0404 0404 0304 0304 0302 0404 0101 0104 
31 , 0303 0101 0101 0202 0101 0203 0202 0104 0303 0404 0404 0202 0101 0404 0404 0204 0101 0202 0101 0404 0303 0202 0303 0404 0202 0202 0303 0202 0302 0202 0404 0101 0202 0404 0303 0404 0303 0404 0401 0303 0303 0202 0404 0202 0101 0202 0202 0404 0103 0401 0304 0201 0404 0201 0202 0402 0304 0202 0101 0304 0302 0303 0101 0202 0404 0103 0204 0101 0202 0202 0202 0101 0404 0404 0304 0303 0303 0404 0101 0401 
32 , 0303 0401 0202 0402 0101 0303 0204 0101 0303 0402 0404 0202 0101 0404 0104 0202 0101 0202 0101 0304 0303 0202 0303 0404 0202 0203 0303 0204 0303 0202 0404 0103 0202 0404 0303 0404 0303 0304 0401 0303 0303 0404 0404 0402 0101 0202 0202 0404 0301 0101 0404 0201 0403 0201 0202 0404 0303 0202 0101 0304 0302 0303 0101 0202 0104 0101 0404 0101 0202 0202 0202 0101 0404 0404 0404 0403 0203 0204 0101 0104 
33 , 0303 0101 0202 0404 0301 0303 0202 0101 0301 0404 0404 0202 0101 0404 0401 0404 0101 0202 0102 0303 0303 0202 0303 0404 0402 0202 0303 0202 0302 0202 0404 0301 0202 0404 0303 0404 0303 0303 0401 0302 0103 0204 0404 0204 0101 0102 0202 0404 0103 0104 0404 0202 0404 0101 0202 0404 0303 0202 0201 0304 0302 0303 0101 0202 0104 0303 0404 0101 0202 0402 0202 0101 0404 0404 0404 0403 0303 0404 0101 0101 
34 , 0303 0101 0201 0404 0101 0203 0202 0101 0103 0404 0404 0204 0101 0403 0404 0402 0101 0303 0201 0404 0303 0202 0301 0402 0202 0202 0303 0202 0303 0202 0404 0303 0202 0404 0303 0401 0403 0303 0401 0302 0303 0202 0404 0402 0104 0202 0201 0404 0101 0404 0404 0202 0404 0101 0202 0204 0303 0202 0102 0303 0302 0303 0101 0202 0101 0101 0404 0101 0202 0202 0202 0101 0404 0303 0304 0303 0303 0404 0201 0404 
35 , 0301 0101 0102 0204 0103 0302 0202 0101 0303 0404 0104 0202 0401 0404 0404 0202 0101 0202 0202 0404 0303 0202 0303 0202 0202 0202 0303 0204 0203 0202 0404 0101 0202 0404 0303 0404 0303 0403 0101 0303 0303 0404 0404 0402 0101 0202 0202 0404 0303 0101 0403 0102 0403 0102 0202 0402 0303 0202 0101 0304 0302 0303 0401 0102 0104 0301 0404 0101 0202 0204 0202 0301 0404 0404 0304 0303 0302 0204 0101 0104 
36 , 0303 0101 0101 0402 0103 0302 0202 0101 0301 0404 0104 0204 0101 0404 0404 0202 0102 0202 0201 0303 0302 0202 0303 0404 0204 0202 0303 0202 0302 0202 0404 0301 0202 0402 0303 0404 0303 0303 0101 0302 0301 0204 0204 0202 0101 0202 0202 0404 0303 0401 0303 0202 0404 0101 0402 0404 0303 0202 0101 0303 0202 0303 0101 0102 0101 0101 0202 0101 0202 0202 0202 0301 0401 0404 0404 0303 0303 0404 0102 0104 
37 , 0303 0401 0201 0404 0101 0202 0202 0101 0303 0404 0404 0402 0101 0403 0404 0202 0101 0203 0201 0403 0303 0404 0303 0404 0202 0202 0303 0402 0303 0202 0402 0101 0102 0404 0303 0404 0303 0303 0101 0303 0301 0404 0404 0202 0101 0202 0201 0304 0303 0104 0404 0102 0404 0102 0204 0204 0303 0202 0201 0303 0303 0303 0101 0202 0401 0103 0204 0101 0202 0404 0202 0101 0104 0404 0404 0303 0303 0404 0101 0404 
38 , 0301 0101 0202 0404 0101 0202 0202 0101 0303 0404 0401 0202 0101 0404 0101 0202 0101 0202 0201 0304 0303 0204 0301 0402 0402 0202 0303 0202 0202 0202 0404 0303 0202 0404 0303 0404 0403 0303 0104 0303 0303 0404 0404 0202 0101 0202 0202 0404 0301 0104 0404 0202 0404 0101 0202 0404 0303 0202 0202 0303 0203 0203 0101 0201 0404 0303 0204 0101 0302 0404 0204 0103 0404 0404 0404 0303 0303 0404 0101 0101 
39 , 0303 0101 0201 0404 0301 0203 0202 0101 0303 0404 0401 0202 0101 0404 0404 0202 0101 0202 0101 0404 0303 0202 0303 0404 0204 0202 0303 0404 0202 0202 0204 0103 0102 0404 0303 0404 0303 0303 0104 0303 0303 0402 0402 0404 0101 0202 0201 0404 0103 0101 0403 0202 0404 0101 0404 0202 0303 0202 0101 0403 0303 0303 0101 0201 0404 0301 0404 0401 0202 0404 0202 0101 0404 0404 0404 0303 0303 0404 0101 0104 
40 , 0103 0101 0102 0404 0301 0303 0204 0101 0301 0404 0401 0202 0101 0404 0404 0402 0101 0302 0201 0303 0303 0202 0303 0402 0402 0202 0303 0202 0302 0202 0204 0301 0202 0404 0302 0404 0303 0304 0401 0303 0103 0204 0404 0204 0101 0102 0202 0404 0101 0101 0404 0202 0404 0101 0202 0402 0303 0202 0101 0303 0302 0303 0101 0202 0101 0303 0402 0101 0202 0404 0202 0101 0404 0404 0404 0403 0303 0404 0101 0401 
41 , 0303 0101 0201 0404 0101 0303 0202 0104 0303 0204 0404 0204 0101 0404 0401 0202 0101 0203 0101 0304 0303 0202 0103 0402 0202 0203 0303 0202 0303 0202 0404 0301 0102 0404 0303 0404 0303 0303 0104 0303 0301 0204 0204 0202 0101 0202 0202 0404 0103 0404 0403 0202 0404 0102 0202 0402 0403 0402 0101 0304 0303 0303 0101 0202 0404 0303 0404 0104 0202 0402 0202 0101 0404 0404 0304 0304 0303 0404 0101 0104 
42 , 0103 0101 0101 0404 0301 0302 0402 0101 0303 0404 0404 0402 0101 0404 0404 0202 0202 0202 0201 0404 0203 0202 0303 0402 0204 0202 0303 0204 0302 0202 0404 0101 0102 0404 0303 0404 0303 0303 0101 0303 0301 0404 0404 0402 0104 0202 0202 0404 0301 0401 0404 0102 0404 0101 0204 0204 0303 0202 0101 0303 0303 0303 0101 0202 0101 0103 0402 0101 0202 0402 0202 0101 0404 0404 0404 0303 0303 0404 0102 0401 
43 , 0303 0101 0102 0404 0101 0202 0202 0101 0103 0204 0404 0202 0101 0404 0404 0202 0101 0202 0101 0403 0303 0202 0303 0404 0202 0202 0303 0202 0303 0202 0204 0101 0202 0404 0303 0404 0303 0303 0104 0303 0303 0402 0404 0202 0101 0202 0201 0404 0101 0404 0404 0202 0404 0101 0204 0202 0303 0202 0201 0303 0303 0303 0101 0201 0101 0101 0404 0101 0302 0404 0202 0103 0401 0304 0404 0303 0303 0404 0101 0404 
44 , 0303 0101 0201 0402 0101 0202 0202 0101 0101 0402 0404 0202 0401 0404 0104 0402 0101 0202 0101 0304 0303 0202 0303 0404 0404 0202 0304 0202 0302 0202 0404 0303 0202 0402 0303 0404 0303 0303 0101 0302 0303 0404 0402 0202 0101 0201 0202 0403 0303 0101 0404 0102 0404 0101 0402 0202 0403 0202 0101 0303 0303 0303 0101 0202 0101 0303 0404 0101 0202 0402 0202 0101 0404 0404 0404 0303 0303 0404 0101 0401 
45 , 0103 0101 0101 0402 0101 0202 0204 0101 0101 0404 0101 0202 0101 0404 0404 0202 0101 0202 0101 0303 0303 0202 0303 0202 0402 0202 0303 0202 0302 0202 0404 0303 0202 0204 0303 0404 0303 0304 0104 0303 0103 0404 0404 0204 0101 0202 0202 0404 0101 0401 0303 0201 0404 0201 0402 0204 0303 0402 0101 0303 0303 0203 0101 0102 0101 0303 0402 0101 0202 0204 0402 0301 0404 0404 0404 0303 0303 0204 0101 0401 
46 , 0303 0101 0202 0402 0301 0302 0202 0101 0301 0404 0104 0202 0101 0404 0404 0202 0101 0202 0202 0303 0303 0204 0103 0402 0402 0203 0303 0202 0202 0202 0402 0103 0202 0404 0303 0404 0303 0303 0101 0303 0301 0404 0404 0202 0101 0202 0202 0404 0301 0404 0404 0202 0404 0101 0402 0402 0303 0202 0201 0303 0203 0303 0101 0202 0404 0103 0404 0401 0202 0404 0202 0101 0404 0404 0303 0303 0303 0402 0101 0401 
47 , 0303 0101 0101 0404 0301 0202 0202 0101 0303 0404 0104 0202 0101 0404 0404 0202 0101 0202 0201 0304 0203 0202 0303 0404 0202 0202 0303 0204 0203 0202 0404 0301 0202 0404 0303 0404 0303 0303 0101 0303 0303 0402 0204 0202 0101 0202 0202 0404 0301 0104 0403 0202 0403 0101 0202 0404 0303 0202 0101 0304 0203 0303 0101 0102 0101 0101 0204 0101 0202 0202 0202 0101 0404 0404 0404 0303 0303 0204 0101 0404 
48 , 0303 0101 0202 0404 0103 0202 0202 0101 0103 0404 0404 0202 0101 0404 0104 0402 0101 0203 0102 0404 0303 0402 0103 0404 0402 0202 0303 0202 0303 0202 0404 0301 0202 0404 0303 0404 0304 0303 0101 0303 0301 0202 0404 0204 0101 0102 0202 0404 0101 0101 0404 0202 0403 0101 0204 0202 0403 0202 0202 0303 0303 0303 0101 0202 0101 0301 0404 0101 0203 0402 0202 0101 0404 0404 0404 0304 0203 0404 0101 0104 
49 , 0301 0401 0202 0404 0301 0303 0202 0101 0101 0404 0101 0204 0101 0404 0404 0202 0101 0202 0101 0304 0303 0202 0103 0404 0402 0202 0303 0202 0303 0202 0204 0303 0202 0404 0302 0404 0303 0303 0101 0303 0303 0404 0404 0202 0101 0202 0202 0404 0103 0101 0404 0202 0404 0101 0402 0404 0303 0204 0201 0304 0202 0303 0101 0201 0101 0103 0404 0101 0202 0402 0202 0101 0404 0404 0404 0303 0303 0404 0101 0101 
50 , 0303 0101 0101 0402 0101 0302 0202 0101 0303 0402 0404 0204 0101 0404 0104 0204 0101 0202 0101 0303 0203 0202 0103 0402 0404 0202 0303 0202 0203 0202 0404 0303 0202 0402 0303 0404 0303 0303 0101 0303 0301 0204 0404 0202 0101 0202 0202 0404 0301 0401 0404 0202 0404 0102 0202 0404 0403 0204 0202 0403 0303 0302 0101 0202 0401 0303 0204 0101 0302 0204 0204 0101 0104 0404 0304 0303 0303 0404 0101 0404 
