Auto-generated genotype output.
1
2
3
4
5
6
7
8
9
10
11
12
13
14
15
16
17
18
19
20
21
22
23
24
25
26
27
28
29
30
31
32
33
34
35
36
37
38
39
40
Pop
1 , 0101 0401 0304 0203 0303 0202 0303 0303 0202 0404 0202 0101 0202 0303 0201 0101 0202 0301 0202 0104 0204 0103 0303 0204 0403 0203 0203 0404 0101 0402 0101 0303 0202 0202 0202 0201 0101 0202 0402 0202 
2 , 0101 0404 0304 0303 0103 0202 0303 0304 0203 0404 0101 0102 0202 0302 0102 0104 0202 0303 0202 0404 0202 0303 0203 0404 0303 0202 0203 0404 0301 0404 0101 0303 0202 0202 0402 0102 0101 0202 0404 0202 
3 , 0101 0401 0303 0303 0303 0202 0303 0303 0202 0204 0101 0101 0302 0303 0202 0101 0202 0303 0402 0404 0202 0301 0303 0404 0404 0202 0303 0404 0301 0404 0101 0302 0102 0202 0202 0202 0101 0402 0404 0202 
4 , 0101 0401 0304 0303 0101 0402 0303 0303 0202 0404 0101 0101 0202 0202 0102 0104 0202 0301 0202 0101 0204 0303 0203 0404 0304 0202 0302 0404 0303 0404 0101 0303 0202 0302 0202 0202 0101 0402 0402 0202 
5 , 0101 0404 0304 0303 0303 0202 0303 0303 0202 0404 0101 0101 0202 0302 0102 0101 0202 0303 0202 0404 0202 0303 0303 0404 0303 0202 0203 0404 0101 0404 0401 0303 0202 0202 0202 0202 0101 0202 0404 0202 
6 , 0101 0404 0303 0303 0301 0202 0303 0303 0203 0204 0101 0101 0302 0303 0201 0101 0202 0303 0202 0404 0202 0301 0303 0404 0403 0202 0303 0404 0101 0402 0101 0303 0102 0202 0202 0202 0101 0202 0404 0202 
7 , 0101 0404 0303 0203 0303 0202 0303 0303 0302 0404 0101 0101 0202 0202 0202 0401 0202 0303 0202 0401 0204 0301 0303 0404 0303 0202 0303 0404 0103 0402 0101 0303 0202 0202 0202 0102 0401 0202 0202 0202 
8 , 0101 0404 0304 0303 0303 0402 0303 0403 0202 0204 0101 0101 0202 0303 0102 0101 0202 0303 0202 0404 0202 0301 0303 0404 0403 0202 0303 0404 0103 0204 0101 0303 0202 0202 0202 0202 0104 0402 0402 0201 
9 , 0101 0104 0303 0303 0303 0202 0303 0303 0202 0404 0101 0101 0202 0302 0202 0101 0202 0303 0202 0401 0202 0103 0303 0204 0304 0202 0302 0404 0301 0402 0101 0303 0202 0202 0202 0202 0401 0202 0404 0202 
10 , 0101 0401 0303 0203 0103 0204 0303 0303 0202 0404 0101 0101 0202 0203 0101 0101 0202 0303 0402 0404 0202 0303 0303 0204 0303 0302 0302 0404 0301 0402 0401 0303 0202 0202 0202 0202 0101 0202 0404 0202 
11 , 0101 0101 0303 0303 0303 0402 0303 0303 0202 0402 0102 0101 0202 0303 0202 0101 0202 0303 0202 0404 0202 0303 0303 0404 0403 0202 0203 0404 0103 0404 0104 0303 0202 0202 0202 0202 0101 0202 0404 0202 
12 , 0101 0404 0303 0303 0103 0202 0303 0303 0302 0404 0202 0101 0202 0303 0101 0101 0202 0303 0202 0404 0202 0103 0302 0404 0304 0202 0302 0204 0303 0404 0101 0303 0202 0202 0202 0202 0101 0202 0404 0202 
13 , 0101 0401 0304 0303 0303 0202 0303 0303 0202 0404 0101 0101 0202 0303 0102 0101 0202 0303 0204 0404 0202 0103 0303 0404 0403 0202 0303 0404 0101 0404 0101 0303 0202 0202 0202 0202 0101 0202 0402 0202 
14 , 0101 0104 0303 0303 0303 0202 0303 0404 0203 0402 0201 0101 0202 0203 0201 0404 0202 0303 0204 0404 0202 0303 0303 0404 0303 0202 0303 0404 0303 0404 0101 0303 0202 0202 0202 0202 0104 0202 0404 0202 
15 , 0101 0404 0303 0303 0301 0202 0303 0303 0202 0402 0202 0201 0203 0303 0102 0101 0202 0303 0202 0401 0202 0103 0203 0404 0303 0202 0202 0404 0303 0404 0101 0303 0202 0202 0202 0202 0104 0202 0404 0202 
16 , 0101 0404 0403 0302 0303 0202 0302 0303 0202 0404 0101 0101 0302 0302 0201 0404 0201 0303 0202 0101 0202 0303 0303 0404 0303 0202 0202 0404 0103 0404 0101 0303 0202 0202 0202 0202 0101 0202 0404 0202 
17 , 0101 0101 0303 0303 0301 0202 0302 0303 0202 0404 0101 0101 0202 0303 0202 0401 0202 0303 0202 0404 0202 0303 0302 0404 0303 0202 0303 0404 0301 0404 0101 0303 0201 0202 0202 0202 0401 0202 0402 0202 
18 , 0104 0104 0403 0303 0303 0202 0303 0404 0202 0404 0201 0101 0202 0303 0201 0101 0102 0103 0204 0404 0202 0301 0303 0404 0403 0202 0303 0404 0103 0404 0101 0303 0202 0202 0202 0202 0104 0202 0404 0202 
19 , 0101 0401 0403 0303 0303 0402 0303 0303 0202 0204 0101 0201 0202 0302 0201 0101 0202 0303 0202 0104 0202 0303 0303 0404 0303 0202 0302 0404 0103 0404 0101 0303 0202 0202 0202 0202 0101 0202 0204 0202 
20 , 0101 0101 0303 0303 0303 0202 0303 0303 0302 0404 0102 0101 0202 0203 0201 0401 0202 0303 0202 0404 0204 0301 0303 0404 0303 0202 0302 0204 0101 0402 0101 0303 0202 0202 0402 0202 0101 0202 0402 0202 
21 , 0101 0404 0303 0303 0303 0202 0303 0303 0202 0402 0101 0101 0202 0303 0102 0104 0202 0303 0202 0101 0202 0303 0202 0404 0303 0202 0303 0404 0303 0404 0101 0303 0201 0202 0202 0202 0101 0202 0402 0201 
22 , 0101 0404 0304 0203 0303 0202 0303 0403 0202 0402 0101 0102 0202 0203 0102 0401 0202 0303 0202 0401 0202 0303 0303 0204 0303 0202 0303 0404 0103 0404 0104 0303 0202 0202 0202 0202 0401 0202 0404 0202 
23 , 0101 0401 0303 0303 0303 0202 0303 0304 0202 0404 0101 0101 0202 0302 0202 0104 0202 0103 0202 0404 0202 0103 0303 0402 0303 0202 0303 0404 0301 0404 0401 0303 0202 0202 0202 0202 0101 0202 0404 0202 
24 , 0101 0104 0303 0303 0303 0402 0303 0403 0202 0404 0101 0101 0202 0203 0202 0101 0102 0303 0202 0404 0402 0303 0303 0404 0303 0202 0202 0404 0101 0204 0101 0303 0102 0202 0202 0202 0101 0202 0204 0202 
25 , 0101 0404 0303 0303 0303 0202 0303 0403 0202 0404 0201 0101 0203 0202 0101 0101 0202 0303 0202 0404 0202 0303 0303 0402 0303 0202 0302 0404 0301 0404 0101 0303 0202 0202 0204 0202 0101 0402 0404 0202 
26 , 0101 0401 0303 0303 0303 0202 0303 0403 0203 0404 0202 0101 0202 0203 0102 0401 0202 0303 0202 0401 0202 0303 0303 0404 0303 0202 0203 0402 0103 0402 0101 0302 0202 0202 0202 0202 0101 0202 0404 0202 
27 , 0101 0404 0303 0303 0303 0202 0303 0303 0202 0204 0201 0101 0202 0303 0202 0101 0102 0303 0202 0401 0202 0303 0303 0404 0303 0202 0302 0404 0101 0404 0101 0303 0201 0202 0202 0202 0101 0202 0404 0202 
28 , 0101 0104 0403 0303 0303 0204 0303 0304 0203 0402 0101 0101 0202 0202 0201 0101 0202 0303 0204 0104 0202 0303 0303 0404 0303 0202 0203 0404 0103 0204 0101 0303 0202 0202 0202 0202 0101 0202 0404 0202 
29 , 0104 0404 0403 0302 0303 0404 0303 0303 0202 0404 0102 0201 0202 0202 0201 0101 0202 0301 0202 0404 0202 0303 0303 0404 0303 0202 0303 0402 0103 0404 0101 0302 0202 0203 0204 0202 0101 0202 0202 0202 
30 , 0101 0104 0304 0302 0301 0202 0303 0303 0202 0404 0102 0101 0302 0303 0201 0101 0102 0303 0202 0101 0202 0301 0303 0404 0304 0202 0203 0404 0301 0404 0101 0303 0201 0202 0402 0202 0101 0202 0402 0202 
31 , 0101 0404 0403 0302 0303 0202 0303 0304 0302 0402 0201 0101 0202 0203 0202 0401 0202 0303 0202 0404 0202 0301 0303 0404 0303 0202 0302 0404 0303 0204 0401 0303 0102 0302 0202 0202 0101 0202 0404 0202 
32 , 0101 0404 0303 0303 0103 0202 0303 0403 0202 0404 0201 0101 0202 0302 0201 0401 0202 0303 0202 0101 0402 0303 0203 0404 0303 0202 0302 0404 0101 0402 0101 0303 0202 0202 0204 0102 0104 0202 0404 0202 
33 , 0101 0104 0303 0303 0303 0402 0303 0404 0202 0404 0101 0201 0202 0203 0102 0104 0202 0303 0204 0404 0402 0303 0303 0404 0303 0202 0202 0404 0101 0204 0101 0303 0201 0202 0202 0202 0101 0202 0204 0202 
34 , 0101 0401 0404 0303 0301 0202 0303 0303 0302 0404 0101 0101 0202 0202 0201 0104 0202 0301 0202 0101 0204 0303 0303 0204 0304 0202 0303 0404 0303 0404 0101 0303 0201 0203 0202 0202 0101 0202 0402 0202 
35 , 0101 0404 0303 0303 0301 0202 0303 0303 0202 0404 0101 0101 0203 0203 0201 0101 0202 0303 0202 0404 0402 0103 0303 0404 0303 0202 0302 0404 0303 0404 0101 0303 0201 0202 0202 0202 0104 0202 0402 0202 
36 , 0101 0401 0304 0303 0101 0202 0302 0403 0202 0404 0201 0101 0202 0203 0101 0101 0202 0303 0404 0401 0202 0103 0303 0404 0403 0202 0303 0404 0301 0404 0101 0303 0201 0202 0204 0102 0101 0202 0402 0202 
37 , 0101 0401 0303 0303 0303 0402 0302 0304 0202 0204 0101 0201 0202 0203 0202 0104 0202 0303 0202 0104 0202 0301 0303 0402 0303 0202 0302 0404 0303 0404 0101 0303 0202 0202 0204 0202 0101 0202 0204 0202 
38 , 0101 0104 0403 0303 0303 0202 0302 0303 0202 0404 0101 0101 0202 0303 0102 0101 0202 0303 0402 0404 0202 0301 0303 0404 0303 0202 0303 0404 0301 0404 0101 0303 0202 0202 0202 0202 0104 0202 0402 0202 
39 , 0104 0404 0403 0303 0303 0202 0303 0303 0202 0404 0101 0101 0203 0202 0201 0104 0202 0303 0402 0101 0202 0303 0303 0204 0403 0202 0303 0404 0303 0204 0401 0303 0202 0202 0204 0202 0101 0402 0402 0202 
40 , 0101 0104 0303 0303 0303 0404 0303 0303 0202 0204 0101 0201 0202 0303 0201 0101 0202 0303 0204 0404 0402 0303 0303 0402 0303 0202 0302 0404 0103 0404 0101 0303 0201 0202 0204 0201 0104 0402 0204 0202 
41 , 0101 0404 0303 0303 0303 0202 0303 0403 0202 0204 0101 0201 0202 0203 0102 0101 0202 0303 0202 0104 0202 0301 0303 0404 0403 0202 0203 0402 0301 0204 0101 0203 0202 0202 0202 0202 0101 0202 0404 0202 
42 , 0101 0401 0303 0303 0303 0204 0303 0303 0202 0204 0101 0101 0202 0303 0102 0101 0202 0303 0202 0401 0202 0103 0203 0404 0303 0202 0202 0404 0101 0404 0101 0303 0202 0202 0204 0202 0101 0202 0402 0201 
43 , 0101 0401 0303 0303 0303 0202 0303 0403 0203 0402 0201 0101 0302 0203 0101 0101 0102 0103 0202 0401 0402 0103 0303 0404 0303 0202 0302 0404 0103 0204 0101 0302 0202 0202 0202 0202 0104 0202 0404 0102 
44 , 0101 0104 0404 0303 0303 0202 0303 0304 0202 0404 0101 0101 0202 0303 0101 0101 0202 0303 0202 0404 0202 0101 0303 0404 0404 0202 0303 0402 0303 0404 0101 0303 0202 0202 0202 0202 0101 0202 0204 0202 
45 , 0101 0404 0303 0303 0303 0202 0303 0403 0202 0402 0101 0101 0302 0303 0102 0101 0202 0303 0204 0404 0202 0301 0303 0404 0304 0202 0303 0404 0303 0402 0101 0303 0202 0202 0202 0202 0401 0204 0404 0202 
46 , 0101 0404 0404 0202 0303 0202 0303 0303 0202 0404 0101 0101 0202 0203 0201 0404 0202 0301 0202 0404 0404 0301 0303 0402 0303 0202 0203 0404 0301 0204 0101 0303 0201 0202 0204 0202 0101 0202 0202 0202 
47 , 0101 0401 0303 0303 0301 0202 0303 0304 0203 0402 0201 0101 0202 0302 0202 0101 0202 0303 0202 0404 0202 0103 0302 0404 0303 0202 0203 0404 0301 0404 0401 0203 0202 0202 0202 0202 0104 0202 0404 0202 
48 , 0101 0401 0403 0203 0303 0202 0303 0304 0202 0404 0102 0101 0202 0303 0202 0401 0202 0103 0202 0404 0402 0303 0303 0404 0303 0202 0302 0404 0301 0402 0101 0303 0202 0202 0202 0202 0101 0202 0202 0201 
49 , 0101 0401 0303 0303 0303 0202 0303 0403 0203 0404 0101 0101 0202 0203 0102 0104 0202 0303 0204 0401 0202 0301 0303 0404 0303 0202 0302 0404 0101 0204 0101 0303 0201 0202 0202 0202 0104 0202 0204 0202 
50 , 0101 0401 0404 0203 0303 0402 0303 0303 0202 0202 0101 0101 0202 0203 0201 0101 0202 0303 0202 0104 0202 0303 0303 0402 0303 0202 0303 0404 0101 0404 0101 0303 0201 0202 0202 0202 0101 0202 0202 0202 
