Auto-generated genotype output.
1
2
3
4
5
6
7
8
9
10
11
12
13
14
15
16
17
18
19
20
21
22
23
24
25
26
27
28
29
30
31
32
33
34
35
36
37
38
39
40
Pop
1 , 0301 0101 0202 0204 0101 0302 0402 0101 0301 0402 0404 0202 0101 0404 0404 0202 0101 0302 0202 0404 0203 0202 0303 0404 0204 0202 0303 0404 0203 0202 0404 0301 0202 0404 0303 0404 0403 0303 0101 0303 
2 , 0303 0104 0201 0404 0103 0203 0204 0101 0303 0404 0104 0202 0101 0404 0404 0204 0101 0202 0101 0303 0303 0204 0303 0204 0402 0302 0303 0402 0302 0201 0404 0101 0201 0404 0303 0404 0303 0303 0101 0203 
3 , 0103 0101 0101 0404 0101 0202 0202 0101 0303 0404 0404 0202 0401 0404 0401 0202 0101 0302 0101 0403 0303 0202 0303 0404 0202 0202 0303 0402 0303 0202 0404 0301 0102 0404 0303 0404 0303 0303 0101 0303 
4 , 0303 0101 0102 0404 0101 0202 0402 0101 0303 0402 0404 0202 0101 0404 0401 0202 0101 0202 0201 0303 0303 0202 0303 0404 0202 0202 0303 0202 0302 0202 0404 0101 0202 0404 0302 0404 0303 0303 0101 0203 
5 , 0303 0101 0102 0402 0103 0202 0202 0101 0303 0404 0404 0202 0101 0304 0404 0202 0101 0202 0101 0304 0203 0402 0303 0404 0204 0202 0304 0202 0203 0202 0404 0303 0202 0404 0303 0404 0303 0303 0101 0303 
6 , 0303 0101 0102 0404 0103 0302 0202 0401 0301 0204 0404 0202 0101 0304 0401 0202 0101 0302 0201 0404 0303 0202 0103 0404 0204 0202 0303 0404 0303 0202 0404 0301 0201 0404 0303 0404 0303 0303 0101 0303 
7 , 0301 0101 0201 0404 0303 0203 0202 0101 0303 0404 0404 0202 0104 0304 0404 0202 0101 0302 0202 0404 0303 0202 0303 0404 0202 0202 0303 0402 0203 0202 0404 0103 0202 0404 0303 0404 0304 0403 0104 0303 
8 , 0303 0101 0201 0402 0301 0202 0202 0104 0103 0404 0101 0202 0101 0404 0404 0202 0101 0203 0101 0304 0303 0202 0303 0404 0202 0202 0303 0402 0203 0102 0404 0301 0202 0404 0303 0404 0303 0303 0101 0303 
9 , 0303 0101 0202 0202 0101 0302 0202 0101 0301 0204 0404 0202 0101 0404 0401 0202 0201 0202 0101 0404 0303 0202 0303 0402 0202 0202 0303 0202 0303 0202 0204 0103 0202 0404 0303 0404 0303 0303 0401 0303 
10 , 0301 0101 0202 0404 0101 0303 0204 0101 0303 0202 0404 0402 0101 0404 0101 0404 0101 0302 0101 0403 0303 0202 0301 0404 0202 0202 0303 0204 0303 0202 0404 0101 0202 0404 0303 0404 0403 0303 0401 0303 
11 , 0303 0104 0102 0404 0101 0302 0202 0101 0103 0402 0401 0202 0101 0404 0404 0202 0101 0202 0101 0304 0303 0202 0303 0204 0402 0202 0303 0204 0302 0201 0404 0303 0201 0404 0303 0404 0303 0304 0101 0303 
12 , 0103 0101 0202 0402 0101 0202 0202 0101 0303 0404 0401 0202 0101 0404 0404 0204 0102 0202 0102 0304 0302 0204 0103 0204 0402 0202 0303 0202 0303 0202 0404 0103 0201 0404 0303 0401 0303 0403 0101 0302 
13 , 0303 0101 0102 0202 0101 0302 0202 0101 0303 0404 0404 0202 0101 0404 0104 0202 0101 0302 0101 0304 0303 0202 0301 0404 0202 0202 0303 0202 0302 0202 0404 0303 0202 0204 0303 0401 0303 0303 0101 0303 
14 , 0303 0101 0202 0404 0101 0303 0204 0101 0303 0404 0401 0202 0101 0404 0104 0202 0101 0202 0201 0403 0303 0202 0301 0404 0202 0202 0303 0204 0302 0202 0204 0103 0202 0404 0303 0404 0303 0303 0101 0303 
15 , 0103 0101 0201 0404 0301 0303 0202 0101 0103 0202 0404 0202 0101 0404 0401 0202 0101 0202 0101 0304 0303 0202 0303 0204 0202 0202 0303 0202 0302 0202 0404 0303 0202 0404 0303 0404 0303 0303 0101 0303 
16 , 0303 0401 0101 0404 0101 0202 0402 0101 0303 0404 0401 0202 0101 0404 0104 0202 0101 0202 0201 0303 0303 0202 0303 0404 0202 0202 0404 0202 0303 0202 0204 0101 0202 0404 0303 0404 0303 0303 0101 0303 
17 , 0303 0101 0201 0404 0301 0303 0204 0101 0303 0404 0401 0202 0101 0404 0404 0202 0101 0202 0102 0304 0303 0202 0101 0402 0402 0202 0303 0202 0303 0202 0402 0303 0102 0404 0303 0404 0303 0303 0101 0303 
18 , 0303 0101 0201 0204 0301 0202 0202 0101 0303 0404 0404 0204 0101 0404 0404 0202 0101 0202 0101 0404 0303 0202 0303 0404 0402 0202 0303 0202 0303 0102 0204 0303 0102 0404 0203 0404 0403 0303 0104 0303 
19 , 0303 0101 0101 0404 0101 0302 0202 0101 0103 0404 0404 0202 0101 0404 0104 0202 0101 0202 0101 0404 0303 0204 0303 0404 0404 0202 0303 0204 0302 0202 0204 0101 0202 0404 0303 0404 0303 0303 0101 0303 
20 , 0303 0101 0202 0404 0101 0302 0202 0101 0301 0404 0404 0404 0101 0404 0404 0202 0101 0202 0201 0304 0303 0402 0303 0404 0204 0202 0303 0204 0202 0202 0404 0103 0102 0404 0303 0404 0303 0303 0101 0202 
21 , 0301 0101 0201 0404 0301 0202 0202 0101 0303 0402 0404 0202 0401 0404 0404 0202 0101 0202 0201 0304 0303 0204 0301 0404 0204 0202 0303 0202 0303 0202 0402 0101 0202 0204 0303 0404 0303 0303 0101 0303 
22 , 0303 0101 0101 0404 0103 0202 0202 0101 0303 0404 0404 0202 0101 0404 0404 0202 0101 0202 0202 0304 0303 0402 0301 0404 0202 0202 0303 0202 0202 0202 0404 0303 0202 0404 0303 0404 0303 0303 0101 0303 
23 , 0103 0104 0201 0404 0101 0202 0202 0101 0303 0404 0404 0202 0101 0404 0404 0202 0101 0202 0102 0403 0303 0204 0303 0204 0202 0202 0303 0202 0302 0202 0404 0301 0201 0404 0303 0404 0303 0303 0101 0302 
24 , 0303 0101 0201 0404 0103 0203 0202 0101 0303 0402 0404 0402 0101 0304 0401 0202 0101 0202 0201 0404 0303 0202 0303 0404 0402 0202 0303 0202 0302 0201 0404 0301 0202 0204 0303 0404 0303 0403 0101 0303 
25 , 0103 0101 0102 0404 0103 0203 0202 0101 0103 0404 0101 0202 0101 0404 0404 0202 0101 0202 0101 0404 0203 0202 0303 0402 0202 0202 0303 0204 0202 0102 0404 0303 0202 0404 0302 0404 0303 0304 0101 0302 
26 , 0101 0101 0202 0204 0101 0302 0202 0101 0303 0402 0401 0202 0104 0404 0404 0202 0101 0202 0101 0404 0303 0202 0303 0404 0204 0202 0403 0202 0303 0202 0404 0101 0202 0404 0303 0404 0303 0303 0101 0303 
27 , 0303 0101 0202 0404 0303 0202 0202 0101 0301 0404 0404 0202 0101 0404 0404 0202 0101 0303 0101 0403 0303 0202 0303 0202 0202 0202 0303 0202 0303 0202 0402 0301 0202 0404 0302 0404 0303 0303 0104 0303 
28 , 0301 0101 0202 0404 0101 0303 0202 0101 0301 0404 0404 0402 0101 0404 0404 0402 0101 0202 0101 0304 0303 0202 0303 0204 0204 0202 0303 0202 0303 0202 0404 0101 0202 0404 0303 0404 0303 0303 0104 0303 
29 , 0301 0101 0202 0404 0103 0302 0402 0101 0301 0404 0404 0202 0101 0404 0404 0202 0101 0203 0102 0403 0302 0202 0303 0402 0402 0202 0303 0202 0203 0202 0404 0101 0202 0404 0302 0404 0303 0303 0404 0303 
30 , 0103 0101 0202 0404 0101 0202 0404 0101 0103 0404 0404 0202 0101 0404 0401 0202 0101 0202 0101 0404 0303 0202 0303 0402 0404 0202 0304 0402 0203 0202 0404 0303 0202 0404 0303 0404 0303 0303 0101 0303 
31 , 0303 0101 0202 0404 0301 0202 0204 0101 0301 0404 0404 0404 0101 0404 0401 0202 0101 0203 0101 0304 0303 0202 0303 0202 0202 0203 0303 0202 0303 0202 0202 0101 0102 0404 0303 0404 0303 0303 0101 0303 
32 , 0303 0101 0202 0402 0103 0302 0202 0101 0303 0204 0104 0204 0101 0404 0404 0202 0101 0302 0101 0404 0303 0202 0301 0402 0204 0202 0303 0402 0302 0202 0404 0101 0202 0404 0303 0404 0403 0304 0401 0302 
33 , 0303 0101 0201 0402 0301 0202 0202 0101 0103 0404 0101 0402 0101 0404 0404 0202 0101 0203 0101 0404 0303 0202 0303 0404 0202 0202 0303 0402 0203 0202 0404 0301 0202 0404 0303 0404 0303 0303 0101 0303 
34 , 0301 0101 0102 0404 0101 0303 0202 0101 0303 0404 0104 0402 0101 0404 0404 0402 0202 0302 0102 0404 0303 0202 0303 0404 0202 0202 0303 0404 0302 0202 0204 0101 0202 0404 0303 0401 0303 0303 0401 0303 
35 , 0303 0101 0201 0204 0101 0203 0202 0101 0103 0402 0401 0202 0404 0404 0404 0402 0101 0202 0101 0304 0303 0202 0301 0202 0202 0202 0303 0202 0202 0202 0404 0101 0102 0404 0303 0404 0303 0303 0101 0303 
36 , 0303 0401 0201 0402 0301 0302 0202 0101 0301 0404 0404 0204 0101 0404 0401 0202 0101 0302 0101 0304 0303 0202 0303 0404 0202 0202 0303 0202 0202 0202 0204 0101 0202 0204 0303 0404 0303 0303 0401 0303 
37 , 0301 0101 0202 0404 0303 0202 0202 0101 0101 0404 0404 0202 0101 0404 0404 0202 0101 0202 0101 0403 0303 0202 0303 0404 0202 0202 0303 0202 0202 0202 0404 0301 0202 0404 0303 0404 0303 0303 0101 0302 
38 , 0303 0101 0201 0404 0101 0302 0202 0101 0303 0404 0404 0202 0101 0404 0404 0202 0101 0202 0101 0404 0303 0202 0303 0402 0402 0202 0303 0202 0303 0202 0204 0101 0202 0404 0303 0404 0303 0303 0101 0303 
39 , 0303 0101 0202 0202 0101 0302 0202 0104 0103 0404 0404 0202 0101 0404 0404 0202 0101 0302 0201 0303 0203 0202 0303 0404 0202 0202 0303 0204 0203 0202 0204 0101 0102 0404 0303 0401 0303 0303 0101 0303 
40 , 0303 0104 0102 0404 0103 0302 0402 0101 0101 0404 0404 0404 0101 0404 0104 0202 0101 0202 0202 0403 0303 0202 0103 0404 0404 0202 0403 0204 0303 0202 0402 0303 0202 0404 0203 0404 0303 0304 0101 0303 
41 , 0101 0101 0102 0404 0103 0202 0202 0104 0301 0404 0404 0202 0101 0404 0104 0202 0101 0203 0202 0403 0303 0202 0103 0404 0202 0202 0303 0202 0202 0202 0404 0301 0202 0404 0303 0404 0303 0303 0401 0302 
42 , 0301 0101 0202 0404 0101 0302 0202 0101 0303 0404 0104 0402 0104 0404 0404 0202 0101 0202 0101 0303 0303 0202 0103 0404 0204 0202 0303 0202 0303 0202 0404 0301 0102 0404 0303 0404 0303 0403 0101 0303 
43 , 0301 0101 0202 0402 0101 0302 0202 0101 0301 0404 0404 0202 0101 0404 0404 0202 0101 0302 0101 0303 0303 0204 0303 0402 0202 0202 0303 0202 0203 0202 0404 0103 0102 0404 0303 0404 0303 0303 0101 0303 
44 , 0303 0101 0202 0404 0101 0202 0202 0401 0303 0402 0104 0402 0101 0404 0401 0202 0101 0202 0101 0304 0203 0202 0301 0402 0402 0202 0303 0202 0303 0202 0404 0101 0201 0404 0303 0404 0303 0303 0101 0203 
45 , 0103 0101 0101 0402 0101 0302 0202 0101 0301 0404 0404 0204 0101 0404 0404 0202 0101 0202 0101 0404 0303 0202 0303 0204 0204 0202 0303 0202 0202 0202 0404 0301 0202 0404 0303 0404 0303 0303 0104 0303 
46 , 0301 0101 0102 0404 0101 0202 0202 0101 0303 0404 0404 0204 0104 0404 0404 0202 0101 0202 0101 0303 0303 0202 0303 0404 0202 0202 0303 0202 0303 0202 0402 0103 0202 0404 0303 0404 0303 0303 0101 0303 
47 , 0303 0401 0201 0404 0101 0203 0202 0101 0303 0404 0104 0202 0104 0404 0404 0202 0101 0203 0101 0403 0303 0202 0301 0202 0204 0202 0303 0402 0203 0202 0404 0301 0102 0404 0303 0404 0304 0304 0101 0203 
48 , 0303 0401 0201 0404 0101 0202 0202 0101 0301 0404 0404 0204 0101 0404 0401 0202 0101 0202 0101 0404 0303 0202 0103 0202 0402 0202 0303 0402 0202 0202 0404 0301 0202 0404 0303 0404 0303 0303 0101 0203 
49 , 0103 0101 0201 0402 0301 0203 0204 0101 0303 0404 0401 0402 0101 0404 0404 0202 0101 0202 0101 0403 0303 0202 0303 0204 0402 0202 0303 0202 0303 0202 0404 0303 0202 0404 0303 0404 0303 0303 0101 0303 
50 , 0301 0101 0102 0404 0303 0203 0202 0101 0303 0404 0401 0202 0104 0404 0404 0202 0101 0202 0102 0404 0303 0402 0303 0404 0204 0202 0303 0202 0303 0202 0404 0101 0202 0404 0303 0404 0303 0303 0104 0303 
