Auto-generated genotype output.
1
2
3
4
5
6
7
8
9
10
11
12
13
14
15
16
17
18
19
20
21
22
23
24
25
26
27
28
29
30
31
32
33
34
35
36
37
38
39
40
Pop
1 , 0203 0303 0303 0202 0303 0202 0303 0201 0302 0401 0404 0404 0202 0404 0101 0202 0302 0303 0303 0303 0304 0401 0303 0202 0204 0404 0401 0303 0201 0304 0303 0301 0104 0101 0303 0101 0201 0101 0202 0202 
2 , 0202 0301 0303 0201 0303 0202 0303 0102 0202 0404 0404 0202 0402 0404 0103 0204 0303 0303 0302 0403 0304 0101 0303 0202 0204 0404 0101 0203 0202 0304 0302 0301 0404 0101 0302 0401 0202 0101 0202 0202 
3 , 0202 0101 0101 0202 0303 0202 0303 0202 0202 0404 0403 0204 0204 0404 0101 0202 0202 0103 0302 0303 0304 0101 0303 0202 0402 0304 0101 0203 0202 0404 0303 0303 0404 0101 0203 0101 0101 0101 0203 0302 
4 , 0202 0101 0301 0201 0303 0202 0303 0202 0202 0101 0404 0402 0204 0404 0101 0402 0302 0303 0203 0303 0303 0101 0303 0202 0204 0303 0101 0302 0202 0403 0303 0303 0401 0101 0302 0404 0201 0101 0303 0302 
5 , 0202 0301 0303 0101 0302 0202 0303 0102 0202 0404 0404 0402 0404 0404 0101 0202 0203 0301 0202 0303 0403 0101 0303 0202 0404 0404 0101 0303 0202 0404 0303 0303 0404 0101 0203 0101 0202 0101 0302 0202 
6 , 0202 0303 0301 0202 0303 0202 0303 0202 0202 0401 0404 0404 0202 0404 0101 0202 0302 0303 0302 0303 0403 0101 0303 0202 0204 0404 0101 0303 0202 0404 0303 0303 0404 0301 0203 0101 0202 0101 0303 0203 
7 , 0202 0103 0303 0202 0303 0204 0303 0202 0202 0104 0403 0204 0402 0401 0101 0202 0202 0103 0203 0303 0303 0101 0303 0202 0404 0404 0101 0303 0102 0403 0303 0103 0404 0101 0202 0101 0202 0101 0302 0202 
8 , 0202 0103 0103 0201 0303 0202 0303 0202 0202 0401 0404 0202 0404 0404 0101 0202 0202 0303 0303 0303 0404 0401 0303 0202 0204 0403 0101 0303 0202 0404 0303 0301 0404 0101 0303 0404 0102 0101 0302 0202 
9 , 0202 0101 0303 0201 0303 0204 0301 0202 0202 0101 0404 0404 0204 0404 0101 0202 0202 0303 0302 0304 0304 0101 0304 0202 0404 0403 0101 0302 0202 0404 0203 0303 0404 0101 0302 0101 0102 0101 0203 0202 
10 , 0202 0301 0303 0202 0303 0202 0301 0202 0303 0101 0404 0404 0204 0404 0101 0202 0203 0303 0303 0304 0304 0101 0303 0203 0402 0303 0101 0303 0201 0403 0303 0303 0404 0101 0302 0101 0102 0101 0302 0202 
11 , 0202 0101 0303 0202 0303 0202 0303 0202 0202 0404 0404 0204 0202 0404 0101 0204 0203 0303 0303 0303 0403 0101 0303 0302 0202 0304 0101 0303 0202 0403 0303 0303 0401 0103 0203 0401 0202 0301 0203 0203 
12 , 0202 0101 0103 0202 0303 0202 0303 0202 0202 0101 0403 0204 0202 0404 0101 0202 0203 0303 0203 0303 0403 0101 0303 0202 0204 0404 0101 0303 0201 0403 0303 0303 0404 0101 0303 0101 0101 0101 0203 0202 
13 , 0202 0101 0303 0102 0302 0202 0303 0202 0202 0104 0404 0404 0402 0404 0101 0202 0203 0301 0303 0303 0404 0101 0303 0202 0202 0404 0101 0203 0202 0404 0303 0301 0404 0101 0302 0101 0202 0103 0202 0202 
14 , 0202 0301 0303 0202 0303 0202 0303 0202 0203 0101 0404 0204 0404 0404 0103 0202 0203 0303 0303 0304 0303 0101 0304 0202 0402 0404 0101 0303 0202 0403 0303 0303 0404 0101 0302 0104 0102 0303 0302 0202 
15 , 0203 0301 0301 0202 0303 0202 0303 0202 0202 0101 0404 0402 0402 0404 0301 0202 0303 0303 0302 0303 0304 0101 0403 0202 0404 0404 0101 0203 0202 0404 0303 0303 0404 0101 0303 0404 0202 0101 0202 0202 
16 , 0202 0303 0103 0201 0303 0202 0303 0102 0202 0404 0404 0204 0202 0404 0101 0404 0202 0303 0303 0403 0304 0101 0303 0202 0402 0403 0101 0302 0201 0404 0303 0303 0401 0101 0303 0401 0202 0101 0203 0202 
17 , 0202 0303 0303 0202 0303 0202 0303 0202 0202 0104 0403 0204 0402 0404 0101 0202 0202 0303 0303 0303 0303 0101 0303 0202 0402 0304 0101 0203 0201 0404 0302 0303 0404 0101 0303 0401 0202 0101 0303 0302 
18 , 0202 0103 0303 0202 0303 0202 0303 0202 0203 0101 0404 0402 0402 0404 0101 0202 0202 0303 0303 0404 0304 0101 0303 0302 0404 0404 0101 0302 0102 0404 0303 0303 0404 0101 0202 0401 0202 0103 0302 0202 
19 , 0202 0101 0103 0201 0303 0202 0303 0201 0202 0401 0404 0204 0402 0404 0101 0202 0203 0301 0203 0303 0403 0401 0304 0202 0202 0404 0101 0303 0202 0403 0303 0303 0404 0101 0303 0104 0202 0101 0302 0202 
20 , 0203 0301 0301 0102 0303 0202 0303 0202 0202 0101 0404 0202 0402 0404 0101 0202 0302 0303 0202 0303 0403 0101 0303 0202 0404 0404 0101 0303 0102 0404 0303 0301 0404 0101 0203 0101 0202 0101 0303 0202 
21 , 0202 0101 0303 0202 0303 0202 0303 0202 0203 0401 0404 0402 0402 0404 0103 0204 0202 0303 0303 0403 0403 0104 0303 0202 0404 0404 0101 0203 0202 0404 0302 0303 0404 0101 0203 0404 0202 0101 0202 0202 
22 , 0202 0103 0103 0202 0303 0202 0301 0202 0203 0101 0404 0402 0204 0404 0101 0202 0302 0303 0202 0303 0303 0101 0303 0202 0202 0404 0104 0303 0202 0404 0303 0303 0404 0101 0303 0404 0202 0103 0302 0302 
23 , 0202 0101 0303 0102 0303 0202 0303 0202 0202 0101 0403 0404 0204 0404 0101 0202 0303 0303 0302 0303 0403 0101 0303 0202 0402 0404 0101 0303 0202 0404 0303 0303 0404 0101 0302 0104 0202 0101 0202 0202 
24 , 0202 0101 0303 0202 0303 0202 0103 0202 0302 0101 0403 0204 0402 0404 0101 0202 0202 0303 0303 0303 0304 0104 0303 0202 0402 0404 0101 0303 0202 0403 0303 0103 0404 0101 0302 0401 0102 0101 0303 0202 
25 , 0202 0103 0303 0202 0303 0202 0303 0102 0202 0101 0404 0204 0202 0104 0101 0202 0202 0303 0303 0303 0303 0101 0303 0202 0204 0303 0101 0303 0202 0404 0203 0303 0404 0101 0202 0104 0102 0301 0303 0202 
26 , 0302 0301 0103 0102 0303 0202 0301 0102 0302 0404 0303 0204 0204 0404 0101 0404 0303 0303 0302 0303 0403 0401 0303 0202 0402 0404 0101 0303 0102 0403 0303 0103 0404 0101 0203 0404 0202 0101 0202 0202 
27 , 0202 0303 0303 0201 0303 0202 0303 0202 0202 0104 0404 0202 0202 0404 0101 0202 0202 0103 0203 0303 0303 0101 0303 0202 0404 0404 0101 0302 0202 0404 0303 0303 0404 0101 0203 0401 0102 0101 0303 0203 
28 , 0202 0101 0303 0202 0302 0202 0303 0202 0202 0404 0304 0404 0204 0404 0101 0202 0302 0303 0303 0303 0304 0101 0303 0202 0202 0304 0101 0303 0202 0404 0303 0303 0404 0101 0303 0101 0202 0103 0303 0202 
29 , 0202 0301 0303 0202 0303 0204 0303 0201 0303 0101 0304 0202 0202 0404 0101 0202 0203 0103 0203 0403 0403 0401 0303 0202 0202 0404 0101 0303 0102 0304 0303 0101 0101 0101 0303 0401 0101 0101 0303 0202 
30 , 0202 0101 0303 0202 0302 0202 0303 0202 0202 0101 0404 0404 0404 0404 0101 0202 0302 0301 0203 0303 0303 0101 0303 0202 0404 0404 0101 0303 0202 0304 0303 0303 0404 0101 0302 0101 0202 0101 0202 0302 
31 , 0203 0101 0101 0202 0303 0202 0303 0102 0202 0101 0404 0402 0404 0404 0101 0204 0202 0303 0203 0403 0403 0101 0303 0202 0404 0404 0101 0203 0102 0404 0302 0301 0104 0101 0303 0401 0202 0103 0303 0202 
32 , 0202 0301 0301 0202 0303 0202 0303 0202 0202 0401 0404 0402 0202 0404 0101 0202 0302 0303 0303 0303 0404 0101 0303 0202 0202 0404 0101 0303 0202 0403 0303 0303 0401 0303 0203 0101 0202 0101 0303 0203 
33 , 0202 0303 0303 0201 0303 0202 0303 0202 0202 0101 0404 0204 0202 0401 0101 0202 0202 0303 0202 0303 0403 0101 0303 0202 0404 0403 0101 0203 0202 0404 0302 0303 0404 0101 0203 0401 0202 0103 0302 0302 
34 , 0302 0301 0103 0202 0303 0202 0303 0102 0302 0401 0404 0202 0204 0404 0101 0402 0302 0303 0303 0303 0404 0401 0303 0203 0402 0304 0101 0303 0202 0404 0303 0303 0404 0101 0202 0404 0202 0101 0202 0202 
35 , 0202 0103 0303 0202 0303 0402 0103 0202 0302 0101 0404 0402 0402 0404 0101 0204 0202 0301 0303 0303 0304 0101 0404 0202 0404 0403 0101 0303 0201 0403 0303 0301 0401 0103 0302 0101 0102 0103 0303 0202 
36 , 0203 0303 0301 0202 0303 0202 0303 0202 0202 0101 0403 0202 0404 0404 0101 0202 0202 0303 0303 0303 0303 0101 0303 0202 0204 0304 0101 0303 0202 0404 0303 0303 0404 0101 0302 0401 0202 0101 0202 0202 
37 , 0202 0301 0303 0202 0303 0202 0103 0202 0203 0404 0403 0202 0202 0404 0301 0202 0303 0303 0303 0303 0303 0101 0303 0202 0202 0404 0101 0303 0202 0404 0303 0303 0404 0101 0302 0101 0202 0101 0203 0203 
38 , 0202 0101 0103 0202 0303 0202 0301 0202 0302 0101 0404 0202 0204 0404 0101 0202 0303 0303 0203 0303 0403 0101 0303 0202 0202 0304 0101 0303 0202 0303 0303 0303 0404 0101 0302 0404 0202 0101 0303 0202 
39 , 0202 0103 0303 0202 0303 0202 0303 0202 0202 0104 0404 0202 0202 0104 0101 0202 0203 0303 0302 0304 0303 0101 0303 0202 0404 0404 0101 0303 0202 0404 0302 0301 0404 0101 0202 0101 0102 0103 0202 0202 
40 , 0202 0101 0303 0202 0303 0202 0303 0102 0302 0101 0403 0404 0204 0404 0101 0202 0203 0303 0203 0303 0303 0101 0303 0202 0202 0404 0101 0303 0202 0304 0303 0303 0404 0101 0202 0101 0102 0101 0302 0202 
41 , 0202 0101 0303 0201 0303 0202 0303 0202 0202 0101 0404 0404 0402 0404 0301 0202 0202 0103 0303 0303 0304 0101 0403 0202 0404 0404 0101 0203 0202 0404 0303 0303 0404 0101 0303 0404 0102 0103 0303 0202 
42 , 0302 0101 0303 0202 0303 0202 0303 0202 0203 0401 0304 0404 0204 0404 0101 0202 0202 0303 0303 0303 0303 0101 0303 0202 0404 0404 0101 0303 0202 0404 0303 0301 0404 0101 0203 0104 0202 0103 0303 0202 
43 , 0202 0101 0303 0202 0303 0202 0303 0201 0202 0101 0404 0404 0204 0404 0101 0202 0302 0303 0303 0303 0404 0101 0303 0203 0402 0404 0104 0303 0202 0404 0303 0303 0401 0101 0203 0104 0202 0101 0202 0202 
44 , 0202 0101 0303 0201 0303 0402 0303 0202 0302 0101 0404 0404 0204 0404 0101 0202 0303 0303 0303 0403 0303 0101 0303 0202 0402 0304 0101 0303 0202 0403 0303 0303 0404 0101 0202 0104 0102 0103 0302 0202 
45 , 0202 0101 0303 0202 0303 0202 0303 0201 0202 0101 0404 0204 0202 0404 0301 0202 0202 0103 0202 0303 0403 0101 0303 0302 0402 0404 0101 0303 0202 0404 0303 0303 0404 0103 0303 0401 0202 0101 0202 0202 
46 , 0202 0101 0303 0201 0303 0202 0303 0202 0303 0401 0404 0204 0202 0404 0103 0202 0203 0303 0303 0304 0303 0101 0304 0202 0402 0304 0101 0303 0202 0403 0303 0103 0404 0101 0302 0404 0202 0101 0202 0202 
47 , 0202 0101 0101 0201 0303 0202 0303 0202 0303 0104 0404 0402 0402 0404 0101 0202 0303 0303 0202 0303 0304 0101 0303 0202 0404 0403 0101 0303 0202 0404 0303 0303 0401 0101 0303 0404 0102 0101 0303 0302 
48 , 0202 0101 0303 0202 0303 0202 0303 0202 0202 0401 0403 0402 0402 0404 0103 0202 0202 0303 0303 0303 0303 0101 0303 0203 0202 0404 0101 0303 0202 0403 0303 0103 0404 0101 0202 0401 0102 0103 0203 0202 
49 , 0202 0101 0103 0202 0303 0204 0303 0202 0302 0101 0404 0402 0202 0404 0101 0202 0302 0303 0303 0303 0304 0101 0303 0202 0402 0403 0101 0302 0202 0404 0303 0303 0404 0101 0303 0104 0202 0101 0203 0202 
50 , 0202 0101 0303 0202 0303 0202 0303 0202 0202 0404 0404 0404 0204 0404 0101 0202 0302 0303 0303 0303 0303 0101 0303 0202 0202 0404 0101 0303 0202 0404 0303 0301 0404 0301 0203 0101 0202 0101 0303 0202 
51 , 0202 0301 0303 0202 0303 0202 0303 0202 0303 0401 0404 0204 0204 0404 0301 0202 0202 0303 0303 0404 0403 0101 0303 0202 0404 0404 0104 0303 0102 0403 0302 0303 0404 0101 0303 0101 0202 0101 0302 0202 
52 , 0203 0103 0303 0202 0303 0402 0303 0202 0303 0101 0404 0404 0204 0404 0101 0202 0302 0303 0303 0304 0303 0101 0303 0202 0404 0404 0101 0303 0202 0404 0303 0303 0401 0101 0203 0104 0202 0101 0203 0202 
53 , 0202 0103 0301 0202 0303 0202 0303 0202 0202 0101 0304 0204 0202 0404 0101 0202 0203 0303 0303 0303 0303 0401 0304 0202 0402 0403 0101 0303 0201 0404 0303 0303 0404 0101 0202 0101 0202 0101 0302 0202 
54 , 0202 0303 0303 0202 0303 0204 0303 0202 0302 0101 0404 0204 0202 0404 0101 0202 0203 0103 0303 0403 0304 0101 0303 0202 0404 0404 0101 0303 0201 0404 0303 0101 0404 0101 0302 0101 0102 0101 0202 0202 
55 , 0202 0303 0303 0202 0303 0202 0303 0202 0203 0101 0404 0204 0204 0104 0103 0202 0302 0303 0303 0404 0303 0104 0303 0203 0402 0404 0104 0303 0202 0303 0203 0103 0404 0101 0302 0101 0102 0301 0302 0202 
56 , 0303 0303 0303 0202 0303 0202 0103 0201 0202 0404 0404 0204 0202 0404 0101 0202 0202 0303 0303 0303 0304 0101 0304 0202 0204 0404 0401 0303 0202 0404 0303 0303 0404 0101 0303 0401 0202 0101 0302 0202 
57 , 0202 0101 0301 0202 0303 0202 0303 0202 0202 0101 0404 0402 0202 0404 0101 0202 0203 0303 0302 0303 0304 0101 0303 0202 0404 0404 0101 0303 0202 0404 0203 0303 0401 0101 0302 0404 0102 0301 0202 0202 
58 , 0202 0303 0301 0102 0303 0402 0301 0202 0303 0101 0404 0202 0204 0404 0301 0202 0202 0303 0303 0303 0303 0101 0304 0202 0404 0304 0101 0303 0202 0404 0303 0303 0404 0101 0303 0401 0201 0101 0303 0202 
59 , 0203 0101 0101 0202 0303 0202 0303 0202 0203 0101 0304 0402 0404 0404 0101 0204 0202 0303 0203 0303 0303 0101 0303 0203 0404 0304 0101 0303 0202 0404 0303 0301 0404 0101 0303 0101 0202 0101 0302 0202 
60 , 0202 0301 0301 0102 0303 0402 0303 0202 0202 0101 0404 0402 0204 0404 0301 0202 0202 0301 0303 0403 0303 0101 0303 0202 0404 0403 0101 0303 0202 0304 0303 0301 0401 0101 0202 0101 0102 0301 0203 0202 
61 , 0202 0101 0303 0202 0303 0204 0301 0201 0202 0401 0404 0402 0404 0404 0101 0202 0202 0303 0303 0303 0404 0101 0304 0202 0202 0403 0101 0303 0202 0404 0303 0103 0404 0101 0203 0401 0101 0101 0203 0203 
62 , 0202 0101 0103 0202 0303 0202 0303 0202 0202 0101 0404 0404 0402 0404 0101 0202 0203 0303 0203 0303 0404 0101 0303 0202 0404 0304 0101 0303 0202 0304 0303 0303 0404 0101 0203 0401 0202 0101 0202 0202 
63 , 0302 0101 0303 0102 0303 0202 0303 0202 0202 0104 0404 0202 0204 0401 0101 0402 0303 0303 0302 0303 0303 0101 0303 0202 0204 0404 0101 0302 0202 0303 0303 0303 0404 0101 0303 0104 0201 0101 0202 0202 
64 , 0202 0303 0303 0202 0303 0202 0301 0202 0202 0101 0403 0404 0204 0404 0101 0202 0302 0303 0303 0303 0303 0401 0303 0202 0402 0404 0101 0303 0202 0404 0303 0303 0404 0101 0303 0101 0202 0101 0203 0202 
65 , 0202 0101 0303 0202 0303 0202 0303 0202 0202 0101 0404 0202 0404 0404 0301 0202 0302 0303 0202 0303 0303 0401 0303 0202 0204 0404 0101 0303 0202 0403 0302 0303 0404 0101 0303 0104 0202 0301 0202 0202 
66 , 0203 0101 0303 0202 0303 0202 0303 0202 0203 0101 0404 0402 0204 0404 0101 0202 0303 0303 0303 0403 0403 0101 0303 0202 0202 0404 0101 0302 0202 0304 0303 0303 0404 0101 0202 0101 0202 0101 0303 0202 
67 , 0202 0301 0301 0202 0303 0202 0301 0202 0202 0101 0404 0404 0202 0404 0301 0402 0303 0303 0303 0303 0303 0101 0303 0202 0402 0403 0101 0303 0201 0403 0303 0303 0404 0101 0303 0401 0202 0101 0303 0202 
68 , 0202 0103 0303 0102 0303 0204 0303 0202 0202 0401 0404 0202 0402 0404 0101 0202 0202 0303 0202 0403 0304 0101 0303 0202 0402 0404 0101 0303 0202 0404 0303 0303 0404 0101 0203 0401 0202 0101 0202 0202 
69 , 0202 0101 0301 0102 0303 0202 0303 0202 0202 0101 0404 0204 0204 0104 0301 0202 0302 0303 0303 0303 0403 0401 0303 0202 0202 0404 0101 0303 0202 0303 0203 0103 0404 0101 0303 0104 0202 0101 0303 0203 
70 , 0202 0103 0303 0201 0303 0402 0303 0202 0202 0104 0404 0404 0204 0404 0101 0202 0303 0303 0303 0303 0304 0101 0303 0202 0204 0403 0101 0303 0202 0404 0303 0303 0404 0101 0202 0101 0202 0101 0303 0203 
71 , 0202 0303 0301 0102 0303 0202 0303 0202 0203 0401 0404 0202 0202 0404 0101 0402 0202 0103 0202 0303 0404 0101 0303 0202 0404 0404 0101 0303 0202 0404 0302 0303 0404 0301 0203 0401 0202 0101 0303 0203 
72 , 0202 0303 0303 0202 0303 0204 0303 0102 0202 0101 0404 0404 0202 0404 0301 0402 0303 0303 0303 0303 0304 0401 0304 0202 0402 0404 0101 0303 0101 0404 0303 0301 0404 0101 0302 0104 0202 0101 0302 0202 
73 , 0202 0101 0303 0202 0303 0202 0303 0201 0203 0101 0404 0204 0204 0404 0101 0202 0302 0301 0303 0303 0303 0101 0303 0203 0204 0404 0401 0203 0201 0304 0303 0303 0404 0101 0302 0104 0202 0101 0303 0303 
74 , 0202 0101 0303 0202 0303 0202 0303 0202 0202 0104 0304 0202 0204 0404 0101 0202 0202 0303 0303 0303 0404 0401 0403 0202 0404 0404 0101 0303 0202 0403 0303 0303 0404 0101 0202 0404 0202 0101 0303 0203 
75 , 0202 0103 0103 0202 0303 0202 0301 0102 0203 0101 0404 0202 0404 0404 0101 0202 0202 0303 0303 0303 0403 0104 0303 0202 0404 0404 0101 0303 0202 0304 0303 0103 0404 0101 0203 0101 0201 0101 0303 0202 
76 , 0203 0301 0303 0202 0303 0202 0303 0202 0202 0401 0404 0402 0204 0404 0101 0202 0202 0303 0302 0303 0303 0101 0303 0202 0402 0404 0101 0203 0202 0404 0303 0303 0404 0103 0203 0104 0102 0101 0203 0202 
77 , 0202 0303 0303 0102 0303 0202 0303 0102 0202 0101 0404 0204 0202 0404 0101 0202 0202 0103 0203 0303 0303 0101 0303 0202 0402 0404 0101 0302 0201 0303 0303 0103 0404 0103 0202 0101 0202 0101 0303 0202 
78 , 0202 0101 0103 0201 0303 0202 0303 0202 0302 0104 0404 0402 0402 0404 0101 0204 0303 0103 0302 0304 0404 0101 0303 0302 0204 0404 0101 0303 0102 0404 0302 0301 0404 0101 0302 0401 0202 0101 0202 0202 
79 , 0202 0303 0101 0202 0303 0202 0303 0202 0202 0401 0304 0202 0202 0404 0101 0402 0202 0303 0302 0303 0303 0101 0303 0202 0204 0404 0101 0302 0202 0404 0303 0303 0401 0101 0302 0404 0201 0101 0303 0202 
80 , 0202 0101 0101 0202 0303 0202 0301 0202 0202 0101 0404 0202 0202 0404 0101 0202 0303 0303 0302 0304 0303 0401 0303 0202 0202 0304 0401 0303 0102 0404 0302 0301 0404 0101 0302 0401 0102 0101 0302 0202 
81 , 0202 0103 0303 0102 0303 0202 0303 0202 0202 0401 0403 0202 0204 0404 0101 0202 0302 0301 0303 0303 0303 0401 0303 0202 0204 0404 0401 0303 0202 0304 0303 0303 0104 0101 0303 0104 0202 0101 0203 0202 
82 , 0203 0101 0303 0202 0303 0202 0303 0201 0302 0104 0404 0204 0404 0404 0101 0202 0303 0303 0203 0303 0304 0101 0303 0202 0402 0404 0101 0303 0202 0304 0303 0303 0104 0301 0203 0401 0202 0101 0302 0202 
83 , 0202 0103 0303 0202 0303 0204 0103 0202 0202 0101 0403 0402 0204 0404 0101 0202 0302 0303 0303 0303 0403 0101 0303 0202 0202 0404 0101 0303 0202 0404 0303 0301 0404 0101 0303 0101 0202 0101 0302 0202 
84 , 0202 0103 0301 0202 0303 0402 0303 0202 0202 0101 0403 0202 0204 0404 0101 0202 0203 0303 0203 0303 0303 0101 0303 0202 0404 0404 0101 0203 0202 0404 0303 0303 0404 0101 0203 0401 0202 0301 0303 0202 
85 , 0202 0101 0303 0202 0303 0202 0303 0201 0202 0401 0304 0202 0402 0404 0101 0202 0203 0301 0303 0303 0304 0101 0303 0202 0404 0404 0101 0203 0201 0404 0303 0303 0404 0101 0302 0101 0201 0301 0203 0202 
86 , 0203 0101 0103 0202 0303 0202 0303 0202 0202 0101 0404 0402 0204 0404 0101 0202 0203 0303 0302 0303 0404 0101 0303 0202 0402 0404 0101 0303 0202 0404 0303 0101 0404 0101 0303 0101 0102 0101 0202 0202 
87 , 0202 0103 0303 0202 0303 0202 0301 0202 0202 0101 0404 0404 0202 0404 0101 0202 0302 0303 0203 0403 0303 0101 0304 0202 0204 0304 0401 0303 0202 0404 0302 0303 0404 0101 0303 0104 0202 0101 0302 0302 
88 , 0202 0101 0303 0202 0303 0202 0303 0202 0202 0401 0303 0402 0204 0404 0101 0202 0202 0303 0303 0303 0303 0101 0303 0202 0404 0404 0101 0302 0202 0404 0303 0303 0404 0101 0303 0101 0202 0101 0203 0203 
89 , 0203 0301 0301 0201 0303 0202 0303 0202 0302 0101 0404 0202 0204 0104 0101 0202 0302 0303 0203 0403 0303 0101 0303 0202 0404 0403 0101 0303 0202 0304 0303 0103 0404 0101 0203 0401 0102 0303 0203 0202 
90 , 0202 0303 0303 0202 0303 0202 0303 0202 0202 0101 0404 0404 0402 0404 0101 0202 0203 0303 0303 0303 0404 0101 0303 0202 0402 0403 0101 0303 0202 0304 0303 0301 0404 0101 0202 0104 0202 0101 0202 0203 
91 , 0203 0103 0301 0201 0303 0202 0303 0202 0202 0401 0404 0402 0204 0404 0101 0204 0302 0303 0203 0303 0304 0101 0304 0202 0404 0403 0101 0303 0202 0404 0302 0301 0401 0103 0303 0104 0202 0101 0202 0202 
92 , 0202 0301 0303 0201 0303 0202 0303 0202 0202 0101 0404 0204 0402 0404 0301 0202 0203 0303 0203 0403 0403 0104 0304 0303 0402 0404 0101 0303 0202 0404 0303 0303 0404 0101 0303 0101 0202 0101 0203 0202 
93 , 0202 0301 0303 0102 0203 0202 0303 0202 0202 0104 0304 0204 0402 0404 0101 0202 0203 0303 0303 0303 0304 0101 0303 0202 0204 0304 0101 0203 0202 0404 0303 0103 0404 0103 0303 0101 0202 0301 0302 0302 
94 , 0203 0101 0103 0201 0303 0202 0303 0202 0302 0101 0404 0202 0402 0404 0101 0202 0302 0303 0302 0303 0403 0101 0303 0202 0404 0304 0101 0302 0202 0303 0303 0301 0404 0301 0203 0404 0201 0101 0303 0203 
95 , 0202 0101 0303 0202 0303 0202 0303 0201 0303 0101 0404 0404 0202 0404 0101 0202 0203 0303 0203 0403 0304 0104 0303 0202 0204 0304 0101 0303 0202 0404 0303 0303 0404 0101 0302 0104 0202 0101 0302 0202 
96 , 0302 0301 0303 0202 0303 0202 0103 0202 0203 0104 0404 0202 0202 0404 0101 0202 0302 0303 0303 0304 0303 0104 0303 0202 0202 0304 0401 0303 0102 0404 0303 0301 0401 0101 0203 0101 0201 0101 0303 0202 
97 , 0203 0103 0303 0202 0203 0202 0303 0202 0202 0401 0404 0204 0204 0404 0101 0202 0302 0303 0203 0303 0404 0101 0304 0202 0404 0404 0101 0303 0202 0304 0303 0303 0401 0101 0303 0401 0201 0101 0202 0202 
98 , 0302 0103 0103 0101 0303 0202 0303 0202 0202 0401 0404 0204 0202 0404 0101 0204 0202 0303 0203 0303 0304 0401 0403 0202 0202 0404 0104 0203 0202 0403 0303 0301 0401 0101 0302 0101 0102 0101 0303 0202 
99 , 0203 0101 0103 0201 0303 0202 0303 0202 0302 0101 0404 0404 0204 0404 0101 0202 0202 0301 0303 0303 0403 0101 0303 0202 0204 0404 0101 0303 0202 0404 0303 0303 0404 0301 0203 0104 0202 0101 0303 0202 
100 , 0202 0103 0301 0202 0303 0202 0303 0202 0202 0104 0404 0402 0204 0404 0101 0402 0202 0303 0202 0303 0304 0101 0303 0202 0204 0404 0401 0203 0202 0403 0303 0301 0404 0101 0203 0401 0202 0101 0302 0202 
101 , 0202 0101 0303 0202 0303 0202 0303 0102 0203 0101 0404 0204 0202 0104 0101 0202 0202 0103 0302 0303 0403 0101 0303 0202 0404 0404 0101 0303 0202 0403 0303 0103 0401 0101 0203 0104 0202 0101 0303 0202 
102 , 0202 0103 0303 0102 0303 0202 0303 0202 0202 0404 0404 0402 0202 0404 0101 0202 0203 0103 0202 0303 0303 0101 0303 0203 0404 0404 0101 0302 0102 0303 0303 0103 0404 0101 0202 0104 0201 0101 0303 0202 
103 , 0202 0101 0103 0202 0303 0202 0303 0202 0303 0101 0404 0404 0204 0404 0101 0202 0203 0303 0203 0303 0404 0101 0303 0202 0404 0304 0101 0303 0202 0404 0303 0303 0404 0101 0303 0404 0102 0103 0302 0202 
104 , 0203 0101 0303 0101 0303 0202 0303 0102 0202 0101 0403 0202 0402 0404 0101 0202 0202 0103 0202 0303 0303 0101 0303 0202 0404 0404 0101 0302 0102 0404 0303 0301 0404 0101 0203 0101 0202 0101 0303 0202 
105 , 0202 0103 0303 0102 0302 0202 0303 0202 0203 0401 0404 0402 0402 0404 0101 0202 0303 0303 0202 0403 0304 0101 0303 0202 0404 0403 0101 0202 0202 0304 0303 0303 0404 0101 0303 0404 0201 0101 0202 0203 
106 , 0202 0303 0103 0202 0303 0202 0303 0202 0203 0101 0404 0402 0404 0404 0101 0202 0202 0303 0203 0303 0403 0404 0303 0202 0402 0403 0101 0303 0202 0404 0303 0303 0404 0101 0302 0101 0202 0101 0302 0202 
107 , 0202 0101 0103 0202 0302 0202 0303 0202 0302 0101 0404 0204 0404 0404 0101 0202 0302 0303 0303 0304 0403 0101 0303 0202 0204 0404 0101 0303 0202 0304 0303 0303 0404 0301 0302 0404 0202 0101 0302 0202 
108 , 0202 0301 0103 0202 0303 0202 0303 0202 0302 0101 0304 0404 0402 0404 0101 0202 0203 0103 0303 0304 0303 0101 0303 0202 0402 0304 0101 0303 0202 0403 0303 0301 0404 0101 0302 0104 0202 0103 0302 0202 
109 , 0202 0101 0101 0101 0303 0202 0303 0202 0302 0101 0404 0402 0204 0404 0101 0202 0303 0303 0203 0303 0303 0101 0304 0202 0202 0404 0101 0303 0202 0403 0203 0303 0104 0101 0303 0401 0102 0101 0202 0202 
110 , 0202 0101 0303 0201 0303 0202 0301 0202 0302 0404 0404 0202 0202 0404 0101 0202 0302 0303 0303 0304 0304 0101 0304 0202 0202 0404 0101 0303 0202 0304 0203 0103 0404 0101 0302 0101 0202 0101 0203 0202 
111 , 0202 0101 0303 0102 0202 0202 0303 0102 0202 0404 0404 0402 0202 0404 0101 0202 0303 0303 0303 0303 0404 0101 0303 0202 0202 0403 0101 0302 0202 0404 0303 0301 0404 0301 0202 0101 0202 0101 0203 0303 
112 , 0202 0103 0301 0202 0303 0202 0303 0202 0203 0101 0404 0202 0204 0404 0101 0202 0303 0303 0303 0304 0404 0101 0303 0202 0202 0303 0101 0303 0202 0403 0303 0303 0404 0101 0302 0101 0102 0101 0202 0202 
113 , 0202 0101 0101 0201 0303 0404 0303 0202 0202 0401 0403 0204 0402 0404 0101 0202 0203 0303 0303 0304 0303 0101 0303 0202 0204 0304 0101 0203 0202 0403 0303 0103 0404 0101 0203 0404 0102 0101 0202 0302 
114 , 0202 0101 0301 0202 0303 0202 0303 0202 0202 0404 0404 0402 0402 0404 0101 0204 0202 0303 0203 0303 0303 0101 0303 0203 0402 0404 0101 0303 0102 0404 0303 0303 0404 0301 0303 0101 0101 0103 0203 0202 
115 , 0202 0303 0103 0202 0303 0202 0303 0202 0302 0101 0403 0404 0404 0404 0101 0202 0202 0303 0202 0303 0404 0401 0303 0203 0204 0404 0101 0303 0202 0404 0303 0303 0404 0101 0303 0404 0202 0101 0202 0202 
116 , 0203 0103 0301 0202 0303 0202 0303 0102 0202 0101 0404 0404 0402 0404 0101 0202 0202 0303 0203 0403 0403 0101 0304 0202 0404 0404 0101 0202 0102 0404 0303 0301 0101 0101 0302 0104 0202 0101 0303 0202 
117 , 0202 0101 0301 0202 0302 0204 0303 0201 0202 0101 0404 0404 0204 0404 0101 0204 0303 0301 0303 0303 0404 0101 0303 0202 0204 0404 0101 0303 0202 0404 0303 0301 0401 0301 0203 0101 0202 0103 0303 0202 
118 , 0202 0301 0303 0202 0303 0204 0303 0202 0203 0401 0404 0202 0202 0404 0101 0202 0302 0303 0303 0303 0403 0101 0304 0202 0204 0304 0101 0303 0202 0303 0303 0103 0404 0101 0302 0401 0102 0101 0203 0202 
119 , 0202 0103 0303 0201 0303 0202 0303 0202 0203 0101 0404 0404 0202 0401 0301 0204 0202 0303 0202 0403 0403 0101 0303 0202 0402 0404 0101 0303 0202 0404 0303 0303 0404 0101 0303 0101 0202 0103 0203 0202 
120 , 0202 0101 0303 0201 0302 0202 0303 0202 0302 0404 0404 0202 0204 0404 0101 0402 0302 0301 0302 0303 0404 0101 0303 0202 0404 0404 0401 0303 0202 0404 0303 0303 0404 0101 0203 0101 0202 0101 0202 0302 
121 , 0202 0101 0303 0202 0303 0202 0301 0202 0202 0104 0304 0404 0202 0404 0101 0202 0202 0301 0303 0303 0304 0101 0303 0202 0404 0404 0101 0202 0202 0403 0303 0303 0404 0301 0203 0104 0102 0101 0303 0202 
122 , 0203 0103 0303 0202 0303 0202 0303 0202 0202 0101 0304 0204 0202 0104 0101 0202 0202 0301 0303 0304 0303 0401 0303 0202 0404 0404 0101 0303 0202 0303 0303 0303 0401 0101 0203 0401 0202 0101 0302 0202 
123 , 0202 0103 0303 0202 0302 0402 0303 0201 0303 0104 0404 0404 0204 0404 0101 0204 0302 0301 0303 0303 0304 0101 0303 0202 0404 0304 0101 0303 0202 0404 0303 0303 0401 0101 0203 0101 0202 0103 0303 0202 
124 , 0302 0301 0301 0102 0303 0202 0103 0202 0302 0401 0404 0202 0204 0404 0103 0204 0202 0303 0303 0303 0303 0101 0303 0302 0204 0304 0401 0303 0102 0404 0303 0303 0404 0101 0203 0404 0202 0101 0302 0202 
125 , 0202 0103 0101 0202 0303 0202 0303 0202 0202 0101 0404 0202 0404 0404 0103 0202 0303 0303 0202 0303 0303 0401 0303 0202 0204 0404 0101 0303 0202 0403 0303 0303 0404 0101 0303 0104 0202 0101 0202 0202 
126 , 0202 0101 0303 0202 0303 0402 0103 0202 0202 0101 0404 0202 0402 0404 0101 0202 0202 0303 0303 0303 0404 0101 0303 0202 0404 0403 0101 0302 0202 0404 0303 0303 0404 0101 0203 0404 0102 0101 0203 0302 
127 , 0302 0101 0303 0202 0303 0202 0303 0202 0202 0401 0403 0204 0402 0404 0101 0202 0203 0303 0202 0303 0303 0401 0303 0202 0404 0403 0101 0302 0202 0404 0303 0303 0404 0101 0202 0104 0201 0101 0203 0202 
128 , 0302 0303 0101 0102 0303 0202 0303 0102 0302 0401 0404 0204 0202 0404 0101 0402 0202 0303 0303 0303 0403 0401 0303 0202 0204 0404 0101 0303 0202 0404 0303 0103 0404 0101 0203 0401 0202 0101 0203 0202 
129 , 0202 0301 0103 0202 0303 0202 0303 0202 0202 0101 0404 0202 0202 0404 0101 0202 0303 0303 0202 0304 0403 0101 0303 0203 0402 0403 0101 0203 0202 0404 0303 0303 0404 0101 0302 0101 0201 0101 0303 0302 
130 , 0202 0103 0103 0202 0303 0202 0303 0202 0202 0101 0404 0404 0202 0404 0101 0202 0202 0303 0203 0303 0304 0101 0303 0202 0204 0404 0101 0203 0202 0404 0302 0303 0404 0101 0303 0401 0202 0101 0303 0202 
131 , 0202 0101 0303 0202 0303 0202 0303 0202 0203 0401 0304 0204 0204 0404 0101 0202 0202 0303 0303 0304 0303 0101 0303 0203 0204 0404 0101 0203 0202 0304 0302 0303 0404 0101 0203 0101 0202 0101 0203 0202 
132 , 0202 0301 0303 0202 0303 0202 0301 0202 0202 0101 0403 0402 0202 0401 0301 0202 0202 0103 0202 0303 0403 0104 0303 0202 0404 0403 0101 0303 0202 0404 0303 0303 0404 0101 0302 0404 0201 0101 0303 0202 
133 , 0202 0101 0103 0202 0203 0202 0303 0202 0302 0101 0404 0202 0202 0404 0101 0202 0302 0303 0302 0404 0303 0101 0303 0203 0202 0303 0101 0303 0102 0404 0303 0303 0404 0101 0302 0401 0102 0101 0203 0202 
134 , 0202 0101 0303 0202 0203 0202 0303 0202 0302 0401 0403 0202 0202 0404 0103 0202 0203 0303 0302 0303 0303 0101 0303 0202 0402 0404 0101 0203 0202 0404 0303 0103 0404 0101 0202 0101 0202 0101 0203 0202 
135 , 0202 0101 0303 0202 0303 0202 0103 0202 0302 0101 0404 0204 0402 0404 0101 0202 0202 0303 0302 0303 0403 0101 0303 0202 0402 0404 0101 0303 0202 0304 0303 0303 0404 0103 0203 0401 0202 0101 0303 0303 
136 , 0202 0101 0103 0201 0303 0202 0303 0102 0202 0101 0404 0204 0202 0404 0101 0202 0302 0303 0302 0304 0404 0101 0303 0202 0202 0403 0104 0302 0202 0404 0303 0303 0404 0101 0302 0101 0202 0101 0203 0202 
137 , 0202 0103 0101 0202 0303 0202 0303 0202 0202 0101 0404 0202 0202 0404 0101 0204 0202 0303 0302 0303 0303 0101 0303 0202 0402 0404 0101 0203 0202 0404 0302 0303 0404 0103 0202 0401 0202 0301 0302 0202 
138 , 0202 0303 0303 0202 0303 0202 0303 0202 0302 0101 0403 0402 0204 0404 0101 0202 0202 0103 0302 0403 0403 0101 0303 0302 0402 0404 0101 0303 0202 0404 0303 0303 0404 0101 0303 0401 0202 0101 0302 0202 
139 , 0202 0101 0301 0202 0303 0202 0103 0202 0303 0101 0403 0404 0402 0404 0101 0202 0203 0303 0303 0303 0303 0101 0403 0202 0204 0404 0101 0303 0202 0303 0303 0303 0404 0101 0303 0101 0101 0101 0303 0202 
140 , 0202 0101 0101 0202 0302 0202 0301 0102 0202 0104 0404 0202 0402 0404 0101 0202 0303 0303 0302 0303 0303 0101 0303 0202 0404 0404 0101 0303 0202 0304 0303 0301 0404 0101 0202 0101 0202 0303 0202 0202 
141 , 0202 0303 0303 0102 0303 0202 0303 0202 0202 0401 0404 0402 0402 0404 0101 0202 0202 0303 0303 0303 0303 0101 0303 0202 0404 0403 0101 0303 0202 0404 0303 0301 0404 0101 0302 0404 0202 0101 0303 0202 
142 , 0202 0103 0303 0202 0303 0202 0301 0202 0302 0404 0404 0202 0204 0404 0101 0404 0302 0303 0203 0303 0303 0101 0303 0202 0404 0303 0401 0303 0202 0304 0303 0301 0401 0101 0203 0101 0202 0101 0202 0202 
143 , 0202 0101 0303 0202 0303 0202 0303 0202 0302 0404 0404 0204 0202 0404 0101 0202 0303 0303 0303 0303 0303 0101 0304 0202 0404 0404 0104 0303 0202 0304 0303 0303 0404 0101 0202 0104 0202 0301 0203 0302 
144 , 0202 0101 0303 0202 0303 0402 0303 0202 0202 0104 0304 0204 0204 0404 0101 0202 0202 0301 0303 0303 0303 0401 0403 0202 0402 0404 0101 0303 0202 0403 0303 0303 0404 0101 0203 0401 0202 0101 0303 0202 
145 , 0202 0103 0301 0202 0303 0202 0301 0202 0302 0101 0404 0404 0402 0404 0101 0202 0202 0103 0303 0303 0403 0101 0304 0203 0402 0304 0101 0303 0201 0403 0303 0303 0404 0101 0302 0104 0101 0101 0302 0202 
146 , 0202 0101 0303 0201 0303 0202 0303 0202 0203 0101 0404 0204 0402 0404 0101 0204 0202 0301 0302 0303 0404 0101 0304 0202 0404 0403 0104 0303 0202 0303 0303 0103 0401 0101 0202 0104 0202 0301 0303 0202 
147 , 0202 0301 0103 0202 0303 0202 0303 0201 0202 0101 0404 0204 0404 0404 0101 0202 0202 0303 0203 0303 0404 0101 0303 0302 0404 0404 0101 0203 0202 0404 0303 0303 0404 0101 0303 0104 0202 0101 0303 0302 
148 , 0202 0103 0303 0202 0303 0202 0303 0202 0202 0101 0404 0404 0202 0404 0101 0402 0203 0303 0203 0303 0303 0101 0303 0202 0404 0404 0401 0303 0202 0404 0303 0303 0104 0101 0203 0404 0202 0101 0302 0202 
149 , 0202 0303 0303 0202 0203 0202 0303 0202 0303 0401 0304 0202 0202 0404 0101 0202 0202 0303 0302 0303 0304 0101 0303 0202 0402 0304 0101 0303 0102 0304 0302 0103 0404 0101 0303 0101 0202 0101 0203 0203 
150 , 0202 0101 0303 0202 0303 0402 0303 0201 0202 0101 0403 0402 0204 0404 0301 0204 0202 0301 0303 0403 0303 0101 0303 0202 0404 0404 0101 0303 0201 0304 0303 0303 0404 0101 0303 0101 0202 0301 0203 0202 
151 , 0202 0101 0103 0202 0303 0202 0303 0101 0202 0401 0404 0404 0204 0104 0101 0202 0202 0303 0203 0403 0404 0104 0303 0202 0402 0404 0104 0203 0202 0404 0303 0303 0401 0101 0303 0401 0202 0103 0202 0202 
152 , 0202 0103 0303 0202 0303 0202 0303 0202 0202 0404 0404 0404 0204 0404 0101 0204 0202 0301 0303 0303 0403 0101 0303 0202 0202 0404 0401 0303 0201 0404 0303 0303 0404 0101 0303 0104 0202 0101 0203 0202 
153 , 0202 0103 0301 0202 0303 0202 0303 0202 0202 0101 0304 0402 0202 0404 0101 0202 0203 0301 0303 0303 0303 0101 0303 0202 0404 0404 0101 0203 0202 0404 0302 0303 0404 0301 0203 0404 0202 0101 0302 0202 
154 , 0202 0303 0103 0102 0303 0202 0103 0202 0202 0401 0404 0402 0402 0404 0301 0202 0202 0303 0202 0303 0303 0401 0403 0202 0204 0404 0101 0203 0202 0404 0303 0301 0404 0101 0302 0401 0102 0301 0303 0202 
155 , 0202 0303 0303 0202 0303 0202 0301 0202 0203 0401 0404 0404 0202 0404 0101 0202 0302 0303 0302 0303 0303 0101 0303 0202 0404 0403 0101 0303 0202 0404 0303 0303 0404 0101 0303 0101 0201 0103 0303 0202 
156 , 0202 0101 0303 0102 0303 0202 0303 0202 0202 0404 0304 0202 0204 0401 0101 0402 0203 0303 0303 0303 0303 0101 0303 0202 0204 0404 0101 0203 0202 0404 0303 0303 0404 0101 0302 0104 0102 0101 0203 0202 
157 , 0202 0103 0303 0202 0303 0202 0303 0202 0202 0101 0403 0204 0202 0401 0101 0202 0302 0303 0203 0303 0403 0101 0304 0202 0404 0404 0101 0203 0202 0404 0303 0303 0404 0101 0202 0101 0201 0101 0303 0202 
158 , 0302 0103 0103 0201 0303 0204 0303 0202 0203 0401 0404 0402 0204 0404 0103 0402 0303 0303 0302 0303 0403 0401 0303 0202 0404 0404 0101 0302 0102 0404 0302 0301 0404 0101 0303 0401 0202 0101 0203 0202 
159 , 0202 0303 0303 0202 0303 0202 0303 0202 0202 0101 0404 0402 0204 0404 0101 0202 0202 0303 0302 0303 0403 0101 0304 0202 0402 0404 0404 0302 0202 0404 0303 0301 0104 0101 0202 0101 0202 0303 0202 0202 
160 , 0202 0301 0303 0202 0303 0202 0303 0201 0303 0401 0404 0404 0204 0404 0101 0202 0202 0303 0203 0303 0404 0104 0303 0202 0404 0304 0101 0303 0201 0303 0302 0303 0404 0101 0302 0404 0101 0101 0203 0202 
161 , 0203 0101 0303 0102 0303 0202 0303 0202 0202 0104 0304 0202 0202 0404 0103 0204 0203 0103 0302 0304 0404 0101 0303 0202 0404 0404 0401 0303 0102 0304 0303 0301 0404 0101 0202 0104 0102 0101 0202 0302 
162 , 0202 0101 0301 0201 0303 0202 0303 0102 0202 0104 0404 0204 0202 0104 0101 0202 0303 0303 0302 0303 0404 0101 0303 0202 0404 0304 0101 0203 0202 0304 0303 0303 0404 0101 0203 0101 0102 0301 0302 0202 
163 , 0202 0301 0303 0102 0303 0202 0303 0202 0202 0101 0404 0204 0404 0404 0101 0202 0203 0303 0303 0303 0303 0101 0304 0202 0204 0404 0101 0302 0202 0403 0303 0103 0404 0101 0202 0401 0102 0101 0202 0302 
164 , 0202 0103 0303 0202 0303 0202 0303 0102 0202 0104 0404 0402 0204 0401 0101 0202 0202 0303 0303 0303 0303 0101 0303 0203 0404 0404 0101 0302 0202 0404 0303 0303 0404 0101 0202 0404 0101 0101 0303 0202 
165 , 0202 0101 0103 0102 0303 0202 0303 0202 0203 0101 0404 0402 0204 0404 0103 0202 0203 0303 0203 0304 0403 0101 0303 0202 0404 0403 0104 0203 0201 0403 0303 0303 0404 0101 0302 0401 0102 0101 0302 0302 
166 , 0202 0101 0303 0202 0302 0202 0303 0202 0202 0404 0404 0202 0402 0404 0101 0202 0203 0101 0203 0303 0303 0101 0304 0202 0404 0404 0101 0303 0102 0304 0303 0303 0104 0101 0302 0101 0202 0101 0202 0202 
167 , 0202 0101 0301 0201 0303 0202 0303 0201 0202 0101 0404 0202 0402 0404 0101 0202 0303 0303 0203 0303 0303 0101 0303 0202 0202 0404 0101 0303 0202 0403 0303 0303 0404 0101 0202 0104 0202 0301 0302 0202 
168 , 0202 0301 0301 0201 0303 0202 0303 0201 0202 0101 0404 0402 0404 0404 0101 0202 0202 0303 0302 0303 0403 0101 0303 0202 0402 0404 0401 0303 0202 0303 0303 0303 0404 0101 0303 0104 0202 0301 0202 0202 
169 , 0202 0301 0101 0202 0203 0202 0303 0202 0202 0401 0404 0202 0404 0404 0101 0202 0302 0301 0303 0303 0303 0101 0303 0202 0404 0403 0101 0203 0202 0404 0303 0303 0401 0101 0202 0401 0102 0101 0203 0302 
170 , 0202 0103 0103 0201 0303 0202 0303 0201 0202 0404 0404 0202 0202 0404 0101 0202 0302 0303 0303 0303 0403 0101 0303 0202 0202 0404 0101 0302 0202 0404 0303 0303 0404 0103 0302 0101 0202 0101 0203 0203 
171 , 0202 0303 0303 0202 0303 0202 0303 0201 0202 0401 0304 0404 0202 0404 0101 0202 0203 0303 0203 0303 0404 0101 0303 0202 0404 0404 0104 0303 0101 0303 0303 0303 0404 0101 0202 0101 0102 0101 0203 0202 
172 , 0203 0301 0303 0202 0303 0204 0303 0202 0202 0101 0404 0204 0204 0404 0301 0202 0202 0103 0203 0304 0404 0101 0303 0202 0402 0404 0101 0303 0202 0404 0303 0303 0404 0101 0302 0104 0202 0101 0202 0202 
173 , 0202 0101 0303 0102 0303 0202 0303 0202 0202 0101 0404 0202 0202 0404 0101 0202 0302 0103 0302 0303 0404 0101 0303 0202 0202 0404 0101 0303 0202 0404 0303 0303 0404 0103 0203 0101 0202 0101 0303 0203 
174 , 0202 0101 0303 0201 0303 0202 0303 0202 0202 0101 0404 0402 0202 0404 0101 0202 0202 0303 0202 0303 0403 0101 0303 0202 0204 0404 0101 0302 0202 0404 0303 0301 0404 0101 0303 0404 0202 0101 0303 0202 
175 , 0203 0103 0301 0202 0303 0402 0303 0202 0303 0101 0404 0402 0204 0404 0101 0202 0302 0303 0303 0403 0303 0101 0304 0202 0404 0304 0401 0302 0202 0404 0303 0303 0404 0101 0202 0104 0102 0101 0303 0202 
176 , 0302 0301 0303 0202 0303 0202 0103 0202 0202 0101 0404 0402 0202 0404 0101 0202 0202 0303 0303 0403 0303 0101 0303 0202 0402 0404 0101 0303 0202 0304 0303 0303 0104 0101 0303 0101 0102 0103 0303 0202 
177 , 0202 0103 0303 0201 0303 0204 0301 0202 0202 0404 0404 0202 0404 0404 0101 0202 0202 0303 0203 0303 0404 0101 0304 0202 0402 0404 0101 0303 0202 0404 0303 0303 0404 0101 0202 0101 0202 0101 0303 0202 
178 , 0202 0101 0303 0202 0303 0202 0303 0202 0202 0101 0403 0404 0402 0401 0101 0202 0202 0303 0303 0303 0303 0101 0304 0202 0404 0404 0101 0203 0202 0404 0303 0303 0404 0101 0203 0101 0101 0101 0303 0202 
179 , 0202 0103 0303 0201 0303 0202 0103 0202 0202 0101 0404 0202 0202 0404 0103 0202 0203 0303 0303 0303 0303 0101 0303 0202 0204 0404 0101 0303 0202 0303 0202 0303 0404 0101 0203 0104 0102 0301 0203 0203 
180 , 0202 0101 0101 0202 0303 0202 0301 0202 0302 0101 0404 0402 0204 0104 0101 0202 0302 0303 0303 0303 0403 0101 0303 0202 0204 0404 0101 0303 0202 0404 0303 0303 0404 0101 0202 0101 0201 0101 0303 0202 
181 , 0202 0301 0103 0201 0303 0202 0303 0102 0203 0401 0403 0204 0202 0404 0101 0202 0203 0303 0303 0403 0303 0101 0303 0202 0404 0404 0101 0303 0202 0404 0303 0303 0404 0101 0303 0401 0202 0101 0303 0202 
182 , 0202 0103 0303 0202 0203 0202 0303 0202 0302 0101 0304 0402 0204 0404 0101 0202 0202 0301 0203 0303 0303 0101 0303 0202 0404 0404 0101 0303 0101 0304 0303 0303 0104 0101 0203 0101 0202 0301 0203 0202 
183 , 0203 0101 0303 0102 0303 0202 0301 0201 0202 0101 0304 0202 0402 0404 0101 0202 0203 0101 0303 0303 0404 0101 0303 0202 0404 0403 0401 0303 0102 0304 0303 0303 0404 0101 0203 0401 0201 0101 0303 0202 
184 , 0202 0101 0303 0202 0303 0202 0303 0102 0203 0104 0304 0404 0204 0404 0101 0202 0303 0303 0303 0403 0403 0101 0303 0202 0402 0404 0101 0303 0202 0304 0303 0303 0104 0101 0202 0401 0202 0301 0203 0202 
185 , 0202 0103 0303 0202 0303 0202 0303 0102 0303 0401 0304 0204 0202 0404 0101 0202 0202 0303 0303 0303 0304 0101 0303 0202 0404 0404 0101 0303 0202 0304 0303 0303 0404 0101 0203 0404 0101 0101 0303 0202 
186 , 0202 0101 0303 0102 0303 0202 0303 0202 0203 0101 0404 0204 0402 0404 0101 0202 0202 0301 0303 0303 0404 0101 0303 0202 0402 0404 0401 0303 0102 0404 0303 0303 0404 0101 0303 0404 0201 0101 0202 0302 
187 , 0202 0103 0303 0202 0303 0202 0303 0202 0202 0401 0404 0404 0204 0404 0101 0204 0202 0303 0202 0303 0404 0101 0304 0302 0204 0404 0101 0303 0202 0404 0303 0301 0404 0103 0303 0404 0202 0101 0302 0202 
188 , 0202 0101 0301 0102 0303 0202 0303 0202 0202 0101 0403 0404 0202 0401 0101 0202 0202 0303 0302 0303 0403 0101 0303 0202 0404 0303 0101 0303 0202 0404 0303 0303 0404 0101 0302 0401 0201 0101 0303 0202 
189 , 0202 0103 0303 0202 0303 0204 0103 0202 0202 0104 0303 0402 0202 0404 0101 0202 0202 0303 0302 0303 0304 0101 0303 0202 0204 0404 0101 0303 0202 0404 0303 0303 0401 0101 0203 0101 0202 0101 0202 0202 
190 , 0202 0103 0101 0201 0303 0202 0103 0202 0302 0101 0404 0402 0204 0404 0101 0202 0202 0103 0302 0303 0303 0101 0403 0202 0204 0404 0101 0303 0202 0404 0302 0103 0404 0101 0302 0401 0202 0101 0202 0202 
191 , 0202 0103 0303 0101 0303 0202 0303 0201 0302 0401 0403 0202 0202 0404 0101 0202 0302 0303 0303 0303 0304 0401 0303 0202 0402 0404 0101 0303 0202 0403 0303 0301 0104 0101 0303 0104 0202 0101 0203 0202 
192 , 0202 0101 0303 0202 0302 0202 0303 0102 0202 0404 0404 0202 0204 0404 0101 0202 0302 0301 0202 0303 0303 0101 0304 0202 0404 0404 0101 0303 0102 0303 0303 0103 0404 0101 0202 0101 0202 0101 0302 0202 
193 , 0202 0101 0303 0102 0303 0202 0101 0102 0303 0101 0404 0202 0204 0404 0103 0202 0302 0303 0303 0303 0404 0401 0303 0203 0204 0403 0101 0303 0201 0304 0303 0103 0404 0101 0202 0401 0202 0101 0202 0202 
194 , 0202 0103 0103 0202 0303 0202 0301 0202 0202 0404 0404 0204 0404 0404 0101 0202 0202 0303 0202 0303 0303 0101 0303 0202 0204 0404 0401 0303 0202 0404 0203 0303 0104 0101 0302 0104 0202 0101 0303 0202 
195 , 0202 0103 0301 0201 0303 0402 0303 0202 0202 0101 0404 0202 0204 0404 0101 0202 0202 0303 0202 0303 0403 0101 0303 0202 0404 0404 0404 0203 0102 0404 0303 0303 0404 0301 0302 0404 0102 0101 0202 0202 
196 , 0202 0103 0103 0102 0303 0202 0303 0201 0202 0101 0304 0202 0204 0404 0101 0402 0303 0303 0303 0303 0304 0101 0303 0202 0404 0404 0101 0303 0102 0404 0303 0303 0404 0301 0202 0401 0201 0301 0302 0202 
197 , 0202 0103 0303 0102 0303 0202 0303 0202 0202 0101 0303 0402 0404 0404 0101 0202 0203 0303 0202 0403 0403 0401 0403 0202 0404 0404 0101 0303 0202 0304 0303 0303 0104 0101 0202 0401 0202 0101 0303 0202 
198 , 0202 0101 0301 0101 0303 0202 0303 0201 0202 0101 0404 0404 0402 0404 0301 0202 0202 0303 0302 0303 0303 0101 0304 0202 0402 0304 0101 0303 0202 0303 0303 0303 0404 0101 0202 0401 0102 0301 0202 0202 
199 , 0203 0103 0103 0202 0303 0202 0303 0202 0302 0101 0404 0404 0204 0404 0101 0202 0203 0301 0203 0404 0303 0101 0304 0202 0204 0304 0401 0303 0202 0404 0303 0303 0404 0101 0303 0101 0202 0101 0302 0202 
200 , 0202 0103 0103 0202 0303 0202 0303 0202 0302 0101 0304 0202 0402 0404 0101 0202 0202 0303 0202 0303 0403 0101 0303 0202 0404 0304 0101 0303 0202 0404 0303 0303 0404 0101 0303 0101 0202 0101 0303 0202 
