Generated genotype output
1
2
3
4
5
6
7
8
9
10
11
12
13
14
15
16
17
18
19
20
21
22
23
24
25
26
27
28
29
30
31
32
33
34
35
36
37
38
39
40
41
42
43
44
45
46
47
48
49
50
51
52
53
54
55
56
57
58
59
60
61
62
63
64
65
66
67
68
69
70
71
72
73
74
75
76
77
78
79
80
Pop
1 , 0103 0301 0403 0103 0403 0303 0303 0104 0202 0402 0102 0103 0304 0203 0201 0401 0202 0104 0204 0403 0404 0104 0304 0401 0301 0103 0304 0401 0303 0401 0303 0301 0102 0303 0101 0203 0301 0302 0101 0101 0304 0303 0303 0302 0402 0104 0401 0201 0203 0304 0302 0104 0202 0201 0402 0404 0404 0403 0203 0404 0102 0102 0403 0304 0103 0304 0103 0403 0104 0203 0301 0102 0203
2 , 0103 0201 0404 0103 0203 0303 0303 0204 0202 0402 0101 0102 0304 0203 0201 0401 0202 0104 0204 0403 0404 0104 0304 0401 0301 0104 0304 0401 0303 0401 0303 0301 0402 0303 0102 0203 0301 0302 0204 0101 0403 0304 0303 0302 0401 0204 0304 0203 0404 0402 0302 0204 0202 0202 0302 0104 0104 0401 0101 0204 0103 0301 0403 0303 0203 0303 0102 0403 0104 0201 0201 0102 0302
3 , 0103 0201 0403 0103 0403 0303 0303 0204 0202 0402 0102 0103 0304 0203 0201 0401 0202 0104 0204 0403 0404 0104 0304 0401 0301 0104 0304 0401 0303 0401 0303 0301 0102 0303 0101 0203 0301 0302 0101 0103 0302 0303 0201 0302 0403 0204 0401 0401 0204 0402 0301 0304 0102 0202 0402 0403 0304 0401 0401 0404 0103 0301 0403 0403 0103 0304 0102 0403 0101 0203 0201 0102 0202
4 , 0303 0201 0404 0103 0202 0303 0303 0204 0202 0402 0101 0102 0304 0203 0201 0401 0202 0104 0204 0303 0404 0104 0304 0401 0301 0104 0304 0401 0303 0401 0303 0301 0402 0303 0101 0203 0301 0302 0102 0103 0302 0403 0201 0302 0403 0204 0401 0201 0404 0402 0301 0304 0102 0102 0404 0403 0304 0401 0401 0404 0203 0301 0403 0403 0103 0304 0102 0403 0101 0203 0201 0102 0302
5 , 0103 0201 0404 0103 0203 0303 0303 0204 0202 0402 0101 0102 0304 0203 0201 0401 0202 0104 0204 0403 0404 0104 0304 0401 0301 0104 0304 0401 0303 0401 0303 0301 0402 0303 0102 0203 0301 0402 0404 0101 0403 0304 0302 0302 0101 0204 0404 0203 0404 0402 0302 0204 0202 0202 0302 0104 0102 0401 0101 0104 0103 0301 0403 0403 0203 0304 0302 0403 0104 0203 0201 0102 0302
6 , 0303 0201 0404 0103 0203 0303 0303 0204 0202 0402 0101 0102 0304 0203 0201 0401 0202 0104 0204 0403 0404 0104 0304 0401 0301 0104 0304 0403 0303 0401 0303 0301 0402 0303 0101 0203 0301 0402 0104 0101 0403 0304 0302 0302 0101 0204 0404 0203 0404 0403 0302 0204 0202 0202 0302 0104 0102 0401 0101 0104 0103 0301 0403 0403 0203 0304 0302 0403 0104 0203 0201 0102 0302
7 , 0103 0201 0404 0103 0203 0303 0303 0204 0202 0402 0102 0102 0304 0203 0401 0401 0202 0104 0204 0403 0404 0104 0304 0401 0301 0104 0304 0401 0303 0401 0303 0301 0402 0303 0101 0203 0301 0402 0404 0101 0403 0304 0302 0302 0101 0204 0404 0203 0404 0403 0302 0204 0202 0202 0302 0104 0102 0401 0101 0104 0103 0301 0403 0403 0203 0304 0302 0403 0104 0203 0201 0102 0302
8 , 0103 0201 0101 0103 0403 0303 0303 0204 0201 0404 0102 0102 0303 0403 0201 0402 0202 0104 0204 0404 0404 0302 0304 0401 0201 0204 0303 0401 0303 0401 0304 0301 0402 0303 0101 0202 0301 0302 0104 0401 0302 0303 0303 0302 0402 0204 0201 0201 0202 0402 0303 0104 0202 0201 0402 0404 0304 0401 0403 0404 0103 0101 0403 0404 0103 0304 0103 0303 0104 0103 0301 0102 0303
9 , 0103 0201 0404 0103 0203 0303 0303 0204 0202 0402 0302 0102 0304 0203 0201 0401 0202 0104 0204 0303 0404 0104 0304 0401 0301 0304 0304 0401 0303 0401 0303 0301 0402 0303 0101 0203 0301 0302 0104 0401 0302 0303 0303 0302 0402 0204 0201 0101 0203 0402 0302 0104 0102 0201 0402 0404 0304 0401 0403 0404 0103 0101 0403 0404 0103 0304 0103 0303 0104 0203 0301 0202 0303
10 , 0103 0201 0404 0103 0203 0303 0303 0204 0202 0402 0101 0102 0304 0203 0201 0401 0202 0104 0204 0403 0404 0104 0304 0401 0301 0104 0304 0101 0303 0401 0303 0301 0402 0303 0101 0203 0301 0302 0104 0401 0302 0303 0303 0302 0402 0204 0201 0201 0203 0402 0302 0104 0102 0201 0202 0404 0304 0401 0403 0404 0103 0101 0403 0404 0103 0304 0103 0303 0104 0203 0301 0102 0303
11 , 0103 0201 0404 0103 0203 0303 0303 0204 0202 0402 0102 0102 0304 0203 0201 0401 0202 0104 0204 0403 0404 0104 0304 0401 0301 0104 0304 0401 0303 0401 0303 0301 0402 0303 0101 0203 0301 0302 0104 0401 0302 0303 0303 0302 0402 0204 0201 0101 0203 0402 0302 0104 0102 0201 0402 0404 0304 0401 0403 0404 0103 0101 0403 0404 0103 0304 0103 0303 0104 0203 0301 0202 0303
12 , 0101 0201 0401 0203 0203 0303 0303 0204 0403 0302 0102 0102 0304 0201 0201 0401 0102 0104 0202 0404 0404 0104 0304 0401 0301 0103 0304 0401 0303 0401 0304 0301 0302 0303 0101 0203 0301 0302 0102 0101 0304 0303 0303 0302 0402 0204 0401 0201 0203 0104 0302 0104 0202 0201 0402 0404 0404 0403 0203 0401 0102 0101 0403 0304 0103 0304 0103 0403 0104 0203 0301 0102 0203
13 , 0103 0201 0404 0103 0203 0303 0303 0204 0202 0402 0102 0102 0204 0203 0301 0402 0202 0104 0204 0403 0404 0104 0304 0401 0301 0104 0304 0401 0303 0401 0303 0301 0401 0303 0101 0203 0301 0302 0104 0401 0302 0303 0303 0302 0402 0204 0201 0101 0203 0402 0302 0104 0102 0201 0402 0404 0304 0401 0403 0404 0103 0101 0403 0404 0103 0304 0103 0303 0104 0203 0301 0202 0303
14 , 0103 0201 0403 0103 0403 0303 0303 0204 0202 0402 0102 0103 0304 0203 0201 0401 0202 0104 0204 0403 0404 0104 0304 0401 0301 0104 0304 0401 0303 0401 0303 0301 0102 0303 0101 0203 0301 0402 0404 0101 0403 0304 0302 0302 0101 0204 0404 0203 0404 0402 0302 0204 0202 0202 0302 0104 0102 0401 0101 0104 0103 0301 0403 0403 0203 0304 0302 0403 0104 0203 0201 0102 0302
15 , 0103 0201 0201 0103 0403 0303 0303 0204 0202 0404 0102 0102 0301 0403 0201 0402 0202 0101 0204 0404 0404 0302 0304 0101 0201 0104 0303 0401 0303 0401 0304 0301 0402 0303 0101 0203 0301 0302 0104 0401 0302 0303 0303 0302 0401 0204 0201 0201 0203 0402 0302 0404 0102 0201 0202 0404 0304 0401 0403 0404 0103 0101 0403 0404 0103 0304 0103 0303 0104 0203 0301 0102 0303
16 , 0103 0201 0403 0103 0403 0303 0303 0204 0202 0402 0102 0103 0304 0203 0201 0401 0202 0104 0204 0403 0404 0104 0304 0401 0301 0104 0304 0401 0303 0401 0303 0301 0102 0303 0101 0203 0301 0302 0101 0101 0304 0303 0303 0302 0402 0104 0401 0201 0203 0304 0302 0104 0202 0201 0402 0404 0404 0403 0203 0404 0102 0102 0403 0304 0103 0304 0103 0403 0104 0203 0301 0102 0203
17 , 0103 0201 0201 0103 0403 0303 0303 0204 0202 0404 0102 0102 0303 0403 0201 0402 0202 0104 0204 0404 0403 0302 0304 0401 0201 0104 0303 0402 0303 0401 0301 0301 0402 0303 0201 0202 0401 0302 0104 0401 0302 0303 0303 0302 0402 0104 0201 0201 0202 0402 0303 0104 0202 0201 0402 0404 0304 0401 0403 0404 0103 0101 0403 0404 0103 0304 0103 0303 0104 0103 0301 0102 0303
18 , 0103 0201 0101 0103 0403 0303 0303 0204 0201 0404 0102 0102 0303 0403 0201 0402 0202 0104 0204 0404 0404 0302 0304 0401 0201 0204 0303 0401 0303 0401 0304 0301 0402 0303 0101 0202 0301 0402 0404 0101 0403 0304 0302 0302 0101 0204 0404 0203 0404 0402 0302 0204 0202 0202 0302 0104 0102 0401 0101 0104 0103 0301 0403 0403 0203 0304 0302 0403 0104 0203 0201 0102 0302
19 , 0103 0201 0403 0103 0403 0303 0303 0204 0202 0402 0102 0103 0304 0203 0201 0301 0202 0304 0204 0403 0404 0104 0304 0401 0301 0104 0304 0401 0303 0401 0303 0301 0102 0303 0301 0302 0301 0302 0104 0401 0302 0303 0303 0302 0402 0204 0201 0101 0203 0402 0302 0104 0102 0201 0402 0404 0304 0401 0403 0404 0103 0101 0403 0404 0103 0304 0103 0303 0104 0103 0301 0202 0303
20 , 0101 0201 0401 0203 0203 0303 0303 0204 0403 0302 0102 0102 0304 0204 0201 0401 0102 0104 0202 0404 0404 0104 0304 0401 0301 0103 0304 0401 0303 0401 0304 0301 0302 0303 0101 0203 0301 0302 0104 0301 0304 0303 0303 0302 0402 0204 0201 0201 0303 0402 0302 0104 0102 0201 0402 0404 0304 0401 0403 0404 0103 0101 0403 0404 0103 0304 0103 0303 0101 0203 0301 0102 0303
21 , 0103 0201 0404 0103 0203 0303 0303 0204 0202 0402 0101 0102 0304 0203 0201 0401 0202 0104 0203 0403 0404 0104 0304 0401 0301 0104 0304 0401 0303 0401 0303 0301 0402 0303 0102 0203 0301 0302 0104 0401 0302 0303 0303 0302 0402 0204 0201 0201 0203 0402 0202 0104 0102 0201 0202 0404 0304 0401 0403 0404 0103 0102 0403 0404 0103 0304 0103 0303 0104 0203 0301 0102 0303
22 , 0103 0201 0404 0103 0203 0303 0303 0203 0202 0402 0101 0102 0304 0203 0201 0401 0202 0104 0204 0403 0404 0104 0304 0401 0301 0104 0304 0401 0303 0401 0303 0301 0402 0303 0101 0203 0301 0302 0104 0301 0304 0303 0303 0302 0402 0204 0201 0201 0303 0402 0302 0104 0102 0201 0402 0404 0304 0401 0403 0404 0103 0101 0403 0404 0103 0304 0103 0303 0101 0203 0301 0102 0303
23 , 0103 0201 0201 0103 0403 0303 0303 0204 0202 0404 0102 0102 0301 0403 0201 0402 0202 0104 0204 0404 0404 0302 0304 0101 0201 0104 0303 0401 0303 0401 0304 0301 0402 0303 0101 0202 0301 0302 0104 0301 0304 0303 0303 0302 0402 0204 0201 0202 0303 0402 0302 0104 0102 0201 0402 0404 0304 0401 0403 0404 0103 0101 0403 0404 0103 0304 0103 0303 0101 0203 0301 0102 0303
24 , 0103 0201 0404 0203 0203 0303 0303 0204 0202 0402 0102 0102 0304 0203 0201 0401 0202 0104 0204 0403 0404 0104 0304 0401 0301 0104 0304 0401 0303 0401 0303 0301 0402 0303 0101 0203 0301 0302 0104 0301 0304 0303 0303 0302 0402 0204 0201 0201 0303 0402 0302 0104 0102 0301 0402 0404 0304 0401 0403 0404 0103 0101 0403 0404 0103 0304 0103 0303 0101 0203 0301 0102 0303
25 , 0103 0201 0403 0103 0403 0303 0303 0204 0202 0402 0102 0103 0304 0203 0201 0401 0202 0104 0204 0403 0404 0104 0304 0401 0301 0104 0304 0401 0303 0401 0303 0301 0102 0303 0101 0203 0301 0302 0102 0301 0304 0303 0303 0301 0402 0204 0201 0401 0303 0402 0302 0104 0102 0201 0402 0404 0304 0401 0403 0404 0103 0101 0403 0404 0103 0304 0103 0203 0101 0203 0301 0102 0303
26 , 0104 0204 0401 0104 0303 0403 0203 0201 0102 0404 0402 0304 0404 0303 0202 0402 0202 0203 0201 0401 0204 0101 0101 0401 0303 0104 0304 0302 0303 0403 0204 0301 0402 0302 0101 0203 0201 0302 0101 0103 0302 0303 0201 0302 0403 0204 0401 0401 0204 0402 0301 0304 0102 0202 0402 0403 0304 0401 0401 0404 0103 0301 0403 0403 0103 0304 0102 0403 0101 0203 0201 0102 0202
27 , 0103 0201 0201 0303 0203 0302 0103 0204 0302 0404 0102 0104 0404 0203 0103 0401 0201 0204 0404 0303 0404 0104 0104 0402 0303 0104 0301 0301 0303 0401 0204 0301 0102 0302 0101 0203 0201 0302 0104 0401 0302 0303 0303 0302 0402 0204 0201 0201 0203 0402 0302 0104 0102 0201 0402 0404 0304 0401 0403 0403 0103 0101 0402 0404 0103 0303 0103 0303 0104 0203 0301 0102 0303
28 , 0103 0201 0404 0103 0203 0303 0303 0204 0201 0402 0102 0102 0204 0203 0301 0402 0202 0104 0204 0403 0404 0104 0304 0401 0301 0104 0304 0401 0303 0401 0303 0301 0401 0303 0101 0203 0301 0302 0104 0401 0302 0303 0303 0302 0402 0204 0201 0201 0203 0402 0302 0104 0102 0201 0402 0404 0304 0401 0403 0403 0103 0101 0403 0404 0103 0304 0103 0303 0104 0203 0301 0102 0303
29 , 0103 0201 0403 0103 0403 0303 0303 0204 0202 0402 0102 0103 0304 0203 0201 0401 0202 0104 0204 0403 0404 0104 0304 0401 0301 0104 0304 0401 0303 0401 0303 0301 0102 0303 0101 0202 0301 0402 0404 0101 0403 0304 0302 0302 0101 0204 0404 0203 0404 0403 0302 0204 0202 0202 0302 0104 0102 0401 0101 0104 0103 0301 0403 0403 0203 0304 0302 0403 0104 0203 0201 0102 0302
30 , 0101 0201 0401 0203 0203 0303 0303 0204 0403 0302 0102 0102 0304 0204 0201 0401 0102 0104 0202 0404 0404 0104 0304 0401 0301 0103 0304 0401 0303 0401 0304 0301 0302 0303 0101 0203 0301 0302 0104 0401 0302 0303 0303 0302 0402 0204 0201 0201 0203 0402 0302 0104 0102 0201 0402 0404 0304 0401 0403 0403 0103 0101 0403 0404 0103 0304 0103 0303 0104 0203 0301 0102 0303
31 , 0103 0201 0403 0103 0403 0303 0303 0204 0202 0402 0102 0203 0304 0203 0201 0401 0202 0104 0204 0403 0404 0104 0304 0401 0301 0104 0304 0401 0303 0401 0303 0301 0102 0303 0101 0203 0301 0302 0104 0401 0302 0303 0303 0302 0402 0204 0401 0101 0203 0402 0302 0104 0102 0201 0402 0404 0304 0401 0403 0404 0103 0101 0403 0404 0103 0304 0103 0303 0104 0203 0301 0102 0303
32 , 0103 0201 0404 0103 0203 0303 0303 0204 0202 0402 0102 0102 0304 0203 0201 0301 0202 0104 0204 0403 0404 0104 0304 0301 0304 0104 0204 0401 0303 0401 0303 0301 0402 0303 0101 0203 0301 0302 0102 0103 0302 0403 0201 0302 0403 0204 0401 0201 0404 0402 0301 0304 0102 0102 0404 0403 0304 0401 0401 0404 0203 0301 0403 0403 0103 0304 0102 0403 0101 0203 0201 0102 0302
33 , 0103 0201 0404 0103 0203 0303 0303 0204 0202 0402 0101 0102 0304 0203 0201 0401 0202 0104 0204 0403 0404 0104 0304 0401 0301 0104 0304 0401 0303 0401 0303 0301 0402 0303 0102 0203 0301 0302 0204 0101 0403 0304 0303 0302 0401 0204 0304 0203 0404 0402 0302 0204 0202 0202 0302 0104 0104 0401 0101 0204 0103 0301 0403 0303 0203 0303 0102 0403 0104 0201 0201 0102 0302
34 , 0103 0401 0201 0103 0403 0303 0303 0204 0202 0404 0102 0302 0303 0403 0201 0402 0202 0104 0204 0404 0404 0302 0304 0401 0201 0104 0303 0401 0303 0401 0304 0301 0402 0303 0101 0202 0301 0302 0104 0401 0302 0303 0303 0302 0402 0204 0201 0101 0203 0402 0302 0104 0102 0201 0402 0404 0304 0401 0403 0404 0103 0101 0403 0404 0103 0304 0103 0303 0104 0103 0301 0202 0303
35 , 0104 0204 0401 0104 0303 0403 0203 0201 0102 0404 0402 0304 0404 0203 0202 0402 0202 0203 0201 0401 0204 0101 0101 0401 0303 0104 0304 0302 0303 0403 0204 0301 0402 0302 0101 0203 0201 0402 0404 0101 0403 0304 0302 0302 0101 0204 0404 0203 0404 0402 0302 0204 0202 0202 0302 0104 0102 0401 0101 0104 0103 0301 0403 0403 0203 0304 0302 0403 0104 0203 0201 0102 0302
36 , 0101 0201 0401 0203 0203 0303 0303 0204 0403 0302 0102 0102 0304 0201 0201 0401 0102 0104 0202 0404 0404 0104 0304 0401 0301 0103 0304 0401 0303 0401 0304 0301 0302 0303 0101 0203 0301 0302 0104 0301 0304 0303 0303 0302 0402 0204 0201 0201 0303 0402 0302 0104 0102 0201 0402 0404 0304 0401 0403 0404 0103 0101 0403 0404 0103 0304 0103 0303 0101 0203 0301 0102 0303
37 , 0103 0201 0404 0103 0203 0303 0303 0204 0202 0402 0302 0102 0304 0203 0201 0401 0202 0104 0204 0303 0404 0104 0304 0401 0301 0304 0304 0401 0303 0401 0303 0301 0402 0303 0101 0203 0301 0302 0104 0401 0302 0303 0303 0302 0402 0204 0201 0201 0202 0402 0303 0104 0202 0201 0402 0404 0304 0401 0403 0404 0103 0101 0403 0404 0103 0304 0103 0303 0104 0103 0301 0102 0303
38 , 0103 0201 0404 0103 0203 0303 0303 0204 0202 0402 0101 0102 0304 0203 0201 0401 0202 0104 0204 0403 0404 0104 0304 0401 0301 0104 0304 0401 0303 0401 0303 0301 0402 0303 0102 0203 0301 0302 0104 0301 0304 0303 0303 0302 0402 0204 0201 0201 0303 0402 0303 0104 0102 0201 0402 0404 0304 0401 0403 0404 0103 0101 0403 0404 0103 0304 0101 0303 0101 0203 0301 0103 0303
39 , 0103 0202 0401 0104 0303 0403 0303 0204 0102 0403 0402 0304 0404 0203 0202 0402 0202 0203 0201 0401 0404 0101 0102 0401 0303 0104 0303 0302 0303 0301 0204 0301 0402 0102 0101 0203 0201 0302 0104 0301 0304 0303 0303 0302 0402 0204 0201 0201 0303 0402 0302 0103 0102 0203 0402 0404 0304 0401 0403 0404 0103 0101 0403 0404 0103 0304 0103 0303 0101 0203 0303 0103 0203
40 , 0104 0204 0401 0104 0303 0403 0203 0201 0102 0404 0402 0304 0404 0203 0202 0402 0202 0203 0201 0401 0204 0101 0101 0401 0303 0104 0304 0302 0303 0403 0204 0301 0402 0302 0101 0203 0201 0302 0104 0404 0302 0303 0303 0302 0402 0204 0201 0201 0203 0402 0302 0104 0102 0201 0402 0404 0304 0401 0403 0404 0103 0101 0403 0404 0103 0304 0103 0303 0104 0203 0301 0102 0303
41 , 0103 0201 0403 0103 0403 0303 0303 0204 0202 0402 0102 0103 0304 0203 0201 0401 0203 0104 0204 0403 0404 0104 0304 0401 0301 0104 0304 0401 0303 0401 0303 0301 0102 0303 0101 0203 0301 0302 0102 0103 0302 0403 0202 0302 0403 0204 0401 0201 0404 0402 0301 0304 0102 0102 0404 0403 0304 0401 0401 0404 0203 0301 0403 0403 0103 0304 0102 0403 0101 0203 0201 0102 0302
42 , 0103 0201 0404 0103 0203 0303 0303 0204 0202 0402 0102 0102 0304 0203 0201 0401 0202 0104 0204 0403 0404 0104 0304 0401 0301 0104 0304 0401 0303 0401 0303 0301 0402 0303 0101 0203 0301 0402 0404 0101 0403 0304 0302 0302 0101 0204 0404 0203 0404 0402 0302 0204 0202 0202 0302 0104 0102 0401 0101 0104 0103 0301 0403 0403 0203 0304 0302 0403 0104 0203 0201 0102 0302
43 , 0103 0201 0403 0103 0403 0303 0303 0104 0202 0402 0102 0103 0304 0203 0201 0401 0202 0104 0204 0403 0404 0104 0304 0401 0301 0104 0304 0401 0303 0401 0303 0301 0102 0303 0101 0203 0301 0302 0101 0103 0302 0303 0201 0302 0403 0204 0401 0201 0204 0402 0301 0304 0102 0202 0402 0403 0304 0401 0401 0404 0103 0301 0403 0403 0103 0304 0102 0403 0101 0203 0201 0102 0202
44 , 0103 0201 0101 0303 0203 0302 0103 0204 0302 0404 0102 0102 0404 0203 0103 0401 0202 0204 0204 0303 0404 0104 0104 0401 0403 0104 0304 0301 0303 0401 0204 0301 0102 0302 0101 0202 0201 0302 0104 0401 0302 0303 0303 0302 0402 0204 0201 0101 0203 0402 0302 0104 0102 0201 0402 0404 0304 0401 0403 0404 0103 0101 0403 0404 0103 0304 0103 0303 0104 0203 0301 0202 0303
45 , 0103 0201 0201 0103 0403 0303 0303 0204 0202 0404 0102 0102 0301 0403 0201 0402 0202 0104 0204 0404 0404 0302 0304 0101 0201 0104 0303 0401 0303 0401 0304 0301 0402 0303 0101 0202 0301 0302 0104 0401 0302 0303 0303 0302 0402 0204 0201 0201 0202 0402 0303 0104 0202 0201 0402 0404 0304 0401 0403 0404 0103 0101 0403 0404 0103 0304 0103 0303 0104 0103 0301 0102 0303
46 , 0303 0201 0404 0103 0203 0303 0303 0204 0202 0402 0101 0102 0304 0203 0201 0401 0202 0104 0204 0403 0404 0104 0304 0401 0301 0104 0304 0401 0303 0401 0303 0301 0402 0303 0101 0203 0301 0302 0104 0401 0302 0303 0303 0302 0402 0204 0201 0101 0203 0402 0302 0104 0102 0201 0402 0404 0304 0401 0403 0404 0103 0101 0403 0404 0103 0304 0103 0303 0104 0203 0301 0202 0303
47 , 0103 0201 0403 0103 0403 0303 0303 0204 0202 0402 0102 0203 0304 0203 0201 0401 0202 0104 0204 0403 0404 0104 0304 0401 0301 0104 0304 0401 0303 0401 0303 0301 0102 0303 0101 0203 0301 0302 0102 0103 0302 0303 0201 0302 0403 0204 0401 0201 0404 0402 0301 0304 0102 0102 0404 0403 0304 0401 0401 0404 0203 0301 0403 0403 0103 0304 0102 0403 0101 0203 0201 0102 0302
48 , 0103 0201 0404 0103 0203 0303 0303 0204 0202 0402 0101 0102 0304 0204 0201 0401 0202 0104 0204 0403 0404 0104 0304 0401 0301 0104 0304 0401 0303 0401 0303 0301 0402 0303 0102 0203 0301 0302 0104 0401 0302 0303 0303 0302 0402 0204 0203 0201 0203 0402 0302 0104 0102 0201 0402 0403 0304 0401 0403 0404 0103 0103 0403 0404 0103 0304 0103 0303 0104 0203 0301 0102 0303
49 , 0103 0201 0404 0103 0203 0303 0303 0204 0202 0402 0102 0102 0304 0203 0401 0401 0202 0104 0204 0403 0404 0104 0304 0401 0301 0104 0304 0401 0303 0401 0303 0301 0402 0303 0101 0203 0301 0402 0404 0101 0403 0304 0302 0302 0101 0204 0404 0203 0404 0402 0302 0204 0202 0202 0302 0104 0102 0401 0101 0104 0103 0301 0403 0403 0203 0304 0302 0403 0104 0203 0201 0102 0302
50 , 0103 0201 0404 0103 0203 0303 0303 0204 0202 0404 0101 0102 0304 0203 0201 0401 0202 0104 0204 0403 0404 0104 0304 0401 0301 0104 0304 0401 0303 0401 0303 0301 0402 0303 0101 0203 0301 0302 0104 0301 0304 0303 0303 0302 0402 0204 0201 0201 0301 0402 0302 0102 0102 0201 0302 0404 0304 0401 0403 0404 0101 0101 0403 0404 0101 0304 0103 0303 0101 0203 0301 0102 0303
51 , 0103 0201 0404 0103 0203 0303 0303 0204 0202 0402 0102 0102 0304 0203 0201 0401 0202 0104 0204 0403 0404 0104 0304 0401 0301 0104 0304 0401 0303 0401 0303 0301 0402 0303 0101 0203 0301 0302 0104 0401 0302 0303 0303 0302 0402 0204 0201 0201 0203 0402 0302 0104 0102 0201 0402 0404 0304 0401 0403 0404 0103 0101 0403 0404 0103 0304 0103 0303 0104 0203 0301 0102 0303
52 , 0103 0201 0404 0103 0203 0303 0303 0204 0202 0402 0102 0102 0304 0203 0201 0301 0202 0104 0204 0403 0404 0104 0304 0301 0304 0104 0204 0401 0303 0401 0303 0301 0402 0303 0101 0203 0301 0402 0404 0101 0403 0304 0302 0302 0101 0204 0404 0203 0404 0403 0302 0204 0202 0202 0302 0304 0102 0401 0101 0104 0103 0301 0403 0403 0203 0304 0302 0403 0104 0203 0201 0102 0302
53 , 0103 0201 0404 0103 0203 0303 0303 0204 0202 0402 0302 0102 0304 0203 0201 0401 0202 0104 0204 0303 0404 0104 0304 0401 0301 0204 0304 0401 0303 0401 0303 0301 0402 0303 0101 0203 0301 0302 0104 0401 0302 0303 0303 0302 0402 0204 0203 0201 0203 0402 0302 0104 0102 0201 0402 0403 0304 0401 0403 0404 0103 0103 0403 0401 0103 0304 0103 0303 0104 0203 0301 0102 0303
54 , 0104 0204 0401 0104 0303 0403 0203 0201 0102 0404 0402 0304 0404 0303 0202 0402 0202 0203 0203 0401 0204 0101 0101 0401 0303 0104 0304 0302 0303 0403 0204 0301 0402 0302 0101 0203 0201 0302 0104 0401 0302 0303 0303 0302 0402 0204 0201 0101 0203 0402 0302 0104 0102 0201 0402 0404 0304 0401 0403 0404 0103 0101 0403 0404 0103 0304 0103 0303 0104 0203 0301 0202 0303
55 , 0104 0204 0401 0104 0303 0403 0203 0201 0102 0404 0402 0304 0404 0303 0202 0402 0202 0203 0203 0401 0204 0101 0101 0401 0303 0104 0304 0302 0303 0403 0204 0301 0402 0302 0101 0203 0201 0302 0104 0401 0302 0303 0303 0302 0402 0204 0201 0201 0203 0402 0302 0104 0102 0201 0402 0404 0304 0401 0403 0403 0103 0101 0403 0404 0103 0304 0103 0303 0104 0203 0301 0102 0303
56 , 0101 0201 0401 0203 0203 0303 0303 0204 0403 0302 0102 0102 0304 0201 0201 0401 0102 0104 0202 0404 0404 0104 0304 0401 0301 0103 0304 0401 0303 0401 0304 0301 0302 0303 0101 0203 0301 0302 0104 0401 0302 0303 0303 0302 0402 0204 0201 0101 0203 0402 0302 0104 0102 0201 0402 0404 0304 0401 0403 0404 0103 0101 0403 0404 0103 0304 0103 0303 0104 0203 0301 0202 0303
57 , 0104 0201 0401 0104 0303 0403 0203 0201 0102 0404 0402 0304 0404 0303 0202 0402 0202 0203 0201 0401 0204 0101 0101 0401 0303 0104 0304 0302 0303 0403 0204 0301 0402 0302 0101 0203 0201 0302 0104 0401 0302 0303 0303 0302 0402 0204 0203 0201 0203 0402 0302 0104 0102 0201 0402 0403 0304 0401 0403 0404 0103 0104 0403 0404 0103 0304 0103 0303 0104 0203 0301 0102 0303
58 , 0103 0201 0403 0103 0403 0303 0303 0204 0202 0402 0102 0103 0304 0203 0201 0401 0202 0104 0204 0403 0401 0104 0304 0401 0301 0104 0304 0401 0303 0401 0303 0301 0102 0303 0101 0203 0301 0302 0104 0401 0302 0303 0303 0302 0402 0204 0401 0101 0203 0402 0302 0104 0102 0201 0402 0404 0304 0401 0403 0404 0103 0101 0403 0404 0103 0304 0103 0303 0104 0203 0301 0102 0303
59 , 0103 0201 0403 0103 0403 0303 0303 0204 0202 0402 0102 0103 0304 0203 0201 0201 0202 0103 0204 0403 0404 0104 0304 0401 0101 0104 0404 0401 0103 0101 0303 0301 0102 0303 0101 0203 0301 0102 0104 0102 0302 0303 0303 0302 0404 0303 0201 0201 0203 0402 0402 0104 0101 0201 0402 0204 0404 0401 0403 0404 0103 0101 0303 0404 0103 0304 0103 0403 0103 0203 0301 0102 0303
60 , 0104 0201 0401 0104 0303 0403 0203 0201 0102 0404 0402 0304 0404 0303 0202 0402 0202 0203 0201 0401 0204 0101 0101 0401 0303 0104 0304 0302 0303 0403 0204 0301 0402 0302 0101 0203 0201 0302 0104 0401 0302 0303 0303 0302 0402 0204 0201 0201 0203 0402 0302 0104 0102 0201 0402 0404 0304 0401 0403 0404 0103 0101 0403 0404 0103 0304 0103 0303 0104 0203 0301 0102 0303
61 , 0103 0201 0404 0203 0203 0303 0303 0204 0202 0402 0102 0102 0304 0203 0201 0401 0202 0104 0204 0403 0404 0104 0304 0401 0301 0104 0304 0401 0303 0401 0303 0301 0402 0303 0101 0203 0301 0302 0104 0301 0304 0303 0303 0302 0402 0204 0201 0201 0303 0402 0302 0104 0102 0201 0402 0404 0304 0401 0403 0404 0103 0101 0403 0404 0103 0304 0103 0303 0101 0203 0301 0102 0303
62 , 0103 0201 0101 0103 0403 0303 0303 0204 0201 0404 0102 0102 0303 0403 0201 0402 0202 0104 0204 0404 0404 0302 0304 0401 0201 0204 0303 0401 0303 0401 0304 0301 0402 0303 0101 0202 0301 0402 0404 0101 0403 0304 0302 0302 0101 0204 0404 0203 0404 0402 0302 0204 0202 0202 0302 0104 0102 0401 0101 0104 0103 0301 0403 0403 0203 0304 0302 0403 0104 0203 0201 0102 0302
63 , 0103 0201 0404 0103 0203 0303 0303 0204 0202 0402 0102 0102 0304 0203 0201 0301 0202 0104 0204 0403 0404 0104 0304 0301 0304 0104 0204 0401 0303 0401 0303 0301 0402 0303 0101 0203 0301 0302 0104 0301 0304 0303 0303 0302 0402 0204 0201 0202 0303 0402 0302 0104 0102 0201 0402 0404 0304 0401 0403 0404 0103 0101 0403 0404 0103 0304 0103 0303 0101 0203 0301 0102 0303
64 , 0104 0201 0401 0104 0303 0403 0203 0201 0102 0404 0402 0304 0404 0303 0202 0402 0202 0203 0201 0401 0204 0101 0101 0401 0303 0104 0304 0302 0303 0403 0204 0301 0402 0302 0101 0203 0201 0302 0104 0301 0304 0303 0303 0302 0402 0204 0201 0201 0303 0402 0302 0104 0102 0201 0402 0404 0304 0401 0403 0404 0103 0101 0403 0404 0103 0304 0103 0303 0101 0203 0301 0102 0303
65 , 0103 0201 0404 0103 0203 0303 0303 0204 0202 0402 0101 0102 0304 0203 0201 0401 0202 0104 0204 0403 0404 0104 0304 0401 0301 0104 0304 0401 0303 0401 0303 0301 0402 0303 0102 0203 0301 0302 0104 0401 0302 0303 0303 0302 0402 0204 0201 0101 0203 0402 0302 0104 0102 0201 0402 0404 0304 0401 0403 0404 0103 0101 0403 0404 0103 0304 0103 0303 0104 0203 0301 0202 0303
66 , 0103 0201 0404 0103 0203 0303 0303 0204 0202 0402 0101 0102 0304 0203 0201 0401 0202 0104 0203 0403 0404 0104 0304 0401 0301 0104 0304 0401 0303 0401 0303 0301 0402 0303 0102 0203 0301 0302 0104 0301 0304 0303 0303 0302 0402 0204 0201 0201 0303 0402 0302 0104 0102 0201 0402 0404 0304 0401 0403 0404 0103 0101 0403 0404 0103 0304 0103 0303 0101 0203 0301 0102 0303
67 , 0103 0201 0403 0103 0403 0303 0303 0204 0202 0402 0102 0103 0304 0203 0201 0401 0202 0104 0204 0403 0404 0104 0304 0401 0301 0104 0304 0401 0303 0401 0303 0301 0102 0303 0101 0203 0301 0302 0104 0401 0302 0303 0303 0302 0402 0204 0201 0101 0203 0402 0302 0104 0102 0201 0402 0404 0304 0401 0403 0404 0103 0101 0403 0404 0103 0304 0103 0303 0104 0203 0301 0102 0303
68 , 0103 0201 0403 0103 0403 0303 0303 0104 0202 0402 0102 0103 0304 0203 0201 0401 0202 0104 0204 0403 0404 0104 0304 0401 0301 0104 0304 0401 0303 0401 0302 0301 0102 0303 0101 0203 0301 0302 0104 0301 0304 0303 0303 0302 0402 0204 0201 0201 0301 0402 0302 0102 0102 0201 0302 0404 0304 0401 0403 0404 0101 0101 0403 0404 0101 0304 0103 0303 0101 0203 0301 0102 0303
69 , 0101 0201 0401 0203 0203 0303 0303 0204 0403 0302 0102 0102 0304 0201 0201 0401 0102 0104 0202 0404 0404 0104 0304 0401 0301 0103 0304 0401 0303 0401 0304 0301 0302 0303 0101 0403 0301 0302 0104 0301 0304 0303 0303 0302 0402 0203 0201 0201 0303 0402 0302 0104 0102 0301 0402 0404 0304 0401 0403 0404 0103 0101 0403 0404 0103 0304 0103 0303 0101 0203 0301 0102 0303
70 , 0103 0201 0404 0103 0203 0303 0303 0204 0202 0402 0101 0102 0304 0203 0201 0401 0202 0104 0204 0403 0404 0104 0304 0401 0301 0404 0304 0401 0303 0401 0303 0301 0402 0303 0102 0203 0301 0302 0101 0101 0304 0303 0303 0302 0402 0104 0401 0201 0203 0304 0302 0104 0202 0201 0402 0404 0404 0403 0203 0404 0102 0102 0403 0304 0103 0304 0103 0403 0104 0203 0301 0102 0203
71 , 0101 0201 0401 0203 0203 0303 0303 0204 0403 0302 0102 0102 0304 0204 0201 0401 0102 0104 0202 0404 0404 0104 0304 0401 0301 0103 0304 0401 0303 0401 0304 0301 0302 0303 0101 0203 0301 0102 0104 0102 0302 0303 0303 0302 0404 0303 0201 0201 0203 0402 0402 0104 0101 0201 0402 0204 0404 0401 0403 0404 0103 0101 0303 0404 0103 0304 0103 0403 0103 0203 0301 0102 0303
72 , 0103 0201 0404 0103 0203 0303 0303 0204 0202 0402 0102 0102 0304 0203 0201 0401 0202 0104 0204 0403 0404 0104 0304 0301 0301 0104 0304 0401 0303 0401 0303 0301 0402 0303 0101 0203 0301 0302 0102 0103 0302 0303 0201 0302 0403 0204 0401 0201 0404 0402 0301 0304 0102 0102 0404 0403 0304 0401 0401 0404 0203 0301 0403 0103 0103 0304 0102 0403 0101 0203 0201 0102 0302
73 , 0103 0201 0404 0103 0203 0303 0303 0204 0202 0402 0102 0102 0204 0203 0301 0402 0202 0104 0204 0403 0404 0104 0304 0401 0301 0104 0304 0401 0303 0401 0303 0301 0401 0303 0101 0203 0301 0402 0404 0101 0403 0304 0302 0302 0101 0204 0404 0203 0404 0403 0302 0204 0202 0202 0302 0104 0102 0401 0101 0104 0103 0301 0403 0403 0203 0304 0302 0403 0104 0203 0201 0102 0302
74 , 0103 0201 0403 0103 0403 0303 0303 0204 0202 0402 0102 0103 0304 0203 0201 0401 0203 0104 0204 0403 0404 0104 0304 0401 0301 0104 0304 0401 0303 0401 0303 0301 0102 0303 0101 0203 0301 0302 0104 0401 0302 0303 0303 0302 0402 0204 0201 0101 0203 0402 0302 0104 0102 0201 0402 0304 0304 0401 0403 0404 0103 0101 0403 0404 0103 0304 0103 0303 0104 0203 0301 0202 0303
75 , 0103 0201 0403 0103 0403 0303 0303 0204 0202 0402 0102 0103 0304 0203 0201 0301 0202 0304 0204 0403 0404 0104 0304 0401 0301 0104 0304 0401 0303 0401 0303 0301 0102 0303 0101 0303 0301 0302 0102 0101 0304 0303 0303 0302 0402 0204 0401 0201 0203 0104 0302 0104 0202 0201 0402 0404 0404 0403 0203 0401 0102 0101 0403 0304 0103 0304 0103 0403 0104 0203 0301 0102 0203
76 , 0103 0201 0101 0103 0403 0303 0303 0204 0201 0404 0102 0102 0303 0403 0201 0402 0202 0104 0204 0404 0404 0302 0304 0401 0201 0204 0303 0401 0303 0401 0304 0301 0402 0303 0101 0202 0301 0302 0104 0401 0302 0303 0303 0302 0402 0204 0201 0201 0203 0402 0302 0104 0102 0201 0402 0404 0304 0401 0403 0404 0103 0101 0403 0404 0103 0304 0103 0303 0104 0203 0301 0102 0303
77 , 0103 0201 0101 0303 0203 0302 0103 0204 0302 0404 0102 0102 0404 0203 0103 0401 0202 0204 0204 0303 0404 0104 0104 0401 0403 0104 0304 0301 0303 0401 0204 0301 0102 0302 0101 0202 0201 0402 0404 0101 0403 0304 0302 0302 0101 0204 0404 0203 0404 0402 0302 0204 0202 0202 0302 0104 0102 0401 0101 0104 0103 0301 0403 0403 0203 0304 0302 0403 0104 0203 0201 0102 0302
78 , 0103 0201 0403 0103 0403 0303 0303 0204 0204 0402 0102 0103 0304 0203 0201 0401 0202 0104 0204 0403 0404 0104 0304 0401 0301 0104 0304 0401 0303 0401 0303 0301 0102 0303 0101 0203 0301 0402 0404 0101 0403 0304 0302 0302 0101 0204 0404 0203 0404 0403 0302 0204 0202 0202 0302 0304 0102 0401 0101 0104 0103 0301 0403 0403 0203 0304 0302 0403 0104 0203 0201 0102 0302
79 , 0103 0201 0404 0103 0203 0303 0303 0204 0202 0404 0101 0102 0304 0203 0201 0401 0202 0104 0204 0403 0404 0104 0304 0401 0301 0104 0304 0401 0303 0401 0303 0301 0402 0303 0101 0203 0301 0302 0104 0401 0302 0303 0303 0302 0402 0204 0201 0201 0202 0402 0303 0104 0202 0201 0402 0404 0304 0401 0403 0404 0103 0101 0403 0404 0103 0304 0103 0303 0104 0103 0301 0102 0303
80 , 0303 0201 0404 0103 0202 0303 0303 0204 0202 0402 0101 0102 0304 0203 0201 0401 0202 0104 0204 0303 0404 0104 0304 0401 0301 0104 0304 0401 0303 0401 0303 0301 0402 0303 0101 0203 0301 0302 0102 0103 0302 0303 0201 0302 0403 0204 0401 0201 0404 0402 0301 0304 0102 0102 0404 0403 0304 0401 0401 0404 0203 0301 0403 0403 0103 0304 0102 0403 0101 0203 0201 0102 0302
81 , 0103 0201 0404 0103 0203 0303 0303 0204 0202 0404 0101 0102 0304 0203 0201 0401 0202 0104 0204 0403 0404 0104 0304 0401 0301 0104 0304 0401 0303 0401 0303 0301 0402 0303 0101 0203 0301 0402 0404 0101 0403 0304 0302 0302 0101 0204 0404 0203 0404 0402 0302 0204 0202 0202 0302 0104 0102 0401 0101 0104 0103 0301 0403 0403 0203 0304 0302 0403 0104 0203 0201 0102 0302
82 , 0104 0204 0401 0104 0303 0403 0203 0201 0102 0404 0402 0304 0404 0203 0202 0402 0202 0203 0201 0401 0204 0101 0101 0401 0303 0104 0304 0302 0303 0403 0204 0301 0402 0302 0101 0203 0201 0302 0104 0301 0304 0303 0303 0302 0402 0204 0201 0201 0303 0402 0302 0104 0302 0201 0402 0404 0304 0101 0403 0404 0103 0101 0403 0404 0103 0304 0103 0304 0101 0203 0301 0102 0303
83 , 0103 0201 0403 0103 0403 0303 0303 0204 0202 0402 0102 0103 0304 0203 0201 0401 0203 0104 0204 0403 0404 0104 0304 0401 0301 0104 0304 0401 0303 0401 0303 0301 0102 0303 0101 0203 0301 0302 0104 0401 0302 0303 0303 0302 0402 0204 0201 0101 0203 0402 0302 0104 0102 0201 0402 0404 0304 0401 0403 0404 0103 0101 0403 0404 0103 0304 0103 0303 0104 0203 0301 0202 0303
84 , 0104 0204 0401 0104 0303 0403 0203 0201 0102 0404 0402 0304 0404 0203 0202 0402 0202 0203 0201 0401 0204 0101 0101 0401 0303 0104 0304 0302 0303 0403 0204 0301 0402 0302 0101 0203 0201 0302 0104 0401 0302 0303 0303 0302 0402 0204 0201 0201 0203 0402 0304 0104 0102 0201 0402 0404 0304 0401 0403 0404 0103 0101 0403 0404 0103 0304 0103 0303 0104 0203 0301 0102 0303
85 , 0103 0201 0404 0103 0203 0303 0303 0204 0202 0402 0102 0102 0304 0202 0201 0401 0202 0102 0204 0403 0404 0104 0304 0401 0301 0204 0304 0401 0303 0401 0303 0301 0402 0303 0101 0203 0301 0302 0204 0101 0403 0304 0303 0302 0401 0204 0304 0203 0404 0402 0302 0204 0402 0202 0302 0104 0104 0401 0101 0204 0103 0301 0403 0303 0203 0303 0102 0403 0104 0201 0201 0101 0302
86 , 0103 0201 0404 0103 0203 0303 0303 0204 0202 0402 0102 0102 0304 0203 0401 0401 0202 0104 0204 0403 0404 0104 0304 0401 0301 0104 0304 0401 0303 0401 0303 0301 0402 0303 0101 0203 0301 0302 0104 0301 0304 0303 0303 0302 0402 0204 0201 0201 0303 0402 0302 0104 0102 0201 0402 0404 0304 0401 0403 0404 0103 0101 0403 0404 0103 0304 0103 0303 0101 0203 0301 0102 0303
87 , 0103 0201 0403 0103 0403 0303 0303 0204 0202 0402 0102 0103 0304 0203 0201 0401 0202 0104 0204 0403 0404 0104 0304 0401 0301 0104 0304 0401 0303 0401 0303 0301 0102 0303 0101 0203 0301 0302 0101 0103 0302 0303 0201 0302 0403 0204 0401 0201 0204 0402 0301 0304 0102 0202 0402 0403 0304 0401 0401 0404 0104 0301 0403 0103 0103 0304 0102 0403 0101 0203 0201 0102 0202
88 , 0103 0201 0403 0103 0403 0303 0303 0204 0202 0402 0102 0103 0304 0203 0201 0401 0202 0104 0204 0403 0404 0104 0304 0401 0301 0104 0304 0401 0303 0401 0303 0301 0102 0303 0101 0203 0301 0302 0104 0401 0302 0303 0303 0302 0402 0204 0201 0201 0203 0402 0302 0104 0102 0201 0402 0404 0304 0401 0403 0403 0103 0101 0403 0404 0103 0304 0103 0303 0104 0203 0301 0102 0303
89 , 0103 0201 0404 0103 0203 0303 0303 0204 0202 0402 0101 0102 0304 0203 0201 0401 0202 0104 0203 0403 0404 0104 0304 0401 0301 0104 0304 0401 0303 0401 0303 0301 0402 0303 0102 0203 0301 0302 0104 0301 0304 0303 0303 0302 0402 0204 0201 0201 0303 0402 0302 0104 0102 0301 0402 0404 0304 0401 0403 0404 0103 0101 0403 0404 0103 0304 0103 0303 0101 0203 0301 0102 0303
90 , 0103 0401 0201 0103 0403 0303 0303 0204 0202 0404 0102 0302 0303 0403 0201 0402 0202 0104 0204 0404 0404 0302 0304 0401 0201 0104 0303 0401 0303 0401 0304 0301 0402 0303 0101 0202 0301 0302 0104 0301 0304 0303 0303 0302 0402 0204 0201 0201 0303 0402 0302 0104 0102 0201 0402 0404 0304 0401 0403 0404 0103 0101 0403 0404 0103 0304 0103 0303 0101 0203 0301 0102 0303
91 , 0103 0201 0404 0103 0203 0303 0303 0204 0202 0402 0102 0102 0304 0203 0401 0401 0202 0104 0204 0403 0404 0104 0304 0401 0301 0104 0304 0401 0303 0401 0303 0301 0402 0303 0101 0203 0301 0302 0104 0301 0304 0303 0303 0302 0402 0204 0201 0201 0303 0402 0302 0104 0102 0201 0402 0404 0304 0401 0403 0404 0103 0101 0403 0404 0103 0304 0103 0303 0101 0203 0301 0102 0303
92 , 0103 0201 0404 0103 0203 0303 0303 0203 0202 0402 0101 0102 0304 0203 0201 0401 0202 0404 0204 0403 0404 0104 0304 0401 0301 0104 0304 0401 0303 0401 0303 0301 0402 0303 0101 0203 0301 0402 0404 0101 0403 0304 0302 0302 0101 0204 0404 0203 0404 0402 0302 0204 0202 0202 0302 0104 0102 0401 0101 0104 0103 0301 0403 0403 0203 0304 0302 0403 0104 0203 0201 0102 0302
93 , 0103 0201 0404 0103 0203 0303 0303 0204 0202 0404 0101 0102 0304 0203 0201 0401 0202 0104 0204 0403 0404 0104 0304 0401 0301 0104 0304 0401 0303 0401 0303 0301 0402 0303 0101 0203 0301 0402 0104 0101 0403 0304 0302 0302 0101 0204 0404 0203 0404 0403 0302 0204 0202 0202 0302 0104 0102 0401 0101 0104 0103 0301 0403 0403 0203 0304 0302 0403 0104 0203 0201 0102 0302
94 , 0104 0204 0401 0104 0303 0403 0203 0201 0102 0404 0402 0304 0404 0303 0202 0402 0202 0203 0201 0401 0204 0101 0101 0401 0303 0104 0304 0302 0303 0403 0204 0301 0402 0302 0101 0203 0201 0102 0104 0102 0302 0303 0304 0302 0404 0303 0201 0201 0203 0402 0402 0104 0101 0201 0402 0204 0404 0401 0403 0404 0103 0101 0303 0404 0103 0304 0103 0403 0103 0203 0301 0102 0303
95 , 0103 0201 0404 0103 0203 0303 0303 0204 0202 0404 0101 0102 0304 0203 0201 0401 0202 0104 0204 0403 0404 0104 0304 0401 0301 0104 0304 0401 0303 0401 0303 0301 0402 0303 0101 0203 0301 0302 0104 0401 0302 0303 0303 0302 0402 0204 0201 0101 0203 0402 0302 0104 0102 0201 0402 0404 0304 0401 0403 0404 0103 0101 0403 0404 0103 0304 0103 0303 0104 0103 0301 0202 0303
96 , 0103 0201 0404 0103 0203 0303 0303 0204 0202 0402 0101 0102 0304 0203 0201 0401 0202 0104 0204 0403 0404 0104 0304 0401 0301 0104 0304 0401 0303 0401 0303 0301 0402 0303 0102 0203 0301 0302 0104 0301 0304 0303 0303 0302 0402 0204 0201 0201 0303 0402 0302 0104 0102 0301 0402 0404 0304 0401 0403 0404 0103 0101 0403 0404 0103 0304 0103 0303 0101 0203 0301 0102 0303
97 , 0103 0201 0403 0103 0403 0303 0303 0204 0202 0402 0102 0103 0304 0203 0201 0401 0403 0104 0204 0403 0404 0104 0304 0401 0301 0104 0304 0401 0303 0401 0303 0301 0102 0303 0101 0203 0301 0402 0404 0101 0403 0304 0302 0302 0101 0204 0404 0203 0404 0402 0302 0204 0202 0202 0302 0104 0102 0401 0101 0104 0103 0301 0403 0403 0203 0304 0302 0403 0104 0203 0201 0102 0302
98 , 0103 0201 0403 0103 0403 0303 0303 0204 0202 0302 0102 0103 0304 0203 0201 0401 0203 0104 0204 0403 0404 0104 0304 0401 0301 0104 0304 0401 0303 0401 0303 0301 0102 0303 0101 0203 0303 0302 0104 0401 0302 0203 0303 0302 0402 0204 0201 0101 0203 0402 0302 0104 0102 0201 0402 0403 0304 0401 0403 0404 0103 0101 0403 0404 0103 0304 0103 0303 0104 0203 0301 0102 0303
99 , 0104 0201 0401 0104 0303 0403 0203 0201 0102 0404 0402 0304 0404 0303 0202 0402 0202 0203 0201 0401 0204 0101 0101 0401 0303 0104 0304 0302 0303 0403 0204 0301 0402 0302 0101 0203 0201 0302 0104 0301 0304 0303 0303 0302 0402 0204 0201 0201 0303 0402 0302 0104 0102 0201 0402 0404 0304 0401 0403 0404 0103 0101 0403 0404 0103 0304 0103 0303 0101 0203 0301 0102 0303
100 , 0103 0201 0403 0103 0403 0303 0303 0204 0202 0402 0102 0103 0304 0203 0201 0401 0202 0104 0204 0403 0404 0104 0304 0401 0301 0104 0304 0401 0303 0401 0303 0301 0102 0303 0201 0203 0301 0302 0104 0401 0302 0303 0303 0302 0402 0204 0201 0201 0203 0402 0302 0103 0102 0201 0402 0404 0304 0401 0403 0403 0203 0101 0402 0404 0103 0304 0103 0303 0104 0203 0301 0102 0303
101 , 0103 0201 0403 0103 0403 0303 0303 0204 0202 0402 0102 0103 0304 0203 0201 0401 0202 0104 0204 0403 0404 0104 0304 0401 0301 0104 0304 0401 0303 0401 0303 0301 0102 0303 0101 0203 0301 0402 0404 0101 0403 0304 0302 0302 0101 0204 0404 0203 0404 0403 0302 0204 0202 0202 0302 0304 0102 0401 0101 0104 0103 0301 0403 0403 0203 0304 0302 0403 0104 0203 0201 0102 0302
102 , 0103 0201 0404 0103 0203 0303 0303 0204 0202 0402 0101 0102 0304 0203 0201 0401 0202 0104 0204 0403 0404 0104 0304 0401 0301 0104 0304 0401 0303 0401 0303 0301 0401 0303 0102 0203 0301 0302 0101 0101 0304 0303 0303 0302 0402 0104 0401 0201 0203 0304 0302 0104 0202 0201 0402 0404 0404 0403 0203 0404 0102 0102 0403 0304 0103 0304 0103 0403 0104 0203 0301 0402 0203
103 , 0103 0201 0403 0103 0403 0303 0303 0204 0202 0402 0102 0203 0304 0203 0201 0401 0202 0104 0204 0403 0404 0104 0304 0401 0301 0104 0304 0401 0303 0401 0303 0301 0102 0303 0101 0203 0301 0302 0104 0301 0304 0303 0303 0302 0402 0204 0201 0201 0303 0402 0302 0104 0102 0201 0402 0404 0304 0401 0403 0404 0103 0101 0403 0404 0103 0304 0103 0303 0101 0203 0301 0102 0303
104 , 0303 0201 0404 0103 0203 0303 0303 0204 0202 0402 0101 0102 0304 0203 0201 0401 0202 0104 0204 0403 0404 0104 0304 0401 0301 0104 0304 0401 0303 0401 0303 0301 0402 0303 0101 0203 0301 0302 0104 0301 0304 0303 0303 0302 0402 0204 0201 0201 0303 0402 0302 0104 0102 0201 0402 0404 0304 0401 0403 0404 0103 0101 0403 0404 0103 0304 0103 0303 0101 0203 0301 0102 0303
105 , 0103 0201 0404 0103 0203 0303 0303 0204 0202 0402 0302 0102 0304 0203 0201 0401 0202 0104 0204 0303 0404 0104 0304 0401 0301 0304 0304 0401 0303 0401 0303 0301 0402 0303 0101 0203 0301 0302 0104 0401 0302 0303 0303 0302 0402 0204 0201 0201 0203 0402 0302 0104 0102 0201 0402 0404 0304 0401 0403 0404 0103 0101 0403 0404 0103 0304 0103 0303 0104 0203 0301 0102 0303
106 , 0103 0201 0403 0103 0403 0303 0303 0204 0202 0402 0102 0103 0304 0203 0201 0403 0202 0104 0204 0403 0401 0104 0304 0401 0301 0104 0304 0401 0303 0401 0303 0401 0102 0303 0101 0203 0301 0102 0104 0102 0302 0303 0303 0302 0404 0303 0201 0201 0203 0402 0102 0104 0101 0201 0402 0204 0404 0401 0403 0404 0103 0101 0303 0404 0103 0304 0103 0403 0103 0203 0301 0102 0303
107 , 0103 0201 0404 0103 0203 0303 0303 0204 0202 0402 0102 0102 0204 0203 0301 0402 0202 0104 0204 0403 0404 0104 0304 0401 0301 0104 0304 0401 0303 0401 0303 0301 0401 0303 0101 0203 0301 0102 0104 0102 0302 0303 0303 0302 0404 0303 0201 0201 0203 0402 0402 0104 0101 0201 0402 0204 0404 0401 0403 0404 0103 0101 0303 0404 0103 0304 0103 0403 0103 0203 0301 0102 0303
108 , 0103 0201 0403 0103 0403 0303 0303 0204 0202 0402 0102 0103 0304 0203 0201 0401 0201 0104 0204 0403 0404 0104 0304 0401 0301 0104 0304 0401 0303 0401 0303 0301 0102 0303 0101 0203 0301 0302 0104 0402 0302 0303 0303 0302 0402 0204 0201 0201 0203 0402 0302 0104 0102 0201 0402 0404 0304 0401 0403 0404 0103 0101 0403 0404 0103 0304 0103 0303 0104 0203 0301 0102 0303
109 , 0103 0201 0404 0103 0203 0303 0303 0204 0202 0404 0101 0102 0304 0203 0201 0401 0202 0104 0204 0403 0404 0104 0304 0401 0301 0104 0304 0401 0303 0401 0303 0301 0402 0303 0101 0203 0301 0302 0102 0103 0302 0303 0201 0302 0403 0204 0401 0201 0404 0302 0301 0304 0102 0102 0404 0403 0304 0401 0401 0404 0203 0301 0403 0403 0103 0304 0102 0403 0101 0203 0201 0102 0302
110 , 0103 0201 0101 0303 0203 0302 0103 0204 0302 0404 0104 0102 0404 0203 0103 0401 0202 0204 0204 0303 0404 0104 0104 0401 0303 0104 0304 0301 0303 0401 0204 0301 0102 0302 0101 0202 0203 0302 0104 0401 0302 0203 0303 0302 0402 0204 0201 0101 0203 0402 0302 0104 0102 0201 0402 0403 0304 0401 0403 0404 0103 0101 0403 0404 0103 0304 0103 0303 0104 0203 0301 0102 0303
111 , 0103 0201 0403 0103 0403 0303 0303 0204 0202 0402 0102 0103 0304 0203 0201 0403 0202 0104 0204 0403 0401 0104 0304 0401 0301 0104 0304 0401 0303 0401 0303 0401 0102 0303 0101 0203 0303 0302 0104 0401 0302 0203 0303 0302 0402 0204 0201 0101 0203 0402 0302 0104 0102 0201 0402 0403 0304 0401 0403 0404 0103 0101 0403 0404 0103 0304 0103 0303 0104 0203 0301 0102 0303
112 , 0104 0204 0401 0104 0303 0403 0203 0201 0102 0404 0402 0304 0404 0303 0202 0402 0202 0203 0203 0401 0204 0101 0101 0401 0303 0104 0304 0302 0303 0403 0204 0301 0402 0302 0101 0203 0201 0302 0104 0301 0304 0303 0303 0302 0402 0204 0201 0201 0303 0402 0302 0104 0102 0201 0402 0404 0304 0401 0403 0404 0103 0101 0403 0404 0103 0304 0103 0303 0101 0203 0301 0102 0303
113 , 0103 0201 0201 0303 0203 0302 0103 0204 0302 0404 0102 0104 0404 0203 0103 0401 0201 0204 0404 0303 0404 0104 0104 0402 0303 0104 0301 0301 0303 0401 0204 0301 0102 0302 0101 0203 0201 0302 0102 0101 0304 0303 0303 0302 0402 0204 0401 0201 0203 0104 0302 0104 0202 0201 0402 0404 0404 0403 0203 0401 0102 0101 0403 0304 0103 0304 0103 0403 0104 0203 0301 0102 0203
114 , 0103 0201 0404 0103 0203 0303 0303 0204 0202 0402 0102 0102 0204 0203 0301 0402 0202 0104 0204 0403 0404 0104 0304 0401 0301 0104 0304 0401 0303 0401 0303 0301 0401 0303 0101 0203 0301 0302 0104 0401 0302 0303 0303 0302 0402 0204 0201 0101 0203 0402 0302 0104 0102 0201 0402 0404 0304 0401 0403 0404 0103 0101 0403 0404 0103 0204 0103 0303 0104 0203 0301 0102 0303
115 , 0103 0201 0403 0103 0403 0303 0303 0204 0202 0402 0102 0103 0304 0203 0201 0401 0203 0104 0204 0403 0404 0104 0304 0401 0301 0104 0304 0401 0303 0401 0303 0301 0102 0303 0101 0203 0301 0402 0404 0101 0403 0304 0302 0302 0101 0204 0404 0203 0404 0402 0302 0204 0202 0202 0302 0104 0102 0401 0101 0104 0103 0301 0403 0403 0203 0304 0302 0403 0104 0203 0201 0102 0302
116 , 0104 0204 0201 0104 0303 0403 0203 0201 0102 0404 0402 0304 0404 0203 0202 0402 0202 0203 0201 0401 0204 0101 0101 0401 0303 0104 0304 0302 0303 0403 0204 0302 0402 0302 0101 0203 0201 0302 0104 0301 0304 0303 0303 0302 0402 0204 0201 0201 0303 0402 0302 0104 0102 0201 0402 0404 0304 0401 0403 0404 0103 0101 0403 0404 0103 0304 0103 0303 0101 0203 0301 0102 0303
117 , 0103 0201 0201 0303 0204 0302 0103 0204 0302 0404 0102 0104 0404 0203 0103 0401 0201 0204 0404 0303 0404 0104 0104 0402 0303 0104 0304 0301 0303 0401 0204 0301 0102 0302 0101 0203 0201 0402 0404 0101 0403 0304 0302 0302 0101 0204 0404 0203 0404 0402 0302 0204 0202 0202 0302 0104 0102 0401 0101 0104 0103 0301 0403 0403 0203 0304 0302 0403 0104 0203 0201 0102 0302
118 , 0103 0201 0404 0103 0203 0303 0303 0204 0202 0402 0101 0102 0304 0203 0201 0401 0202 0104 0204 0403 0404 0104 0304 0401 0301 0104 0304 0401 0303 0401 0303 0301 0402 0303 0102 0203 0301 0302 0104 0301 0304 0303 0303 0302 0402 0204 0201 0201 0303 0402 0302 0104 0102 0201 0402 0404 0304 0401 0403 0404 0103 0101 0403 0404 0103 0304 0103 0303 0101 0203 0302 0102 0303
119 , 0104 0204 0401 0104 0303 0403 0203 0201 0102 0404 0402 0304 0404 0203 0202 0402 0202 0203 0201 0401 0204 0101 0101 0401 0303 0104 0304 0302 0303 0403 0204 0301 0402 0302 0101 0203 0201 0102 0104 0102 0302 0303 0303 0302 0404 0303 0201 0201 0203 0402 0402 0104 0101 0201 0402 0204 0404 0401 0403 0404 0103 0101 0303 0404 0103 0304 0103 0403 0103 0203 0301 0102 0303
120 , 0103 0201 0404 0103 0203 0303 0303 0204 0202 0402 0102 0102 0304 0203 0201 0401 0202 0104 0204 0403 0404 0104 0304 0401 0301 0104 0304 0401 0303 0401 0303 0301 0402 0303 0101 0203 0301 0102 0104 0102 0302 0303 0303 0302 0404 0303 0201 0201 0203 0402 0102 0104 0101 0201 0402 0204 0404 0401 0403 0404 0103 0101 0303 0404 0103 0304 0103 0403 0103 0203 0301 0101 0303
121 , 0103 0202 0401 0104 0303 0403 0303 0204 0102 0403 0402 0304 0404 0203 0202 0402 0202 0203 0201 0401 0404 0101 0102 0401 0303 0104 0303 0302 0303 0301 0204 0301 0402 0102 0101 0203 0201 0302 0104 0401 0302 0303 0303 0302 0402 0204 0201 0101 0203 0402 0302 0104 0102 0201 0402 0404 0304 0401 0403 0404 0103 0101 0403 0404 0103 0304 0103 0303 0104 0203 0301 0202 0303
122 , 0101 0201 0401 0203 0203 0303 0403 0204 0403 0302 0102 0102 0304 0204 0201 0401 0102 0104 0202 0404 0404 0104 0304 0401 0301 0103 0304 0401 0303 0401 0304 0301 0302 0303 0101 0203 0301 0302 0104 0401 0302 0303 0303 0302 0402 0204 0201 0201 0202 0402 0303 0104 0202 0201 0402 0404 0304 0401 0403 0404 0103 0101 0403 0404 0103 0304 0103 0303 0104 0103 0301 0102 0303
123 , 0103 0201 0404 0103 0203 0303 0303 0204 0202 0402 0101 0102 0304 0203 0201 0401 0202 0104 0204 0403 0404 0104 0304 0401 0301 0104 0304 0401 0303 0401 0303 0301 0401 0303 0102 0203 0301 0402 0404 0101 0403 0304 0302 0302 0101 0204 0404 0203 0404 0402 0302 0204 0202 0202 0302 0104 0102 0401 0101 0104 0103 0301 0403 0403 0203 0304 0302 0403 0104 0203 0201 0102 0302
124 , 0103 0201 0404 0103 0203 0303 0303 0204 0202 0402 0101 0102 0304 0203 0201 0401 0202 0104 0204 0403 0404 0104 0304 0401 0301 0104 0304 0401 0303 0401 0303 0301 0402 0303 0102 0203 0301 0302 0104 0401 0302 0303 0303 0302 0402 0204 0201 0201 0203 0402 0302 0104 0102 0201 0402 0404 0304 0401 0403 0404 0103 0101 0403 0404 0103 0304 0103 0303 0104 0203 0301 0102 0303
125 , 0103 0201 0404 0103 0203 0303 0303 0204 0202 0402 0101 0102 0304 0204 0201 0401 0202 0104 0204 0403 0404 0104 0304 0401 0301 0104 0304 0401 0303 0401 0303 0301 0402 0303 0102 0203 0301 0302 0104 0401 0302 0303 0303 0302 0402 0204 0201 0201 0202 0402 0303 0104 0202 0201 0402 0404 0304 0401 0403 0404 0103 0101 0403 0404 0103 0304 0103 0303 0104 0103 0301 0102 0303
126 , 0101 0201 0401 0203 0203 0303 0303 0204 0403 0302 0102 0102 0304 0201 0201 0401 0102 0104 0202 0404 0404 0104 0304 0401 0301 0103 0304 0401 0303 0401 0304 0301 0302 0303 0101 0203 0301 0302 0104 0401 0302 0303 0303 0302 0402 0204 0201 0101 0203 0402 0302 0104 0102 0201 0402 0404 0304 0401 0403 0404 0103 0101 0403 0404 0103 0304 0103 0303 0104 0203 0301 0202 0303
127 , 0103 0201 0404 0103 0203 0303 0303 0204 0202 0402 0102 0102 0304 0203 0201 0401 0202 0104 0204 0403 0404 0104 0304 0401 0301 0104 0304 0401 0303 0401 0303 0301 0402 0303 0101 0203 0301 0302 0104 0301 0304 0303 0303 0302 0402 0204 0201 0201 0303 0402 0302 0104 0102 0101 0402 0404 0304 0401 0403 0404 0103 0101 0403 0404 0103 0304 0103 0303 0101 0203 0301 0102 0303
128 , 0103 0201 0403 0103 0403 0303 0303 0204 0202 0402 0102 0103 0304 0203 0201 0201 0202 0103 0204 0403 0404 0104 0304 0401 0101 0104 0404 0401 0103 0101 0303 0301 0102 0303 0101 0203 0301 0302 0104 0301 0304 0303 0303 0302 0402 0204 0201 0201 0303 0402 0302 0104 0102 0201 0402 0404 0304 0401 0403 0404 0103 0101 0403 0404 0103 0304 0103 0303 0101 0203 0301 0102 0303
129 , 0103 0201 0404 0103 0203 0303 0303 0204 0202 0402 0102 0102 0304 0202 0201 0401 0202 0102 0204 0403 0404 0104 0304 0401 0301 0204 0304 0401 0303 0401 0303 0301 0402 0303 0101 0203 0301 0402 0404 0101 0403 0304 0302 0302 0101 0204 0404 0203 0404 0403 0302 0204 0202 0202 0302 0104 0102 0401 0101 0104 0103 0301 0403 0403 0203 0304 0302 0403 0104 0203 0201 0102 0302
130 , 0103 0201 0404 0103 0203 0304 0303 0204 0202 0402 0102 0102 0304 0203 0201 0401 0202 0104 0204 0403 0404 0104 0304 0301 0301 0104 0304 0401 0303 0403 0303 0301 0403 0303 0101 0203 0301 0302 0104 0401 0302 0303 0303 0302 0402 0204 0203 0201 0203 0402 0302 0104 0102 0201 0402 0403 0304 0401 0403 0404 0103 0102 0403 0404 0103 0304 0103 0303 0104 0203 0301 0102 0303
131 , 0103 0201 0101 0103 0403 0303 0303 0204 0201 0404 0102 0102 0303 0403 0201 0402 0202 0102 0204 0404 0404 0302 0304 0401 0201 0204 0303 0401 0303 0401 0304 0301 0404 0303 0101 0202 0301 0302 0104 0301 0304 0303 0303 0302 0402 0204 0201 0201 0303 0402 0302 0104 0102 0201 0402 0404 0304 0401 0403 0404 0103 0101 0403 0404 0103 0304 0103 0303 0101 0203 0301 0102 0303
132 , 0104 0204 0401 0104 0303 0403 0203 0201 0102 0404 0402 0304 0404 0203 0202 0402 0202 0203 0201 0401 0204 0101 0101 0401 0303 0104 0304 0302 0303 0403 0204 0301 0402 0302 0101 0203 0201 0302 0104 0401 0302 0303 0303 0302 0402 0204 0401 0101 0203 0402 0302 0104 0102 0201 0402 0404 0304 0401 0403 0404 0103 0101 0403 0404 0103 0304 0103 0303 0104 0203 0301 0102 0303
133 , 0103 0202 0401 0104 0303 0403 0303 0204 0102 0403 0402 0304 0404 0203 0202 0402 0202 0203 0201 0401 0404 0101 0102 0401 0303 0104 0303 0302 0303 0301 0204 0301 0402 0102 0101 0203 0201 0302 0104 0301 0304 0303 0303 0302 0402 0204 0201 0202 0303 0402 0302 0304 0102 0201 0402 0404 0304 0401 0403 0404 0103 0101 0403 0404 0103 0304 0103 0303 0101 0203 0301 0102 0303
134 , 0103 0201 0404 0103 0203 0303 0303 0204 0201 0402 0102 0102 0204 0203 0301 0402 0202 0104 0204 0403 0404 0104 0304 0401 0301 0104 0304 0401 0303 0401 0303 0301 0401 0303 0101 0203 0301 0302 0104 0301 0304 0303 0303 0302 0402 0204 0201 0201 0303 0402 0302 0104 0102 0201 0402 0404 0304 0401 0403 0404 0103 0101 0403 0404 0103 0304 0103 0303 0101 0203 0301 0102 0303
135 , 0103 0201 0403 0103 0403 0303 0303 0104 0202 0402 0102 0103 0304 0203 0201 0401 0202 0104 0204 0403 0404 0104 0304 0401 0301 0104 0304 0401 0303 0401 0302 0301 0102 0303 0101 0203 0301 0402 0404 0101 0403 0304 0302 0302 0101 0204 0404 0203 0404 0403 0302 0204 0202 0202 0302 0104 0102 0401 0101 0104 0103 0301 0403 0403 0203 0304 0302 0403 0104 0203 0201 0102 0302
136 , 0103 0201 0404 0103 0203 0303 0303 0204 0201 0402 0102 0102 0204 0203 0301 0402 0202 0104 0204 0403 0404 0104 0304 0401 0301 0104 0304 0401 0303 0401 0303 0301 0401 0303 0101 0203 0301 0302 0104 0404 0302 0303 0303 0302 0402 0204 0201 0201 0203 0402 0302 0104 0102 0201 0402 0404 0304 0401 0403 0404 0103 0101 0403 0404 0103 0304 0103 0303 0104 0203 0301 0102 0303
137 , 0103 0201 0403 0103 0403 0303 0303 0204 0202 0402 0102 0103 0304 0203 0201 0403 0202 0104 0204 0403 0401 0104 0304 0401 0301 0104 0304 0401 0303 0401 0303 0401 0102 0303 0101 0203 0301 0302 0104 0401 0302 0303 0303 0302 0402 0204 0201 0201 0203 0402 0304 0104 0102 0201 0402 0404 0304 0401 0403 0404 0103 0101 0403 0404 0103 0304 0103 0303 0104 0203 0301 0102 0303
138 , 0103 0201 0404 0103 0203 0303 0303 0204 0202 0402 0102 0102 0304 0203 0201 0401 0202 0104 0204 0403 0404 0104 0304 0401 0301 0104 0304 0401 0303 0401 0303 0301 0402 0303 0101 0203 0301 0302 0104 0401 0302 0303 0303 0302 0402 0204 0201 0101 0202 0402 0302 0104 0102 0201 0402 0404 0304 0401 0403 0404 0103 0101 0403 0404 0103 0304 0103 0303 0104 0203 0301 0202 0303
139 , 0103 0201 0403 0103 0403 0303 0303 0204 0202 0402 0102 0103 0304 0203 0201 0401 0202 0104 0204 0403 0404 0104 0304 0401 0301 0104 0304 0401 0303 0401 0303 0301 0102 0303 0101 0202 0301 0302 0104 0401 0302 0303 0303 0302 0402 0204 0401 0101 0203 0402 0302 0104 0102 0201 0402 0404 0304 0401 0403 0404 0103 0101 0403 0404 0103 0304 0103 0303 0104 0203 0301 0102 0303
140 , 0103 0201 0404 0103 0203 0303 0303 0204 0202 0402 0102 0102 0304 0203 0201 0301 0202 0104 0204 0403 0404 0104 0304 0301 0304 0104 0204 0401 0303 0401 0303 0301 0402 0303 0101 0203 0301 0302 0102 0101 0304 0303 0303 0302 0402 0204 0401 0201 0203 0104 0302 0104 0202 0201 0402 0404 0404 0403 0203 0401 0102 0101 0403 0304 0103 0304 0103 0403 0104 0203 0301 0102 0203
141 , 0103 0202 0401 0104 0303 0403 0303 0204 0102 0403 0402 0304 0404 0203 0202 0402 0202 0203 0201 0401 0404 0101 0102 0401 0303 0104 0303 0302 0303 0301 0204 0301 0402 0102 0101 0203 0201 0302 0104 0401 0302 0303 0303 0302 0402 0204 0203 0201 0203 0402 0302 0104 0102 0201 0402 0403 0304 0401 0403 0404 0103 0103 0403 0404 0103 0304 0103 0303 0104 0203 0301 0102 0303
142 , 0104 0204 0401 0104 0303 0403 0203 0201 0102 0404 0402 0304 0404 0203 0202 0402 0202 0203 0201 0401 0204 0101 0101 0401 0303 0104 0304 0302 0303 0403 0204 0301 0402 0302 0101 0203 0201 0302 0104 0401 0302 0303 0303 0302 0402 0204 0201 0101 0203 0402 0302 0104 0102 0201 0402 0404 0304 0401 0403 0404 0103 0101 0403 0404 0103 0304 0103 0303 0104 0203 0301 0202 0303
143 , 0103 0201 0403 0103 0403 0303 0303 0204 0202 0402 0102 0103 0304 0203 0201 0401 0202 0104 0204 0403 0404 0104 0304 0401 0301 0104 0304 0401 0303 0401 0303 0301 0102 0303 0101 0203 0301 0302 0104 0301 0304 0303 0303 0302 0402 0204 0201 0201 0303 0402 0302 0104 0102 0201 0402 0404 0304 0401 0403 0404 0103 0101 0403 0404 0103 0304 0103 0303 0101 0203 0301 0102 0303
144 , 0103 0201 0403 0103 0403 0303 0303 0204 0202 0402 0102 0203 0304 0203 0301 0401 0202 0104 0204 0403 0404 0104 0304 0401 0301 0104 0304 0401 0303 0401 0303 0301 0102 0303 0101 0203 0301 0302 0104 0401 0302 0303 0403 0302 0402 0204 0201 0201 0203 0402 0302 0104 0102 0201 0402 0404 0304 0401 0403 0403 0103 0101 0403 0404 0103 0304 0303 0303 0104 0303 0301 0102 0303
145 , 0103 0201 0404 0103 0203 0303 0303 0204 0202 0402 0102 0102 0304 0203 0401 0401 0202 0104 0204 0403 0404 0104 0304 0401 0301 0104 0304 0401 0303 0401 0303 0301 0402 0303 0101 0203 0301 0302 0104 0401 0302 0303 0303 0302 0302 0204 0201 0101 0203 0402 0302 0104 0102 0204 0402 0404 0304 0401 0403 0404 0103 0101 0403 0404 0103 0304 0103 0303 0104 0203 0301 0102 0303
146 , 0103 0201 0403 0103 0403 0303 0303 0204 0202 0402 0102 0103 0304 0203 0201 0401 0203 0104 0204 0403 0404 0104 0304 0401 0301 0104 0304 0401 0303 0401 0303 0301 0102 0303 0101 0203 0301 0402 0404 0101 0403 0304 0302 0302 0101 0204 0404 0203 0404 0402 0302 0204 0202 0202 0302 0104 0102 0401 0101 0104 0103 0301 0403 0403 0203 0304 0302 0403 0104 0203 0201 0102 0302
147 , 0103 0202 0401 0104 0303 0403 0303 0204 0102 0403 0402 0304 0404 0203 0202 0402 0202 0203 0201 0401 0404 0101 0102 0401 0303 0104 0303 0302 0303 0301 0204 0301 0402 0102 0101 0203 0201 0302 0104 0401 0302 0303 0303 0302 0402 0204 0201 0201 0202 0402 0303 0104 0202 0201 0402 0404 0304 0401 0403 0404 0103 0101 0403 0404 0103 0304 0103 0303 0104 0103 0301 0102 0303
148 , 0103 0201 0404 0103 0203 0303 0303 0204 0202 0404 0101 0102 0304 0203 0201 0401 0202 0104 0204 0403 0404 0104 0304 0401 0301 0104 0304 0401 0303 0401 0303 0301 0402 0303 0101 0203 0301 0302 0104 0301 0304 0303 0303 0302 0402 0204 0201 0201 0303 0402 0302 0104 0102 0201 0402 0404 0304 0401 0403 0404 0103 0101 0403 0404 0103 0304 0103 0303 0101 0203 0301 0102 0303
149 , 0103 0201 0101 0103 0403 0303 0303 0204 0201 0404 0102 0102 0303 0403 0201 0402 0202 0104 0204 0404 0404 0302 0304 0401 0201 0204 0303 0401 0303 0401 0304 0301 0402 0303 0101 0202 0303 0302 0104 0401 0302 0303 0303 0302 0402 0204 0201 0101 0203 0402 0302 0104 0102 0201 0402 0404 0304 0401 0403 0404 0103 0101 0403 0404 0103 0304 0103 0303 0104 0203 0301 0102 0303
150 , 0103 0201 0404 0203 0203 0303 0303 0204 0202 0402 0102 0102 0304 0203 0201 0401 0202 0104 0204 0403 0404 0104 0304 0401 0301 0104 0304 0401 0303 0401 0303 0301 0402 0303 0101 0203 0301 0302 0204 0101 0403 0304 0303 0302 0401 0204 0304 0203 0404 0402 0302 0204 0202 0202 0302 0104 0104 0401 0101 0204 0103 0301 0403 0303 0203 0303 0102 0403 0104 0201 0201 0102 0302
151 , 0303 0201 0404 0103 0202 0303 0303 0204 0202 0402 0101 0102 0304 0203 0201 0401 0202 0104 0204 0303 0404 0104 0304 0401 0301 0104 0304 0401 0303 0401 0303 0301 0402 0303 0101 0203 0301 0402 0404 0101 0403 0304 0302 0302 0101 0204 0404 0203 0404 0402 0302 0204 0202 0202 0302 0104 0102 0401 0101 0104 0103 0301 0403 0403 0203 0304 0302 0403 0104 0203 0201 0102 0302
152 , 0103 0201 0404 0103 0203 0303 0303 0204 0202 0402 0102 0102 0204 0203 0301 0402 0202 0104 0204 0403 0404 0104 0304 0401 0301 0104 0304 0401 0303 0401 0303 0301 0401 0303 0101 0203 0301 0402 0104 0101 0403 0304 0302 0302 0101 0204 0404 0203 0404 0403 0302 0204 0202 0202 0302 0104 0102 0401 0101 0104 0103 0301 0403 0403 0203 0304 0302 0403 0104 0203 0201 0102 0302
153 , 0103 0201 0404 0103 0203 0303 0303 0204 0202 0402 0101 0102 0304 0203 0201 0401 0202 0104 0203 0403 0404 0104 0304 0401 0301 0104 0304 0401 0303 0401 0303 0301 0402 0303 0102 0203 0301 0302 0104 0401 0302 0303 0303 0302 0402 0204 0201 0201 0203 0402 0302 0104 0102 0201 0402 0404 0304 0401 0403 0404 0103 0101 0403 0404 0103 0304 0103 0303 0104 0203 0301 0102 0303
154 , 0101 0201 0401 0203 0203 0303 0303 0204 0403 0302 0102 0102 0304 0201 0201 0401 0102 0104 0202 0404 0404 0104 0304 0401 0301 0103 0304 0401 0303 0401 0304 0301 0302 0303 0101 0203 0301 0302 0104 0301 0304 0303 0303 0302 0402 0204 0201 0201 0303 0402 0302 0104 0102 0201 0402 0404 0304 0401 0403 0404 0103 0101 0403 0404 0103 0304 0103 0303 0101 0203 0301 0102 0303
155 , 0104 0204 0401 0104 0303 0403 0203 0201 0102 0404 0402 0304 0404 0203 0202 0402 0202 0203 0201 0401 0204 0101 0101 0401 0303 0104 0304 0302 0303 0403 0204 0301 0402 0302 0101 0203 0201 0302 0104 0401 0302 0303 0303 0302 0402 0204 0201 0201 0202 0402 0303 0104 0202 0201 0402 0404 0304 0401 0403 0404 0103 0101 0403 0404 0103 0304 0103 0303 0104 0103 0301 0102 0303
156 , 0103 0201 0404 0103 0203 0303 0303 0204 0202 0402 0102 0102 0304 0202 0201 0401 0202 0102 0204 0403 0404 0104 0304 0401 0301 0204 0304 0401 0303 0401 0303 0301 0402 0303 0101 0203 0301 0302 0104 0401 0302 0303 0303 0302 0302 0204 0201 0101 0203 0402 0302 0104 0102 0201 0402 0404 0304 0401 0403 0404 0103 0101 0403 0404 0103 0304 0104 0303 0104 0203 0301 0102 0303
157 , 0104 0204 0401 0104 0303 0403 0203 0201 0102 0404 0402 0304 0404 0203 0202 0402 0202 0203 0201 0401 0204 0101 0101 0401 0303 0104 0304 0302 0303 0403 0204 0301 0402 0302 0101 0203 0201 0302 0104 0401 0302 0303 0303 0302 0303 0204 0201 0101 0203 0402 0302 0104 0102 0204 0402 0404 0304 0401 0403 0404 0103 0101 0403 0404 0103 0304 0103 0303 0104 0203 0301 0102 0303
158 , 0103 0201 0403 0103 0403 0303 0303 0204 0202 0402 0102 0103 0304 0203 0201 0401 0202 0104 0204 0403 0404 0104 0304 0401 0301 0104 0304 0401 0303 0401 0303 0301 0102 0303 0101 0203 0301 0302 0104 0301 0304 0303 0303 0302 0402 0204 0201 0201 0303 0402 0302 0104 0102 0301 0402 0404 0304 0401 0403 0404 0103 0101 0403 0404 0103 0304 0103 0303 0101 0203 0301 0102 0303
159 , 0103 0201 0404 0103 0203 0303 0303 0204 0202 0402 0102 0102 0304 0203 0201 0401 0202 0102 0204 0403 0404 0104 0304 0401 0301 0104 0304 0401 0303 0401 0303 0301 0402 0303 0101 0203 0301 0402 0404 0101 0403 0304 0302 0302 0101 0204 0404 0203 0404 0402 0302 0204 0202 0202 0302 0104 0102 0401 0101 0104 0103 0301 0403 0403 0203 0304 0302 0403 0104 0203 0201 0102 0302
160 , 0103 0201 0403 0103 0403 0303 0303 0204 0202 0402 0102 0103 0303 0203 0201 0401 0202 0104 0204 0403 0404 0104 0304 0401 0304 0104 0304 0401 0303 0401 0303 0301 0102 0303 0102 0202 0301 0302 0104 0301 0304 0303 0303 0302 0402 0204 0201 0201 0303 0402 0303 0104 0102 0201 0402 0404 0304 0401 0403 0404 0103 0101 0403 0404 0103 0304 0101 0303 0101 0203 0301 0103 0303
161 , 0104 0204 0401 0104 0303 0403 0203 0201 0102 0404 0402 0304 0404 0203 0202 0402 0202 0203 0201 0401 0204 0101 0101 0401 0303 0104 0304 0302 0303 0403 0204 0301 0402 0302 0101 0203 0201 0302 0104 0401 0302 0303 0303 0302 0402 0204 0201 0101 0203 0402 0302 0104 0102 0201 0402 0404 0304 0401 0403 0404 0103 0101 0403 0404 0103 0304 0103 0303 0104 0203 0301 0202 0303
162 , 0101 0201 0401 0203 0203 0303 0303 0204 0403 0302 0102 0102 0304 0204 0201 0401 0102 0104 0202 0404 0404 0104 0304 0401 0301 0103 0304 0401 0303 0401 0304 0301 0302 0303 0101 0203 0301 0302 0104 0401 0302 0303 0303 0302 0402 0204 0201 0101 0203 0402 0302 0104 0102 0201 0402 0404 0304 0401 0403 0404 0103 0101 0403 0404 0103 0204 0103 0303 0104 0203 0301 0102 0303
163 , 0103 0201 0404 0103 0203 0303 0303 0204 0202 0402 0101 0102 0304 0203 0201 0401 0202 0104 0204 0403 0404 0104 0304 0401 0301 0104 0304 0401 0303 0401 0303 0301 0402 0303 0102 0203 0301 0102 0104 0102 0302 0303 0303 0302 0404 0303 0201 0201 0203 0402 0102 0104 0101 0201 0402 0204 0404 0401 0403 0404 0103 0101 0303 0404 0103 0304 0103 0403 0103 0203 0301 0102 0303
164 , 0103 0201 0404 0103 0203 0303 0303 0204 0202 0402 0102 0102 0304 0203 0201 0401 0202 0102 0204 0403 0404 0104 0304 0401 0301 0104 0304 0401 0303 0401 0303 0301 0402 0303 0101 0203 0301 0302 0102 0101 0304 0303 0303 0302 0402 0204 0401 0201 0203 0104 0302 0104 0202 0201 0402 0404 0404 0403 0203 0401 0102 0101 0403 0304 0103 0304 0103 0403 0104 0203 0301 0102 0203
165 , 0103 0201 0404 0103 0203 0303 0303 0204 0202 0402 0102 0102 0304 0203 0401 0401 0202 0104 0204 0403 0404 0104 0304 0401 0301 0104 0304 0401 0303 0401 0303 0301 0402 0303 0101 0203 0301 0302 0104 0301 0304 0303 0303 0302 0402 0204 0201 0201 0303 0402 0302 0104 0102 0201 0402 0404 0304 0401 0403 0404 0103 0101 0403 0404 0103 0304 0103 0303 0101 0203 0301 0102 0303
166 , 0103 0201 0403 0103 0403 0303 0303 0204 0202 0402 0102 0103 0304 0203 0201 0401 0202 0104 0204 0403 0404 0104 0304 0401 0301 0104 0304 0401 0303 0401 0303 0301 0102 0303 0101 0203 0301 0302 0101 0101 0304 0303 0303 0302 0402 0104 0401 0201 0203 0304 0302 0104 0202 0201 0402 0404 0404 0403 0203 0404 0102 0102 0403 0304 0103 0304 0103 0403 0104 0203 0301 0102 0203
167 , 0103 0201 0403 0103 0403 0303 0303 0204 0202 0402 0102 0103 0304 0203 0201 0403 0202 0104 0204 0403 0401 0104 0304 0401 0301 0104 0304 0401 0303 0401 0303 0401 0102 0303 0101 0203 0301 0302 0102 0101 0304 0303 0303 0302 0402 0204 0401 0201 0203 0104 0302 0104 0202 0201 0402 0404 0404 0403 0203 0401 0102 0101 0403 0304 0103 0304 0103 0403 0104 0203 0301 0102 0203
168 , 0103 0201 0201 0103 0403 0303 0303 0204 0202 0404 0102 0102 0303 0403 0201 0402 0202 0104 0204 0404 0403 0302 0304 0401 0201 0104 0303 0402 0303 0401 0301 0301 0402 0303 0201 0202 0401 0302 0101 0101 0304 0303 0303 0302 0402 0104 0401 0201 0203 0304 0302 0104 0202 0201 0402 0401 0404 0403 0203 0404 0102 0102 0403 0304 0103 0304 0103 0403 0104 0203 0301 0102 0203
169 , 0103 0201 0403 0103 0403 0303 0303 0204 0202 0402 0102 0103 0304 0203 0201 0401 0203 0104 0204 0403 0404 0104 0304 0401 0301 0104 0304 0401 0303 0401 0303 0301 0102 0303 0101 0203 0301 0302 0104 0301 0304 0303 0303 0302 0402 0204 0201 0201 0303 0402 0302 0104 0302 0201 0402 0404 0304 0101 0403 0404 0103 0101 0403 0404 0103 0304 0103 0304 0101 0203 0301 0102 0303
170 , 0101 0201 0401 0203 0203 0303 0303 0204 0403 0302 0102 0102 0304 0204 0201 0401 0102 0104 0202 0404 0404 0104 0304 0401 0301 0103 0304 0401 0303 0401 0304 0301 0302 0303 0101 0203 0301 0302 0104 0301 0304 0303 0303 0302 0402 0404 0201 0201 0303 0402 0302 0104 0102 0201 0402 0404 0304 0401 0403 0404 0103 0101 0403 0404 0103 0304 0103 0303 0101 0203 0301 0102 0303
171 , 0103 0201 0201 0103 0403 0303 0303 0204 0202 0404 0102 0102 0301 0403 0201 0402 0202 0104 0204 0404 0404 0302 0304 0101 0201 0104 0303 0401 0303 0401 0304 0301 0402 0303 0101 0202 0301 0402 0404 0101 0403 0304 0302 0202 0101 0204 0404 0203 0404 0403 0302 0204 0202 0202 0302 0104 0102 0401 0101 0104 0103 0301 0403 0403 0203 0304 0302 0403 0104 0203 0201 0102 0302
172 , 0303 0201 0404 0103 0203 0303 0303 0204 0202 0402 0101 0102 0304 0203 0201 0401 0202 0104 0204 0403 0404 0104 0304 0401 0301 0104 0304 0401 0303 0401 0303 0301 0402 0303 0101 0203 0301 0302 0102 0101 0304 0303 0303 0302 0402 0204 0401 0201 0203 0104 0302 0104 0202 0201 0402 0404 0404 0403 0203 0401 0102 0101 0403 0304 0103 0304 0103 0403 0104 0203 0301 0102 0203
173 , 0103 0201 0403 0103 0403 0303 0303 0204 0202 0402 0102 0103 0304 0203 0201 0401 0202 0104 0204 0403 0404 0104 0304 0401 0301 0104 0304 0401 0303 0401 0303 0301 0102 0303 0101 0203 0301 0402 0104 0101 0403 0304 0302 0302 0101 0204 0404 0203 0404 0403 0302 0204 0202 0202 0302 0104 0102 0401 0101 0104 0103 0301 0403 0403 0203 0304 0302 0403 0104 0203 0201 0102 0302
174 , 0103 0201 0404 0103 0203 0303 0303 0204 0202 0402 0101 0102 0304 0203 0201 0401 0202 0104 0204 0403 0404 0104 0304 0401 0301 0104 0304 0401 0303 0401 0303 0301 0402 0303 0102 0203 0301 0302 0102 0103 0302 0303 0201 0302 0403 0204 0401 0201 0404 0402 0301 0304 0102 0102 0404 0403 0304 0401 0401 0404 0203 0301 0403 0103 0103 0304 0102 0403 0101 0203 0201 0102 0302
175 , 0103 0201 0403 0103 0403 0303 0303 0204 0202 0402 0102 0103 0304 0203 0201 0401 0202 0104 0204 0403 0404 0104 0304 0401 0301 0104 0304 0401 0303 0401 0303 0301 0102 0303 0101 0203 0301 0302 0101 0101 0304 0303 0303 0302 0402 0104 0401 0201 0203 0304 0302 0104 0202 0201 0402 0404 0404 0403 0203 0404 0102 0102 0403 0304 0103 0304 0103 0403 0104 0203 0301 0102 0203
176 , 0104 0204 0401 0104 0303 0403 0203 0201 0102 0404 0402 0304 0404 0203 0202 0402 0202 0203 0201 0401 0204 0101 0101 0401 0303 0104 0304 0302 0303 0403 0204 0301 0402 0302 0101 0203 0201 0302 0204 0101 0403 0304 0303 0302 0401 0204 0304 0203 0404 0402 0302 0204 0202 0202 0302 0104 0104 0401 0101 0204 0103 0301 0403 0303 0203 0303 0102 0403 0104 0201 0201 0102 0302
177 , 0303 0201 0404 0103 0203 0303 0303 0204 0202 0402 0101 0102 0304 0203 0201 0401 0202 0104 0204 0403 0404 0104 0304 0401 0301 0104 0304 0401 0303 0401 0303 0301 0402 0303 0101 0203 0301 0302 0104 0401 0302 0303 0303 0302 0402 0204 0201 0101 0203 0402 0302 0104 0102 0201 0402 0404 0304 0401 0403 0404 0103 0101 0403 0404 0103 0304 0103 0303 0104 0203 0301 0202 0303
178 , 0101 0201 0401 0203 0203 0303 0303 0204 0403 0302 0102 0102 0304 0204 0201 0401 0102 0104 0202 0404 0404 0104 0304 0401 0301 0103 0304 0401 0303 0401 0304 0301 0302 0303 0101 0203 0301 0402 0404 0101 0403 0304 0302 0302 0101 0204 0404 0203 0404 0402 0302 0204 0202 0202 0302 0104 0102 0401 0101 0104 0103 0301 0403 0403 0203 0304 0302 0403 0104 0203 0201 0102 0302
179 , 0103 0201 0403 0103 0403 0303 0303 0204 0202 0402 0102 0103 0304 0203 0201 0301 0202 0304 0204 0403 0404 0104 0304 0401 0301 0104 0304 0401 0303 0401 0303 0301 0102 0303 0301 0302 0301 0402 0402 0101 0403 0304 0302 0302 0101 0204 0404 0203 0404 0402 0302 0204 0202 0202 0302 0104 0102 0401 0101 0104 0103 0301 0403 0403 0203 0304 0302 0403 0204 0203 0201 0102 0302
180 , 0303 0201 0404 0103 0202 0303 0303 0204 0202 0402 0101 0102 0304 0203 0201 0401 0202 0104 0204 0303 0404 0104 0304 0401 0301 0104 0304 0401 0303 0401 0303 0301 0402 0303 0101 0203 0301 0102 0104 0102 0302 0303 0303 0302 0404 0303 0201 0201 0203 0402 0102 0104 0101 0201 0402 0204 0404 0401 0403 0404 0103 0101 0303 0404 0103 0304 0103 0403 0103 0203 0301 0102 0303
181 , 0103 0201 0403 0103 0403 0303 0303 0204 0202 0402 0102 0203 0304 0203 0201 0401 0202 0104 0204 0403 0404 0104 0304 0401 0301 0104 0304 0401 0303 0401 0303 0301 0102 0303 0101 0203 0301 0102 0104 0102 0302 0303 0303 0302 0404 0303 0201 0201 0203 0402 0402 0104 0101 0201 0402 0204 0404 0401 0403 0404 0103 0101 0303 0404 0103 0304 0103 0403 0103 0203 0301 0102 0303
182 , 0101 0201 0401 0203 0203 0303 0303 0204 0403 0302 0102 0102 0304 0201 0201 0401 0102 0104 0202 0404 0404 0104 0304 0401 0301 0103 0304 0401 0303 0401 0304 0301 0302 0303 0101 0203 0301 0102 0104 0102 0302 0303 0303 0302 0404 0303 0201 0201 0203 0402 0102 0104 0101 0201 0402 0204 0404 0401 0403 0404 0103 0101 0303 0404 0103 0304 0103 0403 0103 0203 0301 0101 0303
183 , 0103 0201 0404 0103 0203 0303 0303 0204 0202 0402 0101 0102 0304 0203 0301 0401 0202 0104 0204 0403 0404 0104 0304 0401 0301 0104 0304 0401 0303 0401 0303 0301 0402 0303 0102 0203 0301 0302 0104 0301 0304 0303 0303 0302 0402 0204 0201 0201 0303 0402 0302 0104 0102 0201 0402 0404 0304 0401 0403 0404 0103 0101 0403 0404 0103 0304 0103 0303 0101 0203 0301 0102 0303
184 , 0103 0201 0403 0103 0403 0303 0303 0204 0202 0402 0102 0103 0304 0203 0201 0401 0203 0104 0204 0403 0404 0104 0304 0401 0301 0104 0304 0401 0303 0401 0303 0301 0102 0303 0101 0203 0301 0302 0104 0401 0302 0303 0303 0302 0402 0204 0203 0201 0203 0401 0302 0104 0102 0201 0402 0403 0304 0401 0403 0404 0103 0103 0403 0404 0103 0304 0103 0303 0104 0203 0301 0102 0303
185 , 0103 0201 0201 0303 0204 0302 0103 0204 0302 0404 0102 0104 0404 0203 0103 0401 0201 0204 0404 0303 0404 0104 0104 0402 0303 0104 0304 0301 0303 0401 0204 0301 0102 0302 0101 0203 0201 0302 0104 0401 0302 0303 0303 0302 0402 0204 0201 0201 0202 0402 0303 0104 0202 0201 0402 0404 0304 0401 0403 0404 0103 0101 0403 0404 0103 0304 0103 0303 0104 0103 0301 0102 0303
186 , 0103 0201 0404 0103 0203 0303 0303 0204 0202 0402 0102 0102 0204 0203 0301 0402 0202 0104 0204 0403 0404 0104 0304 0401 0301 0104 0304 0401 0303 0401 0303 0301 0401 0303 0101 0203 0301 0302 0102 0103 0302 0303 0201 0302 0403 0204 0401 0201 0404 0402 0301 0304 0102 0102 0404 0403 0304 0401 0401 0404 0203 0301 0403 0403 0103 0304 0102 0403 0101 0203 0201 0102 0302
187 , 0103 0201 0101 0103 0403 0303 0303 0204 0201 0404 0102 0102 0303 0403 0201 0402 0202 0104 0204 0404 0404 0302 0304 0401 0201 0204 0303 0401 0303 0401 0304 0301 0402 0303 0101 0202 0301 0302 0104 0401 0302 0303 0303 0302 0402 0104 0201 0201 0202 0402 0303 0104 0202 0201 0402 0404 0304 0401 0403 0404 0103 0101 0403 0404 0103 0304 0103 0303 0104 0103 0301 0102 0303
188 , 0103 0201 0403 0103 0403 0303 0303 0204 0202 0402 0102 0203 0304 0203 0201 0401 0202 0104 0204 0403 0404 0104 0304 0401 0301 0104 0304 0401 0303 0401 0303 0301 0102 0303 0101 0203 0301 0302 0104 0401 0302 0303 0303 0302 0402 0204 0401 0101 0203 0402 0302 0104 0102 0201 0402 0404 0304 0401 0403 0404 0103 0101 0403 0404 0103 0304 0103 0303 0104 0203 0301 0102 0303
189 , 0103 0201 0101 0103 0403 0303 0303 0204 0201 0404 0102 0102 0303 0403 0201 0402 0202 0104 0204 0404 0404 0302 0304 0401 0201 0204 0303 0401 0303 0401 0304 0301 0402 0303 0101 0202 0301 0102 0104 0102 0302 0303 0303 0302 0404 0303 0201 0201 0203 0402 0102 0104 0101 0201 0402 0204 0404 0401 0403 0404 0103 0101 0303 0404 0103 0304 0103 0403 0103 0203 0301 0102 0303
190 , 0104 0204 0401 0104 0303 0403 0203 0201 0102 0404 0402 0304 0404 0303 0202 0402 0202 0203 0201 0401 0204 0101 0101 0401 0303 0104 0304 0302 0303 0403 0204 0301 0402 0302 0101 0203 0201 0302 0104 0401 0302 0303 0303 0302 0402 0204 0201 0201 0203 0402 0302 0104 0102 0201 0202 0404 0304 0401 0403 0404 0103 0101 0403 0404 0103 0304 0103 0303 0104 0203 0301 0102 0303
191 , 0103 0204 0401 0104 0303 0403 0303 0204 0102 0404 0402 0304 0404 0203 0203 0402 0202 0203 0201 0401 0404 0101 0102 0401 0303 0104 0304 0302 0303 0401 0204 0301 0402 0302 0101 0203 0201 0302 0104 0301 0304 0303 0303 0302 0402 0204 0201 0202 0303 0402 0302 0104 0102 0201 0402 0404 0304 0401 0403 0404 0103 0101 0403 0404 0103 0304 0103 0303 0101 0203 0301 0104 0303
192 , 0103 0201 0404 0103 0203 0303 0303 0204 0202 0402 0101 0102 0304 0203 0201 0401 0202 0104 0204 0403 0404 0104 0304 0401 0301 0104 0304 0401 0303 0401 0303 0301 0402 0303 0102 0203 0301 0402 0404 0101 0403 0304 0302 0302 0101 0204 0404 0203 0404 0403 0302 0204 0202 0202 0302 0104 0102 0401 0101 0104 0103 0301 0403 0403 0203 0304 0302 0403 0104 0203 0201 0102 0302
193 , 0103 0201 0404 0403 0203 0303 0303 0204 0202 0402 0102 0102 0304 0203 0201 0401 0202 0104 0204 0403 0404 0104 0304 0401 0301 0104 0304 0401 0303 0401 0303 0301 0402 0303 0101 0203 0301 0402 0402 0101 0403 0304 0302 0302 0101 0204 0404 0203 0404 0402 0302 0204 0202 0202 0302 0104 0102 0401 0101 0104 0103 0301 0403 0403 0203 0304 0302 0403 0204 0203 0201 0102 0302
194 , 0103 0201 0403 0103 0403 0303 0303 0204 0202 0402 0102 0203 0304 0203 0201 0401 0202 0104 0204 0403 0404 0104 0304 0401 0301 0104 0304 0401 0303 0401 0303 0301 0102 0303 0101 0203 0301 0302 0104 0301 0304 0303 0303 0302 0402 0204 0201 0202 0303 0402 0302 0104 0102 0201 0402 0404 0304 0401 0403 0404 0103 0101 0403 0404 0103 0304 0103 0303 0101 0203 0301 0102 0303
195 , 0104 0204 0401 0104 0303 0403 0203 0201 0102 0404 0402 0304 0404 0203 0202 0402 0202 0203 0201 0401 0204 0101 0101 0401 0303 0104 0304 0302 0303 0403 0204 0301 0402 0302 0101 0203 0201 0102 0104 0102 0302 0303 0303 0302 0404 0303 0201 0201 0203 0402 0102 0104 0101 0201 0402 0204 0404 0401 0403 0404 0103 0101 0303 0404 0103 0304 0103 0403 0103 0203 0301 0102 0303
196 , 0103 0201 0404 0103 0203 0303 0303 0204 0202 0402 0102 0102 0304 0203 0401 0401 0202 0104 0204 0403 0404 0104 0304 0401 0301 0104 0304 0401 0303 0401 0303 0301 0402 0303 0101 0203 0301 0302 0104 0401 0302 0303 0303 0302 0402 0204 0201 0101 0203 0402 0302 0104 0102 0201 0402 0404 0304 0401 0403 0404 0103 0101 0403 0404 0103 0304 0103 0303 0104 0203 0301 0202 0303
197 , 0103 0201 0404 0103 0203 0303 0303 0204 0202 0402 0102 0102 0204 0203 0301 0402 0202 0104 0204 0403 0404 0104 0304 0401 0301 0104 0304 0401 0303 0401 0303 0301 0401 0303 0101 0203 0301 0102 0104 0102 0302 0303 0303 0302 0404 0303 0201 0201 0203 0402 0102 0104 0101 0201 0402 0204 0404 0401 0403 0404 0103 0101 0303 0404 0104 0304 0103 0403 0103 0203 0301 0102 0303
198 , 0103 0201 0404 0103 0203 0303 0303 0204 0202 0402 0102 0102 0304 0203 0201 0401 0202 0102 0204 0403 0404 0104 0304 0401 0301 0104 0304 0401 0303 0401 0303 0301 0402 0303 0101 0203 0301 0302 0104 0401 0302 0303 0303 0302 0402 0204 0203 0201 0203 0402 0302 0104 0102 0201 0402 0403 0304 0401 0403 0404 0103 0104 0403 0404 0103 0304 0103 0303 0104 0203 0301 0102 0303
199 , 0103 0201 0403 0103 0403 0303 0303 0204 0202 0402 0102 0203 0304 0203 0201 0401 0202 0104 0204 0403 0404 0104 0304 0401 0301 0104 0304 0401 0303 0401 0303 0301 0102 0303 0101 0203 0301 0302 0101 0101 0304 0303 0303 0302 0402 0104 0401 0201 0203 0304 0302 0104 0202 0201 0402 0404 0404 0403 0203 0404 0102 0102 0403 0304 0103 0304 0103 0403 0104 0203 0301 0102 0203
200 , 0103 0201 0403 0103 0403 0303 0303 0204 0202 0402 0102 0103 0304 0203 0201 0401 0403 0104 0204 0403 0404 0104 0304 0401 0301 0104 0304 0401 0303 0401 0303 0301 0102 0303 0101 0203 0301 0302 0102 0101 0304 0303 0303 0302 0402 0204 0401 0201 0203 0304 0302 0104 0202 0201 0402 0404 0404 0303 0203 0404 0102 0101 0403 0304 0203 0304 0103 0103 0104 0203 0302 0102 0204