Generated genotype output
1
2
3
4
5
6
7
8
9
10
11
12
13
14
15
16
17
18
19
20
21
22
23
24
25
26
27
28
29
30
31
32
33
34
35
36
37
38
39
40
Pop
1 , 0404 0304 0204 0404 0204 0104 0403 0103 0102 0401 0304 0103 0304 0403 0103 0301 0404 0403 0402 0301 0404 0300 0204 0403 0203 0302 0403 0403 0102 0403 0404 0302 0304 0403 0303 0300 0004 0403 0402 0301
2 , 0404 0304 0004 0403 0204 0101 0400 0100 0000 0403 0404 0102 0304 0403 0300 0303 0404 0400 0402 0301 0004 0303 0204 0403 0202 0102 0403 0103 0100 0403 0404 0102 0304 0403 0303 0003 0000 0403 0402 0301
3 , 0404 0004 0204 0403 0204 0102 0403 0103 0102 0403 0404 0102 0301 0402 0303 0300 0404 0403 0402 0301 0404 0304 0202 0403 0204 0402 0403 0104 0102 0403 0404 0202 0301 0403 0303 0303 0404 0403 0400 0300
4 , 0004 0304 0204 0403 0104 0102 0403 0103 0102 0403 0404 0102 0304 0403 0301 0303 0404 0403 0400 0301 0404 0304 0204 0403 0204 0102 0403 0103 0202 0403 0404 0404 0304 0403 0301 0303 0404 0403 0402 0301
5 , 0404 0304 0204 0403 0204 0102 0403 0103 0102 0403 0404 0102 0304 0403 0303 0300 0404 0403 0402 0301 0404 0304 0204 0400 0204 0102 0003 0103 0002 0403 0404 0102 0302 0401 0300 0303 0404 0403 0402 0301
6 , 0404 0304 0204 0103 0204 0100 0403 0101 0102 0401 0404 0102 0304 0403 0304 0303 0404 0403 0402 0301 0404 0304 0204 0403 0204 0101 0403 0103 0102 0400 0404 0102 0304 0403 0303 0303 0404 0403 0402 0301
7 , 0304 0304 0204 0003 0204 0102 0403 0303 0102 0403 0404 0102 0304 0403 0303 0303 0404 0403 0402 0301 0403 0304 0200 0403 0204 0102 0403 0103 0102 0403 0404 0102 0304 0003 0303 0303 0404 0403 0402 0300
8 , 0404 0304 0204 0402 0204 0003 0403 0102 0102 0403 0404 0102 0304 0403 0303 0300 0404 0403 0403 0301 0404 0304 0200 0403 0204 0102 0403 0103 0102 0403 0404 0101 0304 0303 0303 0301 0404 0400 0404 0001
9 , 0404 0303 0204 0403 0203 0302 0403 0403 0102 0403 0404 0304 0304 0403 0302 0303 0404 0403 0002 0301 0404 0404 0204 0403 0204 0302 0403 0103 0102 0403 0404 0100 0304 0403 0303 0303 0004 0403 0402 0301
10 , 0404 0304 0204 0403 0204 0104 0403 0303 0102 0003 0404 0102 0304 0403 0303 0303 0404 0403 0402 0301 0404 0304 0204 0403 0204 0102 0403 0103 0102 0403 0404 0102 0304 0403 0302 0303 0404 0103 0402 0300
11 , 0404 0304 0201 0403 0204 0102 0403 0103 0102 0403 0404 0402 0302 0303 0303 0303 0004 0403 0402 0301 0404 0301 0204 0403 0204 0103 0403 0103 0102 0000 0404 0102 0304 0400 0303 0303 0404 0403 0402 0301
12 , 0304 0304 0204 0400 0004 0202 0403 0103 0102 0403 0304 0102 0304 0403 0303 0303 0404 0003 0404 0301 0404 0304 0204 0403 0200 0102 0403 0103 0102 0400 0404 0002 0304 0403 0303 0303 0404 0303 0402 0301
13 , 0404 0304 0204 0403 0204 0103 0403 0103 0402 0403 0404 0102 0304 0403 0303 0303 0404 0403 0402 0301 0104 0304 0204 0403 0204 0102 0403 0103 0102 0403 0404 0101 0304 0400 0003 0303 0404 0203 0402 0301
14 , 0400 0304 0204 0403 0201 0102 0403 0103 0102 0403 0404 0102 0204 0403 0303 0303 0404 0003 0002 0301 0404 0304 0204 0400 0204 0102 0403 0103 0102 0403 0404 0102 0304 0403 0303 0303 0404 0403 0400 0301
15 , 0404 0301 0204 0403 0204 0102 0403 0103 0102 0403 0404 0102 0304 0403 0303 0303 0404 0403 0402 0301 0402 0304 0404 0203 0204 0102 0402 0003 0102 0403 0404 0302 0304 0403 0304 0303 0404 0403 0402 0301
16 , 0404 0304 0204 0003 0202 0102 0403 0103 0102 0400 0404 0102 0304 0403 0303 0303 0404 0403 0402 0304 0404 0304 0204 0403 0201 0102 0403 0103 0102 0403 0404 0002 0304 0403 0303 0303 0404 0403 0402 0301
17 , 0404 0304 0004 0403 0204 0302 0403 0103 0102 0403 0404 0102 0004 0403 0303 0203 0404 0403 0002 0301 0404 0300 0204 0403 0204 0002 0403 0103 0102 0403 0402 0102 0304 0403 0103 0303 0404 0403 0400 0301
18 , 0401 0304 0204 0403 0200 0102 0403 0100 0102 0403 0404 0102 0304 0400 0303 0303 0404 0403 0402 0101 0403 0304 0204 0403 0004 0102 0403 0101 0104 0403 0404 0102 0304 0403 0003 0303 0404 0403 0402 0301
19 , 0404 0300 0204 0403 0204 0102 0403 0103 0102 0403 0401 0102 0302 0400 0303 0303 0404 0403 0402 0301 0404 0304 0204 0403 0204 0102 0403 0003 0102 0403 0404 0102 0304 0403 0303 0303 0402 0403 0402 0301
20 , 0404 0304 0204 0403 0104 0202 0404 0103 0101 0403 0404 0102 0004 0403 0303 0303 0404 0403 0402 0301 0404 0304 0204 0403 0204 0103 0403 0103 0402 0403 0404 0102 0300 0403 0300 0003 0404 0403 0402 0301
21 , 0304 0304 0204 0403 0204 0100 0403 0103 0102 0403 0104 0102 0304 0403 0303 0303 0404 0403 0402 0301 0404 0304 0204 0403 0204 0102 0403 0103 0102 0403 0404 0102 0304 0401 0203 0303 0404 0404 0402 0301
22 , 0404 0304 0204 0403 0203 0102 0403 0103 0102 0403 0400 0102 0304 0401 0304 0303 0404 0403 0402 0301 0404 0304 0204 0403 0004 0102 0400 0003 0102 0403 0404 0102 0304 0003 0303 0303 0403 0003 0402 0301
23 , 0404 0304 0204 0403 0204 0102 0403 0102 0002 0303 0404 0102 0304 0400 0303 0301 0004 0403 0402 0304 0404 0300 0200 0403 0204 0102 0403 0103 0102 0403 0204 0102 0304 0403 0303 0303 0404 0403 0402 0301
24 , 0404 0302 0104 0403 0204 0100 0300 0103 0103 0403 0404 0102 0304 0402 0303 0303 0404 0403 0402 0300 0401 0304 0200 0403 0204 0402 0403 0103 0102 0403 0404 0100 0304 0403 0303 0303 0404 0403 0402 0301
25 , 0404 0004 0204 0403 0204 0104 0403 0103 0102 0403 0003 0102 0304 0403 0303 0303 0404 0403 0402 0301 0404 0004 0204 0403 0004 0002 0403 0103 0102 0403 0400 0102 0304 0403 0303 0303 0404 0403 0402 0301
26 , 0404 0300 0204 0403 0204 0102 0403 0102 0102 0403 0404 0101 0304 0403 0303 0303 0404 0403 0402 0301 0402 0304 0204 0403 0200 0102 0401 0003 0102 0403 0404 0102 0301 0403 0303 0303 0404 0403 0402 0301
27 , 0404 0304 0204 0403 0204 0102 0403 0103 0102 0403 0401 0102 0304 0403 0303 0303 0404 0403 0002 0301 0104 0300 0204 0403 0204 0102 0403 0103 0102 0403 0404 0101 0004 0403 0303 0303 0404 0203 0001 0301
28 , 0404 0304 0204 0403 0204 0102 0403 0003 0102 0403 0404 0102 0302 0403 0303 0304 0404 0403 0402 0301 0404 0304 0204 0403 0004 0102 0403 0103 0102 0403 0404 0102 0204 0403 0303 0403 0404 0403 0400 0301
29 , 0304 0004 0204 0403 0204 0102 0402 0103 0102 0403 0404 0102 0404 0403 0303 0403 0204 0403 0402 0301 0400 0304 0004 0403 0203 0102 0003 0103 0102 0403 0404 0102 0304 0401 0300 0303 0404 0403 0402 0301
30 , 0404 0304 0204 0403 0204 0102 0400 0103 0102 0403 0404 0102 0304 0403 0303 0303 0404 0403 0402 0301 0404 0304 0204 0403 0204 0102 0403 0103 0102 0000 0400 0102 0304 0403 0301 0303 0404 0303 0402 0301
31 , 0404 0304 0204 0403 0204 0102 0403 0103 0102 0403 0404 0002 0304 0403 0303 0303 0404 0403 0402 0301 0404 0304 0204 0303 0204 0002 0403 0103 0102 0403 0404 0002 0304 0403 0303 0303 0404 0403 0402 0001
32 , 0304 0304 0200 0403 0204 0102 0400 0103 0102 0403 0404 0102 0304 0403 0303 0403 0200 0403 0402 0301 0404 0303 0204 0403 0204 0102 0403 0203 0102 0403 0404 0103 0304 0403 0303 0303 0404 0403 0402 0301
33 , 0404 0304 0004 0403 0204 0404 0403 0103 0102 0403 0404 0102 0304 0403 0303 0303 0004 0403 0402 0301 0404 0301 0204 0003 0204 0102 0003 0103 0102 0403 0404 0102 0404 0403 0303 0303 0404 0003 0402 0301
34 , 0404 0304 0204 0303 0204 0002 0403 0103 0102 0403 0404 0102 0304 0403 0303 0303 0404 0403 0402 0301 0404 0304 0204 0403 0204 0102 0403 0103 0102 0403 0004 0002 0304 0403 0303 0303 0404 0403 0402 0001
35 , 0404 0404 0404 0403 0404 0102 0203 0103 0102 0003 0404 0102 0300 0403 0300 0303 0404 0403 0402 0301 0404 0304 0204 0403 0004 0102 0400 0104 0102 0403 0404 0102 0304 0403 0300 0303 0404 0403 0402 0300
36 , 0404 0304 0204 0403 0204 0101 0403 0100 0102 0403 0404 0102 0204 0403 0303 0303 0404 0403 0402 0301 0404 0304 0201 0403 0204 0102 0403 0103 0102 0403 0404 0100 0004 0403 0303 0303 0404 0403 0402 0301
37 , 0004 0304 0204 0403 0204 0102 0403 0103 0102 0303 0404 0102 0304 0403 0302 0303 0404 0403 0402 0301 0401 0300 0204 0403 0204 0202 0404 0103 0102 0403 0404 0102 0304 0403 0303 0303 0404 0403 0402 0301
38 , 0404 0304 0204 0403 0204 0102 0403 0103 0102 0403 0404 0102 0304 0403 0303 0303 0404 0402 0401 0101 0404 0404 0204 0403 0204 0302 0403 0003 0102 0403 0404 0100 0304 0403 0303 0303 0404 0403 0402 0301
39 , 0404 0404 0204 0403 0204 0302 0403 0103 0102 0403 0404 0102 0304 0403 0303 0303 0404 0403 0402 0301 0401 0301 0204 0402 0204 0102 0403 0103 0002 0003 0004 0002 0304 0403 0303 0303 0404 0403 0402 0101
40 , 0404 0304 0204 0403 0202 0300 0403 0103 0102 0403 0404 0102 0304 0403 0303 0200 0404 0403 0402 0301 0404 0304 0204 0403 0204 0102 0403 0103 0102 0403 0004 0102 0304 0403 0303 0303 0404 0303 0402 0300
41 , 0404 0304 0204 0403 0404 0102 0403 0103 0100 0403 0404 0100 0304 0003 0004 0303 0400 0403 0402 0301 0404 0304 0204 0403 0204 0102 0403 0101 0102 0403 0404 0102 0304 0403 0303 0303 0401 0403 0402 0301
42 , 0404 0304 0204 0403 0204 0102 0303 0003 0102 0403 0004 0102 0304 0403 0303 0303 0404 0103 0402 0301 0404 0304 0004 0403 0204 0102 0403 0103 0102 0401 0404 0102 0304 0403 0304 0303 0404 0403 0402 0301
43 , 0400 0404 0204 0403 0204 0102 0203 0100 0102 0403 0404 0102 0304 0403 0303 0303 0404 0403 0403 0300 0404 0304 0204 0403 0204 0103 0203 0100 0102 0403 0404 0102 0300 0403 0303 0300 0304 0404 0403 0301
44 , 0404 0303 0204 0403 0204 0102 0402 0103 0102 0403 0404 0402 0004 0403 0303 0303 0404 0403 0402 0103 0404 0304 0204 0404 0200 0102 0403 0103 0102 0403 0404 0102 0304 0403 0303 0303 0404 0403 0404 0301
45 , 0404 0304 0204 0403 0204 0102 0403 0103 0102 0403 0404 0102 0301 0401 0203 0303 0404 0103 0402 0301 0402 0304 0402 0403 0202 0302 0403 0100 0102 0403 0404 0102 0301 0403 0103 0303 0404 0403 0402 0301
46 , 0404 0304 0204 0403 0204 0102 0404 0103 0102 0403 0404 0102 0304 0403 0301 0303 0404 0404 0402 0301 0404 0304 0204 0000 0204 0102 0403 0100 0102 0403 0004 0102 0304 0403 0303 0303 0404 0403 0002 0301
47 , 0204 0304 0204 0403 0204 0102 0403 0103 0102 0403 0404 0102 0304 0403 0303 0303 0404 0303 0402 0301 0404 0304 0204 0403 0204 0102 0403 0103 0100 0403 0404 0101 0304 0403 0303 0003 0404 0403 0402 0301
48 , 0004 0304 0204 0403 0204 0102 0403 0103 0102 0403 0404 0101 0304 0403 0303 0303 0404 0403 0002 0300 0404 0304 0204 0403 0204 0102 0403 0103 0102 0403 0404 0102 0304 0403 0303 0304 0404 0403 0402 0301
49 , 0404 0304 0204 0403 0204 0102 0403 0103 0102 0403 0104 0102 0304 0403 0303 0303 0404 0403 0402 0301 0404 0304 0204 0403 0204 0102 0403 0103 0102 0303 0004 0102 0004 0403 0302 0303 0404 0403 0402 0301
50 , 0404 0304 0204 0403 0204 0102 0403 0103 0100 0403 0404 0102 0204 0303 0303 0003 0404 0403 0103 0304 0400 0303 0204 0403 0204 0102 0403 0003 0100 0403 0404 0102 0304 0103 0303 0303 0404 0003 0402 0300