Generated genotype output
1
2
3
4
5
6
7
8
9
10
11
12
13
14
15
16
17
18
19
20
21
22
23
24
25
26
27
28
29
30
31
32
33
34
35
36
37
38
39
40
Pop
1 , 0204 0401 0404 0301 0201 0104 0303 0201 0301 0404 0302 0302 0101 0403 0204 0301 0104 0301 0201 0204 0401 0404 0301 0201 0104 0303 0402 0301 0402 0101 0201 0101 0403 0204 0101 0104 0301 0201
2 , 0204 0401 0404 0301 0201 0104 0303 0101 0301 0404 0302 0302 0101 0403 0204 0301 0104 0301 0201 0304 0103 0402 0402 0201 0401 0403 0401 0301 0101 0402 0303 0304 0404 0204 0101 0304 0301 0201
3 , 0104 0102 0402 0302 0201 0102 0402 0401 0401 0301 0402 0303 0302 0301 0204 0303 0104 0301 0201 0204 0401 0404 0301 0201 0104 0303 0401 0301 0404 0302 0302 0101 0403 0204 0301 0104 0301 0201
4 , 0204 0401 0404 0301 0201 0104 0303 0401 0301 0404 0302 0302 0101 0403 0204 0304 0104 0301 0201 0204 0401 0404 0301 0201 0104 0303 0401 0301 0404 0302 0302 0101 0403 0204 0304 0104 0301 0201
5 , 0303 0402 0201 0301 0203 0303 0101 0404 0103 0201 0201 0104 0101 0201 0304 0301 0302 0203 0402 0204 0401 0404 0302 0101 0104 0303 0401 0301 0404 0302 0302 0101 0403 0204 0301 0104 0301 0203
6 , 0104 0102 0402 0302 0201 0102 0402 0401 0301 0301 0402 0303 0302 0301 0204 0303 0104 0301 0201 0303 0402 0201 0301 0203 0303 0101 0404 0103 0201 0201 0104 0101 0201 0304 0301 0302 0203 0402
7 , 0204 0401 0404 0301 0201 0104 0303 0401 0301 0404 0302 0302 0101 0403 0204 0301 0104 0301 0201 0104 0102 0402 0302 0201 0102 0402 0401 0301 0301 0402 0303 0302 0301 0204 0303 0104 0301 0201
8 , 0204 0401 0404 0301 0301 0104 0303 0401 0301 0404 0302 0302 0101 0403 0204 0301 0104 0301 0201 0204 0401 0404 0301 0201 0104 0303 0402 0301 0402 0101 0301 0101 0403 0204 0101 0104 0301 0201
9 , 0204 0401 0404 0301 0201 0104 0303 0401 0301 0404 0302 0302 0101 0403 0204 0301 0104 0301 0201 0204 0401 0404 0301 0201 0104 0203 0401 0301 0404 0302 0301 0101 0402 0204 0301 0104 0301 0301
10 , 0204 0401 0404 0301 0201 0104 0303 0402 0301 0402 0101 0302 0103 0403 0204 0301 0104 0301 0201 0204 0401 0404 0301 0201 0104 0303 0402 0301 0402 0101 0301 0101 0403 0204 0101 0104 0301 0201
11 , 0104 0102 0402 0302 0201 0102 0402 0401 0301 0301 0402 0303 0302 0201 0204 0303 0104 0301 0201 0104 0102 0402 0302 0201 0102 0402 0401 0301 0301 0402 0303 0302 0301 0204 0303 0104 0301 0201
12 , 0303 0402 0201 0301 0203 0303 0101 0404 0103 0201 0201 0104 0101 0201 0304 0301 0302 0203 0402 0303 0402 0201 0301 0203 0303 0101 0404 0103 0201 0201 0104 0101 0201 0304 0301 0302 0203 0402
13 , 0204 0401 0404 0301 0201 0104 0303 0401 0301 0404 0302 0302 0101 0403 0204 0301 0104 0301 0201 0303 0402 0201 0304 0203 0303 0101 0404 0103 0201 0201 0104 0101 0201 0304 0301 0302 0203 0402
14 , 0204 0401 0404 0301 0401 0104 0303 0401 0301 0404 0302 0302 0101 0403 0204 0301 0104 0301 0201 0104 0102 0402 0302 0201 0102 0402 0401 0301 0301 0402 0303 0302 0301 0204 0303 0104 0301 0201
15 , 0204 0401 0404 0301 0201 0104 0303 0401 0301 0404 0302 0302 0101 0403 0204 0301 0104 0301 0201 0204 0401 0404 0301 0201 0104 0303 0101 0301 0404 0302 0302 0101 0403 0204 0301 0104 0301 0201
16 , 0204 0401 0404 0301 0201 0104 0303 0201 0301 0404 0302 0302 0101 0403 0201 0301 0104 0301 0201 0204 0401 0404 0301 0201 0104 0303 0401 0301 0404 0302 0302 0101 0403 0204 0301 0104 0301 0201
17 , 0204 0401 0404 0301 0201 0104 0303 0401 0301 0404 0302 0302 0101 0403 0204 0304 0104 0301 0201 0304 0102 0402 0402 0201 0101 0403 0401 0301 0101 0402 0303 0304 0404 0204 0101 0304 0301 0201
18 , 0303 0402 0201 0304 0203 0303 0101 0404 0103 0201 0201 0104 0101 0201 0304 0301 0302 0203 0402 0204 0401 0404 0301 0201 0104 0303 0201 0301 0404 0302 0302 0101 0403 0204 0301 0104 0301 0201
19 , 0204 0401 0404 0301 0201 0104 0303 0201 0301 0404 0302 0302 0101 0403 0201 0301 0104 0301 0201 0204 0401 0404 0301 0201 0104 0303 0402 0301 0402 0101 0301 0101 0403 0204 0101 0101 0301 0201
20 , 0104 0102 0402 0302 0201 0102 0402 0401 0301 0301 0402 0303 0302 0301 0204 0303 0104 0301 0201 0204 0401 0404 0301 0201 0204 0303 0401 0301 0404 0302 0302 0101 0403 0204 0301 0104 0301 0201
21 , 0204 0401 0404 0301 0201 0204 0303 0401 0301 0404 0302 0302 0101 0403 0204 0301 0104 0301 0201 0204 0401 0404 0301 0201 0204 0303 0401 0301 0404 0302 0302 0101 0403 0204 0301 0104 0301 0201
22 , 0204 0401 0404 0301 0201 0104 0303 0402 0301 0402 0101 0401 0101 0403 0204 0101 0104 0301 0201 0204 0401 0404 0301 0201 0104 0203 0401 0301 0404 0302 0301 0101 0402 0204 0301 0104 0301 0201
23 , 0204 0401 0404 0301 0201 0104 0303 0401 0301 0404 0302 0302 0101 0403 0204 0301 0104 0301 0201 0303 0402 0201 0301 0203 0303 0101 0404 0103 0201 0201 0104 0101 0201 0304 0301 0302 0203 0402
24 , 0204 0401 0404 0301 0201 0104 0203 0401 0301 0404 0302 0301 0101 0402 0204 0301 0104 0301 0201 0303 0402 0201 0304 0203 0303 0101 0404 0103 0201 0201 0104 0101 0201 0304 0301 0302 0203 0402
25 , 0204 0401 0404 0301 0201 0104 0303 0402 0301 0402 0101 0301 0201 0403 0204 0101 0104 0301 0201 0204 0401 0404 0301 0201 0204 0303 0401 0301 0404 0302 0302 0101 0403 0204 0301 0104 0301 0201
26 , 0204 0401 0404 0301 0201 0104 0303 0402 0301 0402 0101 0301 0101 0403 0204 0101 0104 0301 0201 0204 0401 0404 0301 0201 0104 0203 0401 0301 0404 0302 0301 0101 0402 0204 0301 0104 0301 0301
27 , 0303 0402 0201 0301 0203 0303 0101 0404 0103 0201 0201 0104 0101 0201 0304 0301 0302 0203 0402 0303 0402 0201 0301 0203 0303 0101 0404 0103 0201 0201 0104 0101 0201 0304 0303 0302 0203 0402
28 , 0204 0401 0404 0301 0201 0104 0303 0402 0301 0402 0101 0101 0101 0403 0204 0101 0104 0301 0201 0204 0401 0404 0301 0301 0104 0303 0401 0301 0404 0302 0302 0101 0403 0204 0301 0104 0301 0201
29 , 0303 0402 0201 0301 0203 0303 0101 0404 0103 0201 0201 0104 0101 0201 0304 0301 0302 0203 0402 0204 0401 0404 0301 0201 0204 0303 0401 0301 0404 0302 0302 0101 0403 0204 0301 0104 0301 0201
30 , 0303 0402 0201 0304 0203 0303 0101 0404 0103 0201 0201 0104 0101 0201 0304 0301 0302 0203 0402 0303 0102 0201 0301 0203 0303 0101 0404 0103 0201 0201 0104 0101 0201 0304 0303 0302 0203 0402
31 , 0204 0401 0404 0301 0201 0104 0203 0401 0301 0404 0302 0301 0101 0402 0204 0301 0104 0301 0201 0104 0102 0402 0302 0201 0102 0402 0401 0301 0301 0402 0303 0302 0201 0204 0303 0104 0301 0201
32 , 0303 0402 0201 0304 0203 0303 0101 0404 0103 0201 0201 0104 0101 0201 0304 0304 0302 0203 0402 0204 0401 0404 0301 0301 0101 0303 0401 0301 0404 0302 0402 0101 0403 0204 0301 0104 0301 0201
33 , 0304 0103 0402 0402 0201 0401 0403 0401 0301 0101 0402 0303 0304 0404 0204 0101 0304 0301 0201 0303 0402 0201 0301 0203 0303 0101 0404 0103 0201 0201 0104 0101 0201 0304 0301 0302 0203 0402
34 , 0104 0102 0402 0302 0201 0102 0402 0401 0301 0301 0402 0303 0302 0301 0204 0303 0104 0301 0201 0104 0102 0402 0302 0201 0102 0402 0401 0301 0301 0302 0303 0302 0301 0204 0303 0104 0301 0201
35 , 0204 0401 0404 0302 0101 0104 0303 0401 0301 0404 0302 0302 0101 0403 0204 0301 0104 0301 0203 0303 0402 0201 0301 0203 0303 0101 0404 0103 0201 0201 0104 0101 0201 0304 0301 0302 0203 0402
36 , 0303 0402 0201 0304 0203 0303 0101 0404 0103 0201 0201 0104 0101 0201 0304 0301 0302 0203 0402 0304 0402 0401 0304 0201 0103 0303 0401 0301 0401 0302 0304 0301 0402 0201 0301 0102 0201 0201
37 , 0304 0103 0402 0402 0201 0401 0403 0401 0301 0101 0402 0303 0304 0404 0204 0101 0304 0301 0201 0303 0402 0201 0301 0203 0303 0101 0404 0103 0201 0201 0104 0101 0201 0304 0301 0302 0203 0402
38 , 0104 0102 0402 0302 0201 0102 0402 0401 0301 0301 0402 0303 0302 0301 0204 0303 0104 0301 0201 0303 0402 0201 0304 0203 0303 0101 0404 0103 0201 0201 0104 0101 0201 0304 0301 0302 0203 0402
39 , 0204 0401 0404 0301 0101 0304 0303 0401 0301 0204 0302 0302 0101 0403 0204 0301 0104 0301 0203 0204 0401 0404 0301 0201 0104 0303 0401 0301 0404 0302 0302 0101 0403 0204 0301 0104 0301 0201
40 , 0204 0401 0404 0301 0201 0204 0303 0401 0301 0404 0302 0302 0101 0403 0204 0101 0104 0301 0201 0204 0401 0404 0301 0201 0104 0303 0402 0301 0402 0101 0301 0201 0403 0204 0101 0104 0301 0201
41 , 0104 0102 0402 0302 0201 0102 0402 0401 0401 0301 0402 0303 0302 0301 0204 0303 0104 0301 0201 0104 0102 0402 0302 0201 0102 0402 0401 0401 0301 0402 0303 0302 0301 0204 0303 0104 0301 0201
42 , 0204 0401 0404 0301 0201 0104 0303 0402 0301 0402 0101 0301 0101 0403 0204 0101 0104 0301 0201 0204 0401 0404 0301 0301 0104 0303 0401 0301 0404 0302 0302 0101 0403 0204 0301 0104 0301 0201
43 , 0304 0402 0401 0304 0201 0103 0303 0401 0301 0401 0302 0304 0301 0402 0201 0301 0102 0201 0201 0204 0401 0404 0301 0201 0104 0303 0401 0301 0404 0302 0302 0101 0403 0204 0301 0104 0301 0201
44 , 0304 0102 0402 0302 0201 0102 0402 0401 0301 0301 0402 0303 0302 0301 0204 0303 0104 0301 0201 0303 0402 0201 0301 0203 0303 0101 0404 0103 0201 0201 0104 0101 0201 0304 0301 0302 0203 0402
45 , 0204 0401 0404 0301 0201 0204 0303 0401 0301 0404 0302 0302 0101 0403 0204 0101 0104 0301 0201 0304 0402 0401 0304 0201 0103 0303 0401 0301 0401 0302 0304 0301 0402 0201 0301 0102 0201 0201
46 , 0204 0401 0404 0301 0301 0104 0303 0401 0301 0404 0302 0302 0101 0403 0204 0301 0104 0301 0201 0204 0401 0404 0301 0201 0104 0303 0401 0301 0404 0302 0302 0101 0403 0204 0301 0104 0301 0201
47 , 0303 0402 0201 0301 0203 0303 0101 0404 0103 0201 0201 0104 0101 0201 0304 0301 0302 0203 0402 0304 0102 0402 0302 0301 0102 0402 0401 0301 0301 0402 0303 0302 0201 0204 0303 0104 0301 0201
48 , 0204 0401 0404 0301 0201 0104 0303 0401 0301 0404 0302 0302 0101 0403 0104 0301 0104 0301 0201 0204 0401 0404 0302 0101 0104 0303 0401 0301 0404 0302 0302 0101 0403 0204 0301 0104 0301 0203
49 , 0204 0401 0404 0301 0201 0204 0303 0401 0301 0404 0302 0302 0101 0403 0204 0101 0104 0301 0201 0204 0401 0404 0301 0201 0104 0303 0402 0301 0402 0101 0301 0101 0403 0204 0101 0104 0301 0201
50 , 0204 0401 0404 0301 0201 0104 0303 0402 0101 0402 0101 0301 0201 0403 0204 0101 0104 0301 0201 0303 0402 0201 0304 0203 0303 0101 0404 0103 0201 0201 0104 0101 0201 0304 0301 0302 0203 0402