Generated genotype output
1
2
3
4
5
6
7
8
9
10
11
12
13
14
15
16
17
18
19
20
21
22
23
24
25
26
27
28
29
30
31
32
33
34
35
36
37
38
39
40
Pop
1 , 0402 0102 0204 0202 0201 0104 0303 0402 0201 0301 0202 0404 0201 0404 0304 0401 0403 0401 0404 0404 0301 0202 0402 0201 0101 0403 0304 0202 0103 0102 0104 0303 0104 0403 0404 0104 0302 0104 0404
2 , 0403 0102 0204 0202 0101 0103 0304 0402 0401 0301 0201 0403 0301 0404 0304 0402 0404 0401 0404 0404 0201 0202 0402 0202 0101 0403 0304 0202 0103 0102 0204 0402 0104 0403 0404 0104 0304 0104 0404
3 , 0403 0102 0204 0202 0101 0104 0304 0402 0201 0301 0201 0403 0301 0404 0304 0402 0404 0401 0404 0403 0101 0101 0402 0301 0401 0403 0304 0202 0103 0104 0204 0303 0401 0303 0404 0104 0404 0103 0404
4 , 0403 0102 0204 0202 0201 0104 0303 0404 0201 0301 0202 0403 0202 0404 0304 0401 0303 0401 0404 0304 0301 0202 0402 0201 0101 0303 0404 0202 0103 0102 0104 0303 0104 0403 0404 0204 0404 0104 0404
5 , 0403 0102 0204 0202 0101 0103 0304 0402 0201 0301 0201 0403 0301 0404 0304 0402 0404 0401 0404 0404 0301 0202 0402 0201 0102 0403 0404 0202 0103 0102 0104 0303 0104 0403 0404 0204 0404 0104 0104
6 , 0403 0102 0204 0202 0101 0103 0304 0402 0401 0301 0201 0403 0301 0404 0304 0402 0404 0401 0404 0402 0101 0101 0402 0301 0401 0403 0304 0202 0101 0104 0204 0303 0401 0303 0404 0104 0404 0103 0404
7 , 0302 0101 0104 0202 0101 0404 0203 0402 0203 0301 0302 0403 0301 0403 0104 0301 0404 0203 0404 0102 0101 0101 0402 0301 0401 0403 0304 0202 0101 0104 0204 0303 0401 0303 0404 0104 0404 0103 0404
8 , 0302 0101 0104 0202 0101 0404 0203 0402 0203 0301 0302 0403 0301 0403 0104 0301 0404 0403 0404 0104 0301 0202 0402 0201 0101 0403 0404 0202 0103 0102 0104 0303 0104 0403 0404 0204 0404 0104 0404
9 , 0302 0101 0104 0202 0101 0404 0203 0402 0203 0301 0302 0403 0301 0403 0104 0301 0404 0403 0403 0103 0101 0101 0302 0301 0401 0403 0304 0202 0103 0101 0204 0303 0401 0302 0404 0104 0304 0103 0404
10 , 0301 0101 0104 0203 0104 0104 0303 0402 0203 0301 0402 0403 0304 0103 0304 0401 0404 0401 0304 0403 0201 0101 0402 0201 0104 0402 0304 0202 0303 0103 0204 0303 0104 0301 0403 0104 0404 0304 0401
11 , 0302 0101 0104 0202 0101 0404 0203 0402 0203 0301 0302 0403 0301 0403 0104 0301 0404 0403 0401 0104 0301 0202 0402 0201 0101 0403 0304 0202 0103 0102 0104 0303 0104 0403 0404 0104 0302 0104 0404
12 , 0403 0102 0204 0202 0101 0104 0304 0402 0201 0301 0201 0403 0301 0404 0304 0402 0404 0401 0404 0403 0201 0101 0402 0201 0104 0402 0304 0202 0303 0103 0204 0303 0104 0301 0403 0104 0404 0304 0101
13 , 0302 0101 0104 0202 0101 0404 0203 0402 0203 0301 0302 0403 0301 0403 0104 0301 0404 0403 0403 0104 0301 0202 0402 0201 0101 0403 0404 0202 0103 0102 0104 0303 0104 0403 0404 0202 0404 0104 0404
14 , 0403 0202 0204 0202 0201 0204 0303 0402 0203 0303 0202 0403 0201 0404 0304 0401 0403 0402 0404 0404 0301 0202 0402 0201 0101 0303 0404 0202 0103 0102 0104 0303 0104 0403 0404 0204 0404 0104 0404
15 , 0302 0101 0104 0202 0104 0404 0203 0402 0203 0301 0302 0403 0301 0403 0104 0301 0404 0403 0401 0103 0201 0101 0402 0201 0104 0402 0304 0202 0303 0103 0204 0303 0104 0301 0403 0104 0404 0304 0401
16 , 0403 0102 0204 0202 0101 0103 0304 0402 0201 0301 0201 0403 0301 0404 0304 0402 0404 0401 0404 0403 0201 0101 0402 0201 0104 0402 0304 0202 0303 0103 0204 0303 0104 0301 0403 0104 0404 0304 0401
17 , 0403 0102 0204 0202 0101 0103 0304 0402 0201 0301 0201 0403 0301 0404 0304 0402 0404 0401 0404 0403 0201 0101 0402 0201 0104 0402 0304 0202 0303 0103 0204 0303 0104 0301 0403 0104 0402 0304 0401
18 , 0303 0102 0204 0202 0201 0204 0303 0402 0201 0301 0202 0403 0204 0404 0304 0401 0403 0401 0404 0404 0302 0202 0402 0202 0102 0403 0304 0202 0103 0102 0204 0302 0204 0403 0404 0104 0304 0104 0404
19 , 0302 0101 0104 0202 0101 0404 0203 0402 0203 0301 0302 0403 0301 0403 0104 0301 0404 0403 0404 0102 0101 0101 0402 0301 0401 0403 0304 0202 0103 0104 0204 0303 0401 0303 0404 0104 0404 0103 0404
20 , 0302 0101 0104 0202 0101 0404 0203 0402 0203 0301 0302 0403 0301 0403 0104 0301 0404 0403 0404 0102 0101 0101 0402 0301 0401 0403 0304 0202 0103 0104 0204 0303 0401 0303 0404 0104 0404 0103 0404
21 , 0403 0102 0204 0202 0101 0104 0304 0402 0201 0301 0201 0203 0301 0402 0304 0401 0403 0401 0404 0403 0101 0101 0302 0301 0401 0403 0304 0202 0103 0101 0204 0303 0401 0302 0404 0104 0404 0103 0404
22 , 0301 0401 0104 0403 0104 0102 0203 0403 0201 0301 0402 0403 0304 0103 0304 0401 0401 0401 0304 0403 0201 0101 0402 0201 0104 0402 0304 0202 0303 0103 0204 0303 0104 0301 0403 0104 0404 0304 0401
23 , 0302 0101 0104 0202 0101 0404 0203 0402 0203 0301 0302 0403 0301 0403 0104 0301 0404 0403 0401 0103 0201 0101 0402 0201 0104 0402 0304 0202 0303 0103 0204 0303 0104 0301 0403 0104 0404 0304 0401
24 , 0201 0101 0104 0203 0104 0104 0303 0402 0201 0101 0402 0403 0304 0103 0304 0401 0404 0401 0304 0403 0101 0101 0302 0301 0401 0403 0304 0202 0103 0101 0204 0303 0401 0302 0404 0104 0404 0103 0404
25 , 0301 0101 0103 0203 0104 0104 0303 0402 0201 0301 0102 0403 0304 0103 0204 0401 0404 0401 0304 0403 0201 0101 0402 0201 0104 0402 0304 0202 0303 0103 0204 0303 0104 0301 0403 0104 0404 0304 0401
26 , 0301 0101 0103 0203 0104 0104 0303 0402 0201 0301 0102 0403 0304 0103 0204 0401 0404 0401 0304 0403 0104 0101 0402 0301 0401 0403 0304 0202 0103 0104 0204 0303 0401 0303 0404 0104 0204 0102 0404
27 , 0403 0202 0204 0202 0201 0204 0303 0402 0201 0301 0202 0403 0202 0404 0304 0401 0403 0401 0404 0403 0101 0101 0302 0301 0401 0403 0304 0202 0103 0101 0204 0303 0404 0302 0404 0104 0404 0103 0404
28 , 0201 0101 0104 0203 0104 0104 0303 0404 0201 0301 0402 0403 0304 0103 0304 0401 0404 0401 0304 0404 0301 0202 0402 0201 0101 0403 0304 0202 0103 0102 0104 0303 0104 0403 0404 0104 0302 0104 0404
29 , 0301 0101 0104 0203 0104 0104 0303 0402 0201 0301 0402 0403 0304 0103 0304 0401 0404 0401 0304 0403 0201 0101 0402 0201 0104 0402 0304 0202 0303 0103 0204 0303 0104 0301 0403 0104 0404 0304 0401
30 , 0302 0101 0104 0202 0101 0404 0203 0402 0203 0301 0302 0403 0301 0403 0104 0301 0404 0403 0404 0104 0301 0202 0402 0202 0101 0403 0304 0202 0103 0102 0204 0302 0204 0403 0404 0102 0304 0104 0403
31 , 0403 0102 0204 0202 0201 0104 0303 0402 0201 0301 0202 0403 0202 0404 0304 0401 0303 0401 0404 0304 0201 0202 0402 0202 0101 0403 0304 0202 0103 0102 0204 0402 0104 0403 0404 0104 0304 0104 0404
32 , 0403 0102 0204 0202 0101 0104 0304 0402 0201 0301 0201 0403 0301 0404 0304 0402 0404 0401 0404 0403 0201 0101 0402 0201 0104 0402 0304 0202 0303 0103 0204 0303 0104 0301 0403 0304 0404 0304 0401
33 , 0403 0102 0204 0202 0101 0103 0304 0402 0201 0301 0201 0403 0301 0404 0304 0402 0404 0401 0404 0404 0301 0202 0402 0201 0101 0403 0404 0202 0103 0102 0104 0103 0104 0403 0404 0204 0404 0104 0404
34 , 0301 0401 0104 0203 0104 0104 0303 0402 0201 0301 0402 0403 0304 0103 0304 0201 0404 0401 0204 0404 0301 0202 0402 0202 0101 0403 0304 0202 0103 0102 0204 0302 0204 0403 0404 0102 0304 0104 0403
35 , 0301 0101 0103 0203 0104 0104 0303 0402 0201 0301 0102 0403 0304 0103 0204 0401 0404 0401 0304 0403 0201 0101 0402 0201 0104 0402 0304 0202 0303 0103 0204 0303 0104 0301 0403 0104 0404 0304 0401
36 , 0302 0101 0104 0202 0101 0404 0203 0402 0203 0301 0302 0403 0301 0403 0104 0301 0404 0403 0404 0104 0301 0202 0402 0202 0101 0403 0304 0202 0103 0102 0204 0302 0204 0403 0404 0102 0304 0104 0403
37 , 0403 0102 0204 0202 0101 0104 0303 0402 0201 0301 0201 0403 0301 0404 0304 0401 0403 0201 0404 0403 0101 0101 0302 0301 0401 0403 0304 0202 0103 0101 0204 0303 0401 0302 0404 0104 0404 0103 0404
38 , 0403 0102 0204 0202 0101 0104 0304 0402 0201 0301 0201 0403 0304 0404 0304 0402 0404 0401 0404 0403 0101 0101 0402 0301 0401 0403 0304 0202 0303 0104 0204 0303 0401 0303 0404 0104 0404 0103 0404
39 , 0302 0101 0104 0202 0101 0404 0203 0402 0203 0301 0302 0403 0301 0403 0104 0301 0404 0403 0404 0103 0101 0101 0302 0301 0401 0403 0304 0202 0103 0101 0204 0303 0401 0302 0404 0104 0404 0103 0404
40 , 0302 0101 0104 0202 0101 0404 0203 0402 0203 0301 0302 0403 0301 0403 0104 0301 0404 0403 0404 0104 0301 0202 0402 0202 0101 0403 0304 0202 0103 0102 0204 0302 0204 0403 0404 0103 0304 0104 0403
41 , 0301 0101 0103 0203 0104 0104 0303 0402 0201 0301 0102 0403 0304 0103 0204 0401 0404 0401 0304 0403 0101 0101 0302 0301 0401 0403 0304 0202 0103 0101 0204 0303 0401 0302 0404 0104 0404 0103 0404
42 , 0302 0101 0104 0202 0101 0404 0203 0402 0203 0301 0302 0403 0301 0403 0104 0301 0404 0403 0403 0103 0201 0101 0402 0201 0104 0402 0304 0202 0303 0103 0204 0303 0104 0301 0403 0104 0404 0304 0301
43 , 0403 0102 0204 0202 0101 0403 0304 0402 0201 0301 0201 0403 0301 0404 0304 0402 0404 0401 0404 0403 0101 0101 0402 0301 0401 0403 0304 0202 0103 0104 0204 0303 0401 0303 0404 0104 0404 0103 0404
44 , 0403 0102 0204 0202 0101 0104 0304 0402 0201 0301 0201 0403 0301 0404 0304 0402 0404 0401 0404 0403 0301 0202 0402 0202 0102 0403 0304 0202 0103 0102 0204 0302 0404 0403 0404 0104 0304 0104 0404
45 , 0301 0101 0103 0203 0104 0104 0303 0402 0201 0301 0102 0403 0304 0103 0204 0401 0404 0401 0304 0403 0104 0101 0404 0301 0401 0202 0304 0302 0103 0104 0204 0303 0401 0303 0404 0104 0104 0103 0404
46 , 0302 0101 0104 0202 0101 0404 0203 0402 0203 0301 0302 0403 0301 0403 0104 0301 0404 0403 0404 0104 0301 0202 0402 0202 0101 0403 0304 0402 0103 0102 0204 0302 0204 0403 0404 0103 0304 0104 0403
47 , 0403 0102 0204 0202 0101 0104 0304 0402 0201 0301 0201 0403 0301 0404 0304 0402 0404 0401 0404 0403 0101 0101 0302 0301 0401 0403 0304 0202 0103 0101 0204 0303 0401 0302 0404 0104 0304 0103 0404
48 , 0302 0101 0104 0202 0101 0404 0203 0402 0203 0301 0302 0403 0301 0403 0104 0301 0404 0403 0404 0102 0101 0101 0402 0301 0401 0403 0304 0402 0103 0104 0204 0303 0401 0303 0404 0104 0404 0103 0404
49 , 0403 0102 0204 0202 0201 0104 0303 0404 0201 0301 0202 0403 0202 0404 0304 0401 0303 0401 0404 0304 0201 0202 0402 0202 0101 0403 0304 0202 0103 0102 0204 0402 0104 0403 0404 0104 0304 0104 0404
50 , 0402 0102 0204 0202 0201 0104 0303 0402 0201 0301 0202 0404 0201 0404 0304 0401 0403 0401 0404 0404 0201 0202 0402 0202 0101 0403 0304 0202 0103 0102 0204 0402 0104 0403 0404 0104 0304 0104 0404
51 , 0403 0102 0204 0202 0101 0204 0304 0402 0201 0301 0201 0403 0301 0404 0304 0402 0404 0401 0401 0403 0201 0101 0402 0201 0104 0402 0304 0202 0303 0103 0204 0303 0104 0301 0403 0104 0402 0304 0401
52 , 0302 0101 0104 0202 0101 0404 0203 0402 0203 0301 0302 0403 0301 0403 0104 0301 0404 0403 0404 0104 0301 0202 0402 0201 0101 0403 0404 0202 0103 0102 0104 0303 0104 0403 0404 0204 0404 0104 0404
53 , 0403 0102 0204 0202 0201 0104 0303 0402 0201 0301 0202 0403 0201 0404 0304 0401 0303 0401 0404 0303 0101 0101 0302 0301 0401 0403 0304 0202 0103 0101 0204 0303 0404 0302 0404 0104 0404 0103 0404
54 , 0403 0102 0204 0202 0101 0403 0304 0402 0201 0301 0201 0403 0301 0404 0304 0402 0404 0401 0404 0403 0101 0101 0402 0301 0401 0403 0304 0202 0103 0104 0204 0303 0401 0303 0403 0104 0404 0103 0404
55 , 0403 0102 0204 0202 0101 0204 0304 0402 0201 0301 0201 0403 0301 0404 0304 0402 0404 0401 0401 0403 0201 0101 0402 0201 0104 0402 0304 0202 0303 0103 0204 0303 0104 0301 0403 0104 0404 0304 0401
56 , 0302 0101 0104 0202 0101 0404 0203 0402 0203 0301 0302 0403 0301 0403 0104 0301 0404 0403 0404 0104 0301 0202 0402 0201 0101 0303 0404 0202 0103 0102 0104 0303 0104 0403 0404 0204 0404 0104 0404
57 , 0402 0102 0204 0202 0201 0104 0303 0402 0201 0301 0202 0404 0201 0404 0304 0401 0403 0401 0404 0402 0101 0101 0402 0301 0401 0403 0304 0202 0103 0104 0204 0303 0401 0303 0404 0104 0404 0103 0404
58 , 0403 0102 0204 0202 0201 0104 0303 0402 0201 0301 0202 0403 0201 0404 0304 0401 0303 0401 0404 0303 0101 0101 0302 0301 0401 0403 0304 0202 0103 0101 0204 0303 0401 0302 0404 0104 0404 0103 0404
59 , 0403 0102 0204 0202 0101 0103 0304 0402 0401 0301 0201 0403 0301 0404 0304 0402 0404 0401 0404 0403 0201 0101 0402 0201 0104 0402 0304 0202 0303 0103 0204 0303 0104 0301 0403 0104 0404 0304 0401
60 , 0302 0101 0104 0202 0101 0404 0203 0402 0203 0301 0302 0403 0301 0403 0104 0301 0404 0403 0404 0104 0301 0202 0402 0202 0101 0403 0304 0202 0103 0102 0204 0302 0204 0403 0404 0103 0304 0104 0403
61 , 0302 0101 0104 0202 0101 0404 0203 0402 0203 0301 0302 0403 0301 0403 0104 0301 0404 0403 0404 0104 0301 0202 0402 0201 0104 0303 0404 0202 0103 0102 0104 0303 0104 0403 0404 0204 0404 0104 0404
62 , 0403 0102 0204 0202 0101 0104 0304 0402 0201 0301 0201 0203 0301 0402 0304 0401 0403 0401 0404 0404 0301 0202 0402 0202 0101 0403 0304 0202 0103 0102 0204 0302 0204 0403 0404 0103 0304 0104 0403
63 , 0302 0101 0104 0202 0101 0404 0203 0402 0203 0301 0302 0403 0301 0403 0104 0301 0404 0403 0404 0103 0201 0101 0402 0201 0104 0402 0304 0202 0303 0103 0204 0303 0104 0301 0403 0104 0404 0304 0401
64 , 0301 0101 0103 0203 0104 0104 0303 0402 0201 0301 0102 0403 0304 0103 0204 0401 0404 0401 0304 0404 0201 0202 0402 0202 0101 0403 0304 0202 0103 0102 0204 0402 0104 0403 0404 0104 0304 0104 0404
65 , 0403 0102 0204 0202 0201 0104 0303 0404 0201 0301 0202 0403 0202 0404 0304 0401 0303 0401 0404 0303 0104 0101 0402 0301 0401 0403 0304 0202 0103 0104 0204 0303 0401 0303 0402 0104 0404 0102 0404
66 , 0302 0101 0104 0202 0101 0404 0203 0402 0203 0301 0302 0403 0301 0403 0104 0301 0404 0403 0403 0104 0201 0202 0402 0202 0101 0403 0304 0202 0103 0102 0204 0402 0104 0403 0304 0104 0304 0104 0404
67 , 0403 0102 0204 0202 0101 0103 0304 0402 0201 0301 0201 0403 0301 0404 0304 0402 0404 0401 0404 0404 0301 0202 0402 0201 0101 0303 0404 0202 0103 0102 0104 0303 0104 0403 0404 0204 0404 0104 0404
68 , 0301 0401 0104 0403 0104 0102 0203 0403 0201 0301 0402 0403 0304 0103 0304 0401 0401 0401 0304 0403 0101 0101 0302 0301 0401 0403 0304 0202 0103 0101 0204 0303 0401 0302 0404 0104 0304 0103 0404
69 , 0403 0102 0204 0202 0101 0104 0304 0402 0201 0301 0201 0403 0301 0404 0304 0402 0404 0401 0404 0403 0201 0101 0402 0201 0104 0402 0304 0202 0303 0103 0204 0303 0104 0301 0403 0104 0404 0304 0401
70 , 0301 0101 0103 0203 0104 0104 0303 0402 0201 0301 0103 0403 0304 0103 0204 0401 0403 0401 0304 0403 0201 0101 0402 0201 0104 0402 0304 0202 0303 0103 0204 0303 0104 0301 0403 0104 0404 0304 0401
71 , 0301 0401 0104 0403 0104 0102 0203 0403 0201 0301 0402 0403 0304 0103 0304 0401 0401 0401 0304 0402 0101 0101 0402 0301 0401 0403 0304 0402 0103 0104 0204 0303 0401 0303 0404 0104 0404 0103 0404
72 , 0301 0101 0103 0203 0104 0104 0303 0402 0201 0301 0102 0403 0304 0103 0204 0401 0404 0401 0304 0404 0301 0202 0402 0201 0101 0401 0404 0202 0103 0102 0104 0303 0104 0403 0404 0204 0404 0104 0404
73 , 0302 0101 0104 0202 0101 0404 0203 0402 0203 0301 0302 0403 0301 0403 0104 0301 0404 0403 0404 0104 0301 0202 0402 0202 0101 0403 0304 0402 0103 0102 0204 0302 0204 0403 0404 0103 0304 0104 0403
74 , 0403 0102 0204 0202 0201 0104 0303 0402 0201 0301 0202 0403 0202 0404 0304 0401 0303 0401 0404 0304 0301 0202 0402 0201 0101 0403 0404 0202 0103 0102 0104 0303 0104 0403 0404 0204 0404 0104 0404
75 , 0402 0102 0204 0202 0201 0104 0303 0402 0201 0301 0202 0404 0201 0404 0304 0401 0403 0401 0404 0403 0101 0101 0402 0301 0401 0403 0304 0202 0303 0104 0204 0303 0401 0303 0404 0104 0404 0103 0404
76 , 0403 0102 0204 0202 0201 0104 0303 0402 0201 0301 0202 0403 0202 0404 0304 0401 0303 0401 0404 0303 0101 0101 0302 0301 0401 0403 0304 0202 0103 0101 0204 0303 0401 0302 0404 0104 0404 0103 0404
77 , 0302 0101 0104 0202 0101 0404 0203 0402 0203 0301 0302 0403 0301 0403 0104 0301 0404 0403 0404 0104 0301 0202 0402 0201 0101 0403 0404 0202 0103 0102 0104 0303 0104 0403 0404 0204 0404 0104 0404
78 , 0402 0102 0204 0202 0201 0104 0303 0402 0201 0301 0202 0404 0201 0404 0304 0401 0403 0401 0404 0404 0301 0202 0402 0201 0101 0401 0404 0202 0103 0102 0104 0303 0104 0403 0404 0204 0404 0104 0404
79 , 0302 0101 0104 0202 0101 0404 0203 0402 0203 0301 0302 0403 0301 0403 0104 0301 0404 0403 0404 0104 0301 0202 0402 0202 0201 0403 0304 0402 0103 0102 0204 0302 0204 0403 0404 0103 0304 0104 0403
80 , 0403 0102 0204 0202 0101 0204 0304 0402 0201 0301 0201 0403 0301 0404 0304 0402 0404 0401 0401 0403 0201 0101 0402 0201 0104 0402 0304 0202 0303 0103 0204 0303 0104 0301 0403 0104 0404 0304 0401
81 , 0302 0101 0104 0202 0101 0404 0203 0402 0203 0301 0302 0403 0301 0403 0104 0301 0404 0403 0404 0103 0104 0101 0404 0301 0401 0202 0304 0302 0103 0104 0204 0303 0401 0303 0404 0104 0104 0103 0404
82 , 0301 0101 0103 0203 0104 0104 0303 0402 0201 0301 0102 0403 0304 0103 0204 0401 0404 0401 0304 0404 0301 0202 0402 0201 0102 0403 0404 0202 0103 0102 0104 0303 0104 0403 0404 0204 0404 0104 0104
83 , 0302 0101 0104 0202 0101 0404 0203 0402 0203 0301 0302 0403 0301 0403 0104 0301 0404 0203 0404 0104 0301 0202 0402 0202 0101 0403 0304 0202 0103 0102 0204 0302 0204 0403 0404 0103 0304 0104 0403
84 , 0302 0101 0104 0202 0101 0404 0203 0402 0203 0301 0302 0403 0301 0403 0104 0301 0404 0403 0404 0103 0104 0101 0402 0301 0401 0403 0304 0202 0103 0104 0204 0303 0401 0303 0402 0104 0404 0102 0404
85 , 0302 0101 0104 0202 0101 0404 0203 0402 0203 0301 0302 0403 0301 0403 0104 0301 0404 0403 0403 0103 0101 0101 0302 0301 0401 0403 0304 0202 0103 0101 0204 0303 0401 0302 0404 0104 0404 0103 0404
86 , 0301 0401 0104 0203 0104 0104 0303 0402 0201 0301 0402 0403 0304 0103 0304 0201 0404 0401 0204 0403 0101 0101 0402 0301 0401 0403 0304 0202 0303 0104 0204 0303 0401 0303 0404 0104 0404 0103 0404
87 , 0403 0103 0204 0202 0201 0104 0303 0202 0201 0301 0202 0103 0201 0404 0304 0401 0303 0401 0404 0304 0301 0202 0402 0201 0101 0403 0404 0202 0103 0102 0104 0303 0104 0403 0404 0204 0404 0104 0404
88 , 0403 0102 0204 0202 0202 0104 0303 0404 0201 0301 0202 0403 0202 0404 0304 0401 0303 0401 0404 0303 0201 0101 0402 0201 0104 0402 0304 0202 0303 0103 0204 0303 0104 0301 0403 0104 0404 0304 0301
89 , 0301 0101 0103 0203 0104 0104 0303 0402 0201 0301 0102 0403 0304 0103 0204 0401 0404 0401 0304 0403 0201 0101 0402 0201 0104 0402 0304 0202 0303 0103 0204 0303 0104 0301 0403 0104 0404 0304 0401
90 , 0301 0401 0104 0403 0104 0102 0203 0403 0201 0301 0402 0403 0304 0103 0304 0401 0401 0401 0304 0403 0201 0101 0402 0201 0104 0402 0304 0202 0303 0103 0204 0303 0104 0301 0403 0104 0404 0304 0101
91 , 0403 0102 0204 0202 0101 0104 0104 0402 0201 0301 0201 0403 0301 0404 0304 0402 0404 0401 0404 0403 0104 0101 0402 0301 0401 0403 0304 0202 0103 0104 0204 0303 0401 0303 0402 0104 0404 0102 0404
92 , 0302 0101 0104 0202 0101 0404 0203 0402 0203 0301 0302 0403 0301 0403 0104 0301 0404 0403 0404 0104 0301 0202 0402 0201 0101 0303 0404 0202 0103 0102 0104 0303 0104 0403 0404 0204 0404 0104 0404
93 , 0302 0101 0104 0202 0101 0404 0203 0402 0203 0301 0302 0403 0301 0403 0104 0401 0404 0403 0404 0104 0301 0202 0402 0201 0101 0403 0404 0202 0103 0102 0104 0303 0104 0403 0404 0204 0404 0104 0104
94 , 0301 0101 0103 0203 0104 0104 0303 0402 0201 0301 0102 0403 0304 0103 0204 0401 0404 0401 0304 0404 0301 0202 0402 0201 0101 0403 0404 0202 0103 0102 0104 0303 0104 0403 0404 0204 0404 0104 0404
95 , 0301 0101 0103 0203 0104 0104 0303 0402 0201 0301 0102 0403 0304 0103 0204 0401 0403 0401 0304 0403 0201 0101 0402 0201 0104 0402 0304 0202 0303 0103 0204 0303 0104 0301 0403 0104 0404 0304 0401
96 , 0403 0102 0204 0202 0101 0103 0304 0402 0201 0301 0201 0403 0301 0404 0304 0402 0404 0401 0404 0404 0301 0202 0402 0201 0101 0403 0404 0202 0103 0102 0104 0303 0404 0403 0404 0204 0404 0104 0404
97 , 0403 0102 0204 0202 0202 0104 0303 0404 0201 0301 0202 0403 0202 0404 0304 0401 0303 0401 0404 0302 0101 0101 0402 0301 0401 0403 0304 0202 0103 0104 0204 0303 0401 0303 0404 0104 0404 0103 0404
98 , 0403 0102 0204 0202 0101 0104 0304 0402 0201 0301 0201 0403 0301 0404 0304 0402 0404 0401 0404 0403 0101 0101 0302 0301 0401 0403 0304 0202 0103 0101 0204 0303 0401 0302 0404 0104 0404 0103 0404
99 , 0301 0101 0103 0203 0104 0104 0303 0402 0201 0301 0102 0403 0304 0103 0204 0401 0404 0401 0304 0402 0101 0101 0402 0301 0401 0403 0304 0202 0103 0104 0204 0303 0401 0303 0404 0104 0404 0103 0404
100 , 0302 0101 0104 0204 0101 0404 0203 0402 0203 0301 0302 0403 0301 0403 0104 0301 0404 0401 0304 0104 0301 0202 0402 0201 0104 0303 0404 0202 0103 0102 0104 0303 0104 0403 0404 0204 0404 0104 0404