Generated genotype output
1
2
3
4
5
6
7
8
9
10
11
12
13
14
15
16
17
18
19
20
21
22
23
24
25
26
27
28
29
30
31
32
33
34
35
36
37
38
39
40
41
42
43
44
45
46
47
48
49
50
51
52
53
54
55
56
57
58
59
60
61
62
63
64
65
66
67
68
69
70
71
72
73
74
75
76
77
78
79
80
Pop
1 , 0302 0303 0203 0401 0404 0401 0301 0202 0402 0401 0201 0301 0403 0202 0203 0304 0203 0204 0203 0302 0202 0303 0101 0303 0301 0404 0104 0201 0202 0203 0201 0103 0402 0304 0104 0201 0301 0103 0202 0401 0302 0303 0203 0102 0404 0401 0303 0202 0402 0401 0401 0304 0402 0202 0203 0304 0204 0304 0203 0402 0202 0303 0203 0303 0302 0404 0103 0203 0302 0203 0201 0303 0402 0302 0304 0201 0201 0403 0202 0401
2 , 0302 0303 0203 0101 0404 0401 0301 0202 0402 0401 0201 0301 0403 0302 0203 0304 0204 0304 0203 0402 0202 0303 0203 0303 0301 0404 0303 0201 0202 0203 0201 0303 0403 0304 0304 0203 0201 0303 0402 0401 0302 0403 0204 0103 0203 0201 0101 0204 0402 0401 0101 0404 0401 0202 0303 0304 0204 0304 0201 0402 0102 0303 0101 0402 0304 0401 0103 0403 0202 0103 0201 0301 0104 0303 0302 0101 0101 0101 0402 0401
3 , 0302 0303 0204 0403 0203 0401 0301 0204 0402 0401 0103 0104 0403 0202 0203 0304 0204 0302 0203 0402 0101 0202 0101 0303 0304 0301 0103 0403 0201 0201 0201 0302 0103 0303 0302 0401 0101 0101 0402 0101 0302 0301 0203 0401 0404 0401 0301 0202 0402 0101 0201 0301 0403 0202 0203 0304 0204 0304 0204 0403 0202 0303 0102 0303 0301 0404 0103 0201 0202 0203 0203 0303 0402 0304 0304 0201 0201 0303 0202 0404
4 , 0302 0303 0203 0401 0404 0401 0301 0202 0402 0401 0201 0301 0403 0202 0202 0304 0204 0204 0203 0302 0202 0303 0101 0303 0301 0404 0103 0203 0202 0203 0201 0303 0402 0304 0304 0201 0301 0303 0202 0401 0302 0303 0203 0401 0404 0401 0301 0202 0402 0401 0201 0301 0403 0202 0202 0304 0204 0204 0203 0302 0202 0303 0101 0303 0301 0404 0103 0203 0202 0203 0201 0303 0402 0304 0304 0201 0301 0303 0202 0401
5 , 0204 0202 0302 0402 0402 0302 0301 0204 0404 0104 0401 0203 0402 0202 0402 0103 0304 0204 0404 0302 0104 0402 0301 0101 0102 0404 0103 0201 0402 0401 0201 0403 0102 0202 0303 0202 0301 0304 0201 0404 0302 0303 0203 0401 0404 0401 0301 0202 0402 0401 0201 0301 0403 0202 0203 0304 0204 0304 0203 0402 0102 0303 0101 0303 0301 0104 0103 0201 0202 0203 0201 0303 0402 0304 0304 0201 0201 0303 0202 0401
6 , 0302 0303 0204 0403 0203 0403 0301 0204 0402 0401 0103 0104 0403 0202 0203 0304 0204 0302 0203 0402 0101 0202 0101 0303 0304 0301 0103 0403 0201 0201 0201 0302 0103 0303 0302 0101 0101 0101 0402 0104 0204 0202 0302 0402 0402 0302 0301 0204 0404 0104 0401 0203 0402 0202 0402 0103 0304 0204 0404 0302 0104 0402 0301 0101 0102 0404 0103 0201 0402 0401 0201 0403 0102 0202 0303 0202 0301 0304 0201 0404
7 , 0303 0303 0203 0401 0404 0401 0301 0202 0402 0401 0201 0301 0403 0202 0202 0304 0204 0204 0203 0302 0202 0303 0101 0303 0301 0404 0103 0301 0202 0203 0201 0303 0402 0304 0304 0201 0301 0303 0202 0401 0302 0303 0204 0403 0203 0403 0301 0204 0402 0401 0103 0104 0403 0202 0203 0304 0204 0302 0203 0402 0101 0202 0101 0303 0304 0301 0103 0403 0201 0201 0201 0302 0103 0303 0302 0101 0101 0101 0402 0104
8 , 0302 0303 0203 0101 0104 0401 0301 0202 0402 0403 0201 0301 0403 0302 0203 0304 0204 0304 0203 0402 0202 0303 0303 0303 0301 0404 0103 0201 0202 0203 0201 0303 0402 0304 0304 0203 0201 0303 0402 0401 0202 0303 0203 0102 0404 0401 0303 0202 0402 0401 0401 0304 0402 0202 0203 0304 0204 0304 0203 0402 0202 0303 0203 0303 0301 0404 0103 0203 0202 0203 0201 0303 0402 0302 0304 0201 0201 0403 0202 0401
9 , 0302 0303 0203 0101 0404 0401 0301 0202 0402 0403 0201 0301 0403 0302 0203 0304 0204 0304 0203 0402 0202 0303 0103 0303 0301 0404 0103 0201 0202 0203 0201 0303 0402 0303 0304 0203 0201 0303 0402 0401 0302 0303 0203 0101 0404 0401 0301 0202 0402 0401 0401 0204 0202 0202 0203 0304 0204 0304 0203 0302 0202 0303 0101 0303 0301 0401 0103 0201 0202 0203 0201 0303 0202 0302 0303 0201 0204 0303 0202 0401
10 , 0302 0303 0203 0102 0404 0401 0303 0202 0402 0401 0401 0304 0402 0202 0203 0304 0204 0304 0203 0402 0202 0203 0203 0303 0301 0404 0103 0403 0202 0203 0201 0303 0402 0302 0304 0201 0201 0403 0202 0401 0302 0303 0203 0102 0404 0401 0303 0202 0402 0401 0401 0304 0402 0202 0203 0304 0204 0304 0203 0402 0202 0303 0203 0303 0301 0404 0103 0203 0202 0203 0201 0303 0402 0302 0304 0201 0201 0403 0202 0401
11 , 0302 0303 0204 0403 0203 0401 0301 0204 0402 0401 0103 0104 0403 0202 0203 0304 0204 0302 0203 0402 0102 0202 0101 0303 0304 0301 0103 0303 0202 0203 0201 0302 0103 0304 0302 0101 0101 0101 0402 0101 0302 0303 0204 0403 0203 0403 0301 0204 0402 0401 0103 0104 0403 0202 0203 0304 0204 0302 0203 0402 0101 0202 0101 0303 0304 0301 0103 0403 0201 0201 0201 0302 0103 0303 0302 0101 0101 0101 0402 0104
12 , 0204 0202 0302 0402 0404 0302 0301 0204 0404 0104 0401 0203 0403 0202 0402 0103 0304 0204 0404 0302 0104 0402 0301 0101 0102 0404 0103 0201 0402 0401 0201 0403 0102 0202 0303 0202 0301 0304 0201 0404 0204 0202 0302 0402 0402 0302 0301 0204 0404 0104 0401 0203 0402 0202 0402 0103 0304 0204 0404 0302 0104 0402 0301 0101 0102 0404 0103 0201 0402 0401 0202 0403 0102 0202 0303 0202 0301 0304 0201 0404
13 , 0302 0303 0203 0101 0404 0401 0301 0202 0402 0403 0201 0301 0403 0302 0203 0304 0204 0304 0203 0402 0202 0303 0103 0303 0201 0404 0103 0201 0202 0203 0201 0303 0402 0304 0304 0203 0201 0303 0402 0401 0204 0302 0302 0402 0402 0302 0301 0204 0404 0104 0401 0203 0402 0202 0402 0103 0204 0204 0404 0302 0104 0402 0301 0101 0102 0404 0103 0201 0402 0401 0201 0403 0102 0202 0303 0201 0301 0304 0201 0404
14 , 0303 0303 0203 0401 0404 0401 0301 0202 0402 0401 0201 0301 0403 0202 0202 0304 0204 0204 0203 0302 0202 0303 0101 0303 0301 0404 0103 0301 0202 0203 0201 0303 0402 0304 0304 0201 0301 0303 0202 0401 0302 0303 0204 0403 0203 0403 0301 0204 0402 0401 0103 0104 0403 0202 0203 0304 0204 0302 0203 0402 0101 0202 0101 0303 0304 0301 0103 0403 0201 0201 0201 0302 0103 0303 0302 0101 0101 0101 0402 0104
15 , 0302 0303 0203 0101 0404 0401 0301 0202 0402 0403 0201 0301 0403 0302 0203 0304 0204 0304 0203 0402 0202 0301 0103 0303 0301 0404 0103 0201 0202 0203 0201 0303 0402 0304 0304 0203 0201 0303 0402 0401 0302 0303 0203 0101 0404 0401 0301 0202 0402 0401 0201 0301 0403 0302 0203 0304 0204 0304 0203 0402 0202 0303 0203 0303 0301 0404 0303 0201 0202 0203 0201 0303 0403 0304 0304 0203 0201 0303 0402 0401
16 , 0302 0303 0203 0401 0404 0401 0301 0202 0402 0401 0201 0301 0403 0202 0203 0304 0204 0204 0203 0302 0202 0303 0101 0303 0301 0404 0104 0201 0202 0203 0201 0103 0402 0304 0104 0201 0301 0103 0202 0401 0303 0303 0203 0401 0404 0401 0301 0202 0402 0401 0201 0301 0403 0202 0202 0304 0204 0204 0203 0302 0202 0303 0101 0303 0301 0404 0103 0301 0202 0203 0201 0303 0402 0304 0304 0201 0301 0303 0202 0401
17 , 0302 0303 0203 0401 0404 0401 0301 0202 0402 0401 0201 0301 0403 0202 0202 0304 0204 0204 0203 0302 0202 0303 0101 0303 0301 0404 0103 0203 0202 0203 0201 0303 0402 0304 0304 0201 0301 0303 0202 0401 0302 0403 0204 0103 0203 0201 0301 0204 0402 0401 0101 0404 0401 0202 0303 0304 0204 0304 0201 0402 0102 0303 0101 0402 0304 0301 0103 0403 0202 0103 0201 0303 0104 0303 0302 0101 0101 0101 0402 0401
18 , 0204 0302 0302 0402 0402 0302 0301 0204 0404 0104 0401 0203 0402 0202 0402 0103 0204 0204 0404 0302 0104 0402 0301 0101 0102 0404 0103 0201 0402 0401 0201 0403 0102 0202 0303 0201 0301 0304 0201 0404 0302 0303 0203 0401 0404 0401 0301 0202 0402 0401 0201 0301 0403 0202 0203 0304 0204 0204 0203 0302 0202 0303 0101 0303 0301 0404 0104 0201 0202 0203 0201 0103 0402 0304 0104 0201 0301 0103 0202 0401
19 , 0302 0303 0203 0401 0404 0401 0301 0202 0402 0401 0201 0301 0403 0202 0203 0304 0204 0204 0203 0302 0202 0303 0101 0303 0301 0404 0104 0201 0202 0203 0201 0103 0402 0304 0104 0201 0301 0103 0202 0401 0302 0303 0203 0104 0404 0401 0303 0202 0402 0401 0401 0304 0402 0202 0203 0304 0204 0304 0203 0402 0202 0303 0203 0303 0301 0404 0103 0203 0202 0203 0201 0303 0402 0302 0304 0201 0201 0403 0202 0401
20 , 0302 0303 0204 0403 0203 0403 0301 0204 0402 0401 0103 0104 0403 0202 0203 0304 0204 0302 0203 0402 0101 0202 0101 0303 0304 0301 0103 0403 0201 0201 0201 0302 0103 0303 0302 0101 0101 0101 0402 0104 0302 0303 0203 0101 0404 0401 0301 0202 0402 0402 0201 0301 0403 0301 0203 0304 0204 0304 0203 0402 0202 0303 0303 0303 0301 0404 0103 0201 0202 0203 0201 0303 0402 0304 0304 0201 0201 0303 0402 0401
21 , 0302 0303 0203 0101 0404 0401 0301 0202 0402 0402 0201 0301 0403 0301 0203 0304 0204 0304 0203 0402 0202 0303 0303 0303 0301 0404 0103 0201 0202 0203 0201 0303 0402 0304 0304 0201 0201 0303 0402 0401 0302 0303 0203 0101 0404 0401 0301 0202 0402 0402 0201 0301 0403 0301 0203 0304 0204 0304 0203 0402 0202 0303 0303 0303 0301 0404 0103 0201 0202 0203 0201 0303 0402 0304 0304 0201 0201 0303 0402 0401
22 , 0302 0303 0203 0102 0404 0401 0303 0202 0402 0301 0104 0304 0402 0202 0203 0304 0204 0304 0203 0402 0202 0303 0203 0303 0301 0404 0103 0203 0202 0203 0201 0303 0402 0302 0304 0201 0201 0403 0202 0401 0301 0303 0203 0101 0404 0401 0301 0402 0402 0401 0401 0304 0402 0202 0203 0304 0204 0304 0203 0401 0202 0303 0101 0303 0301 0401 0103 0201 0402 0203 0201 0303 0202 0302 0303 0201 0204 0303 0202 0401
23 , 0302 0303 0203 0401 0404 0401 0301 0202 0402 0401 0201 0301 0403 0202 0202 0304 0204 0204 0203 0302 0202 0303 0101 0303 0301 0404 0103 0203 0202 0203 0201 0303 0402 0304 0304 0201 0301 0303 0202 0401 0204 0202 0302 0402 0402 0302 0301 0204 0404 0104 0401 0203 0402 0202 0402 0103 0304 0204 0403 0302 0104 0402 0301 0101 0102 0404 0103 0201 0402 0401 0201 0403 0102 0202 0303 0202 0301 0304 0201 0404
24 , 0301 0303 0203 0101 0404 0401 0301 0402 0302 0401 0401 0304 0402 0202 0203 0304 0204 0304 0203 0401 0202 0303 0101 0303 0301 0401 0103 0201 0402 0203 0201 0303 0202 0302 0303 0201 0204 0303 0202 0401 0204 0302 0302 0402 0402 0302 0301 0204 0404 0104 0401 0203 0402 0202 0402 0103 0204 0204 0404 0302 0104 0402 0301 0101 0102 0404 0103 0201 0402 0401 0201 0403 0102 0202 0303 0202 0301 0304 0201 0404
25 , 0302 0303 0203 0102 0404 0401 0303 0202 0402 0401 0404 0304 0402 0202 0203 0304 0204 0304 0203 0402 0202 0303 0203 0303 0301 0404 0103 0203 0202 0203 0201 0303 0402 0302 0304 0201 0201 0403 0202 0401 0302 0303 0203 0101 0404 0401 0301 0202 0402 0402 0201 0301 0403 0301 0203 0304 0204 0304 0203 0402 0202 0303 0303 0303 0301 0404 0103 0201 0202 0203 0201 0303 0402 0304 0304 0201 0201 0303 0402 0401
26 , 0302 0303 0203 0102 0404 0401 0303 0202 0402 0401 0401 0304 0402 0202 0203 0304 0204 0304 0203 0402 0202 0303 0203 0303 0301 0404 0103 0203 0302 0203 0201 0303 0402 0302 0304 0201 0201 0403 0202 0401 0302 0303 0203 0101 0404 0401 0301 0202 0402 0401 0401 0204 0202 0202 0203 0304 0204 0304 0203 0302 0202 0303 0101 0303 0301 0401 0103 0201 0202 0203 0201 0303 0202 0302 0303 0201 0204 0303 0202 0401
27 , 0204 0202 0302 0402 0402 0302 0301 0204 0404 0104 0401 0203 0402 0202 0402 0103 0304 0204 0404 0302 0104 0402 0301 0101 0402 0404 0103 0201 0402 0401 0202 0403 0102 0202 0303 0202 0301 0304 0201 0404 0204 0202 0302 0402 0402 0302 0301 0304 0404 0104 0401 0203 0402 0202 0402 0103 0304 0204 0404 0302 0104 0402 0301 0101 0102 0404 0103 0201 0402 0401 0201 0403 0102 0202 0303 0202 0301 0304 0201 0404
28 , 0302 0303 0203 0102 0404 0401 0303 0202 0402 0401 0401 0304 0402 0202 0203 0304 0204 0304 0203 0402 0202 0303 0203 0303 0301 0404 0103 0203 0202 0203 0201 0303 0402 0302 0304 0201 0201 0403 0202 0401 0302 0303 0203 0101 0404 0401 0301 0202 0402 0401 0201 0301 0404 0302 0203 0304 0204 0304 0203 0402 0302 0303 0303 0303 0301 0404 0103 0201 0202 0203 0201 0303 0402 0304 0304 0203 0201 0303 0402 0401
29 , 0204 0202 0302 0402 0402 0302 0301 0204 0404 0104 0401 0203 0402 0202 0402 0103 0304 0204 0404 0302 0104 0402 0301 0101 0102 0404 0103 0201 0402 0401 0202 0403 0102 0202 0303 0202 0301 0304 0201 0404 0302 0303 0203 0101 0404 0401 0301 0202 0402 0402 0201 0301 0403 0301 0203 0304 0204 0304 0203 0402 0202 0303 0303 0303 0301 0404 0103 0201 0202 0203 0201 0303 0402 0304 0304 0201 0201 0303 0402 0401
30 , 0204 0302 0302 0402 0402 0302 0304 0204 0404 0104 0401 0203 0402 0202 0402 0103 0204 0204 0404 0302 0104 0402 0301 0101 0102 0404 0103 0201 0402 0401 0201 0403 0102 0202 0303 0202 0301 0304 0201 0404 0204 0202 0302 0402 0402 0302 0301 0304 0404 0104 0401 0203 0402 0202 0402 0103 0304 0204 0404 0302 0104 0402 0301 0101 0102 0404 0103 0201 0402 0401 0201 0403 0102 0202 0303 0202 0301 0304 0201 0404
31 , 0301 0303 0203 0101 0404 0401 0301 0402 0402 0401 0401 0304 0404 0202 0203 0304 0204 0304 0203 0401 0202 0303 0101 0303 0301 0401 0103 0201 0202 0203 0201 0303 0202 0302 0303 0201 0204 0303 0202 0401 0302 0303 0204 0403 0203 0401 0301 0204 0402 0401 0103 0104 0403 0202 0203 0304 0204 0302 0203 0402 0102 0202 0101 0303 0304 0301 0103 0303 0202 0203 0201 0302 0103 0304 0302 0101 0101 0101 0402 0101
32 , 0204 0302 0302 0402 0402 0302 0301 0204 0404 0104 0401 0203 0402 0202 0402 0103 0204 0204 0404 0302 0104 0402 0301 0101 0102 0404 0103 0201 0402 0401 0201 0103 0102 0102 0303 0202 0301 0304 0201 0404 0302 0303 0203 0101 0404 0401 0301 0202 0402 0403 0201 0301 0403 0302 0203 0304 0204 0304 0203 0402 0202 0303 0303 0303 0301 0404 0103 0201 0202 0203 0201 0303 0402 0304 0304 0203 0201 0303 0402 0401
33 , 0302 0403 0204 0103 0203 0201 0101 0204 0402 0401 0101 0404 0401 0202 0303 0304 0204 0304 0201 0402 0102 0303 0101 0402 0304 0401 0103 0403 0202 0103 0201 0301 0104 0303 0302 0101 0101 0101 0402 0401 0204 0202 0302 0402 0402 0302 0301 0204 0404 0104 0401 0203 0402 0202 0402 0103 0304 0204 0404 0302 0104 0402 0301 0101 0102 0204 0103 0201 0402 0401 0201 0403 0102 0202 0302 0202 0301 0304 0201 0404
34 , 0302 0303 0204 0403 0203 0403 0301 0204 0402 0401 0103 0104 0403 0202 0203 0304 0204 0302 0203 0402 0101 0202 0101 0303 0304 0301 0103 0403 0201 0201 0201 0302 0103 0303 0302 0101 0101 0101 0402 0104 0302 0303 0204 0403 0203 0403 0301 0204 0402 0401 0103 0104 0303 0202 0203 0304 0204 0302 0203 0402 0101 0202 0101 0303 0304 0301 0103 0403 0201 0201 0201 0302 0203 0303 0302 0101 0101 0101 0402 0104
35 , 0302 0303 0203 0401 0404 0401 0301 0202 0402 0401 0201 0301 0403 0202 0203 0304 0204 0304 0203 0402 0102 0303 0101 0303 0301 0104 0103 0201 0202 0203 0201 0303 0402 0304 0304 0201 0201 0303 0202 0401 0204 0202 0302 0402 0402 0302 0301 0204 0404 0104 0401 0203 0402 0202 0402 0103 0304 0204 0404 0302 0104 0402 0301 0101 0102 0403 0103 0201 0402 0401 0201 0403 0102 0202 0303 0202 0301 0304 0201 0404
36 , 0204 0302 0302 0402 0402 0302 0301 0204 0404 0104 0401 0203 0402 0202 0402 0103 0204 0204 0404 0302 0104 0402 0301 0101 0102 0404 0103 0201 0402 0401 0201 0403 0102 0202 0303 0202 0301 0304 0201 0404 0302 0304 0203 0101 0402 0401 0103 0202 0402 0403 0201 0404 0402 0202 0303 0304 0302 0304 0201 0402 0102 0302 0401 0303 0104 0401 0403 0301 0403 0201 0301 0303 0402 0302 0202 0101 0201 0101 0102 0401
37 , 0302 0403 0204 0103 0203 0201 0101 0204 0402 0401 0101 0404 0401 0202 0303 0304 0204 0304 0201 0402 0102 0303 0101 0402 0304 0401 0103 0403 0202 0103 0201 0301 0104 0303 0302 0101 0101 0101 0402 0401 0204 0202 0302 0402 0402 0302 0301 0204 0404 0104 0401 0203 0402 0202 0402 0103 0304 0204 0403 0302 0104 0402 0301 0101 0102 0404 0103 0201 0402 0401 0201 0403 0102 0202 0303 0202 0301 0304 0201 0404
38 , 0302 0303 0204 0403 0203 0401 0301 0204 0402 0401 0103 0104 0403 0202 0203 0304 0204 0302 0203 0402 0101 0202 0101 0304 0304 0301 0103 0403 0201 0201 0201 0302 0103 0303 0302 0101 0101 0101 0402 0101 0204 0302 0302 0402 0402 0302 0301 0204 0404 0104 0401 0203 0402 0202 0402 0103 0204 0204 0404 0302 0104 0402 0301 0101 0102 0404 0103 0201 0402 0401 0201 0103 0102 0202 0303 0202 0301 0304 0201 0404
39 , 0302 0303 0203 0401 0404 0401 0301 0202 0402 0401 0101 0301 0403 0202 0203 0304 0204 0304 0203 0402 0102 0303 0101 0303 0301 0104 0103 0201 0202 0203 0201 0303 0402 0304 0304 0201 0201 0303 0204 0401 0302 0303 0203 0101 0404 0401 0301 0202 0402 0403 0201 0301 0403 0302 0203 0304 0204 0304 0203 0402 0202 0303 0103 0303 0301 0404 0203 0201 0202 0203 0201 0303 0402 0304 0304 0203 0201 0303 0402 0401
40 , 0302 0303 0203 0201 0404 0401 0301 0202 0402 0401 0201 0301 0403 0301 0203 0304 0204 0304 0203 0402 0202 0303 0303 0301 0301 0404 0103 0201 0202 0203 0201 0303 0402 0304 0304 0201 0201 0303 0402 0401 0302 0303 0203 0102 0404 0401 0303 0202 0402 0401 0404 0304 0402 0202 0203 0304 0204 0304 0203 0402 0202 0303 0203 0303 0301 0404 0103 0203 0202 0203 0201 0303 0402 0302 0304 0201 0201 0403 0202 0401
41 , 0302 0303 0204 0403 0203 0401 0301 0204 0402 0401 0103 0104 0403 0202 0203 0304 0204 0302 0203 0402 0101 0202 0101 0303 0304 0301 0103 0403 0201 0201 0201 0302 0103 0303 0302 0401 0101 0101 0402 0101 0302 0303 0204 0403 0203 0401 0301 0204 0402 0401 0103 0104 0403 0202 0203 0304 0204 0302 0203 0402 0101 0202 0101 0303 0304 0301 0103 0403 0201 0201 0201 0302 0103 0303 0302 0401 0101 0101 0402 0101
42 , 0302 0303 0203 0102 0404 0401 0303 0202 0402 0401 0401 0304 0402 0202 0203 0304 0204 0304 0203 0402 0202 0303 0203 0303 0301 0404 0103 0203 0202 0203 0201 0303 0402 0302 0304 0201 0201 0403 0202 0401 0302 0303 0203 0101 0404 0401 0301 0202 0402 0401 0201 0301 0404 0302 0203 0304 0204 0304 0203 0402 0302 0303 0303 0303 0301 0404 0103 0201 0202 0203 0201 0303 0402 0304 0304 0203 0201 0303 0402 0401
43 , 0302 0304 0203 0101 0402 0401 0103 0202 0402 0403 0201 0404 0402 0202 0303 0304 0302 0304 0201 0402 0102 0302 0401 0303 0104 0401 0403 0301 0403 0201 0301 0303 0402 0302 0202 0101 0201 0101 0102 0401 0302 0303 0203 0101 0404 0401 0301 0202 0402 0403 0202 0301 0403 0302 0203 0304 0204 0304 0203 0402 0202 0303 0103 0303 0301 0404 0103 0201 0202 0203 0201 0303 0402 0304 0304 0203 0201 0303 0402 0401
44 , 0302 0303 0204 0403 0203 0401 0301 0204 0302 0401 0103 0104 0403 0202 0203 0304 0204 0302 0203 0402 0101 0202 0101 0303 0304 0301 0103 0403 0201 0201 0201 0302 0103 0303 0302 0101 0101 0101 0402 0101 0204 0202 0302 0402 0404 0302 0301 0204 0404 0104 0401 0203 0403 0202 0402 0103 0304 0204 0404 0302 0104 0402 0301 0101 0102 0404 0103 0201 0402 0401 0201 0403 0102 0202 0303 0202 0301 0304 0201 0404
45 , 0302 0303 0203 0201 0404 0401 0301 0202 0402 0401 0201 0301 0403 0301 0203 0304 0204 0304 0203 0402 0202 0303 0303 0301 0301 0404 0103 0201 0202 0203 0201 0303 0402 0304 0304 0201 0201 0303 0402 0401 0302 0304 0203 0101 0402 0401 0103 0202 0402 0403 0201 0404 0402 0202 0303 0304 0302 0304 0201 0402 0102 0302 0401 0303 0104 0401 0403 0301 0403 0201 0301 0303 0402 0302 0202 0101 0201 0101 0102 0401
46 , 0302 0303 0203 0101 0104 0401 0301 0202 0402 0403 0201 0301 0403 0302 0203 0304 0204 0304 0203 0402 0202 0303 0303 0303 0301 0404 0103 0201 0202 0203 0201 0303 0402 0304 0304 0203 0201 0303 0402 0401 0302 0303 0203 0101 0404 0401 0301 0202 0402 0403 0202 0301 0403 0302 0203 0304 0204 0304 0203 0402 0202 0303 0103 0303 0301 0404 0103 0201 0202 0203 0201 0303 0402 0304 0304 0203 0201 0303 0402 0401
47 , 0204 0202 0303 0402 0402 0302 0301 0204 0404 0104 0401 0203 0402 0202 0402 0103 0304 0204 0404 0302 0104 0402 0301 0101 0102 0404 0103 0201 0402 0401 0201 0403 0102 0202 0303 0202 0301 0304 0201 0404 0302 0303 0204 0404 0203 0401 0301 0204 0402 0401 0103 0104 0403 0204 0203 0304 0204 0302 0203 0402 0101 0202 0101 0303 0304 0301 0103 0403 0202 0203 0201 0302 0103 0303 0302 0101 0101 0101 0402 0101
48 , 0302 0303 0203 0102 0404 0401 0301 0202 0402 0403 0201 0301 0403 0302 0202 0304 0204 0302 0203 0402 0202 0303 0103 0303 0301 0404 0103 0201 0202 0203 0201 0303 0402 0304 0304 0203 0201 0303 0402 0401 0302 0303 0203 0401 0404 0401 0301 0202 0402 0401 0201 0301 0403 0202 0203 0304 0204 0304 0203 0402 0102 0303 0101 0303 0301 0104 0103 0201 0202 0203 0201 0303 0402 0304 0304 0201 0201 0303 0202 0401
49 , 0302 0303 0203 0201 0404 0401 0301 0202 0402 0401 0201 0301 0403 0301 0203 0304 0204 0304 0203 0402 0202 0303 0303 0301 0301 0404 0103 0201 0202 0203 0201 0303 0402 0304 0304 0201 0201 0303 0402 0401 0202 0303 0203 0102 0404 0401 0303 0202 0402 0401 0401 0304 0402 0202 0203 0304 0204 0304 0203 0402 0202 0303 0203 0303 0301 0404 0103 0203 0202 0203 0201 0303 0402 0302 0304 0201 0201 0403 0202 0401
50 , 0302 0303 0203 0102 0404 0401 0303 0202 0402 0401 0404 0304 0402 0202 0203 0304 0204 0304 0201 0402 0202 0303 0203 0303 0301 0404 0103 0203 0202 0203 0201 0303 0402 0302 0304 0201 0201 0403 0202 0401 0204 0302 0302 0402 0402 0302 0301 0204 0404 0104 0401 0203 0402 0202 0402 0103 0204 0204 0404 0302 0104 0402 0301 0101 0102 0404 0103 0201 0402 0401 0201 0403 0102 0202 0303 0202 0301 0304 0201 0404