Generated genotype output
1
2
3
4
5
6
7
8
9
10
11
12
13
14
15
16
17
18
19
20
21
22
23
24
25
26
27
28
29
30
31
32
33
34
35
36
37
38
39
40
41
42
43
44
45
46
47
48
49
50
51
52
53
54
55
56
57
58
59
60
61
62
63
64
65
66
67
68
69
70
71
72
73
74
75
76
77
78
79
80
Pop
1 , 0402 0102 0102 0004 0304 0402 0102 0003 0403 0304 0404 0101 0101 0103 0401 0104 0404 0204 0201 0203 0203 0102 0404 0404 0103 0203 0103 0103 0402 0402 0101 0403 0102 0102 0404 0302 0401 0303 0202 0103 0402 0102 0002 0004 0404 0402 0102 0303 0003 0301 0404 0201 0101 0103 0101 0104 0103 0200 0201 0203 0203 0103 0403 0404 0103 0203 0203 0103 0402 0404 0101 0403 0302 0102 0404 0302 0401 0303 0202 0103
2 , 0402 0102 0002 0204 0304 0402 0102 0303 0403 0304 0404 0101 0101 0102 0401 0104 0104 0204 0201 0203 0203 0103 0403 0401 0103 0203 0203 0103 0400 0401 0101 0403 0302 0402 0404 0304 0401 0303 0002 0103 0402 0102 0102 0201 0304 0202 0102 0303 0404 0304 0402 0101 0101 0103 0401 0104 0104 0200 0201 0203 0003 0203 0403 0302 0103 0203 0203 0103 0402 0401 0101 0403 0302 0102 0404 0102 0401 0303 0002 0103
3 , 0402 0102 0002 0202 0304 0402 0102 0303 0403 0300 0404 0101 0101 0101 0401 0100 0104 0203 0201 0204 0203 0104 0403 0404 0103 0203 0200 0103 0402 0401 0100 0400 0302 0102 0404 0302 0401 0303 0202 0100 0402 0102 0102 0203 0304 0402 0102 0303 0403 0303 0404 0100 0101 0101 0400 0104 0104 0204 0201 0203 0200 0103 0404 0403 0103 0203 0200 0100 0402 0401 0101 0403 0302 0102 0404 0302 0401 0303 0202 0103
4 , 0402 0102 0101 0204 0304 0402 0102 0303 0403 0204 0400 0101 0101 0203 0101 0103 0104 0104 0201 0203 0203 0402 0403 0104 0103 0203 0203 0103 0002 0401 0101 0403 0302 0102 0404 0302 0401 0303 0202 0003 0402 0104 0103 0204 0304 0402 0102 0303 0303 0304 0404 0100 0101 0104 0401 0104 0104 0204 0001 0203 0203 0103 0403 0204 0102 0203 0200 0103 0402 0401 0103 0403 0302 0103 0404 0302 0401 0303 0202 0100
5 , 0402 0102 0102 0204 0304 0402 0102 0303 0400 0304 0404 0100 0101 0103 0001 0103 0104 0204 0301 0203 0200 0103 0403 0404 0103 0203 0203 0103 0402 0401 0101 0403 0302 0101 0404 0302 0401 0304 0202 0103 0202 0102 0102 0200 0304 0402 0102 0303 0403 0304 0404 0101 0101 0103 0400 0104 0104 0204 0201 0003 0103 0100 0403 0404 0103 0203 0203 0103 0402 0401 0101 0403 0302 0102 0404 0302 0401 0303 0202 0103
6 , 0402 0102 0102 0304 0304 0402 0102 0303 0403 0304 0404 0101 0101 0103 0401 0104 0104 0204 0204 0203 0203 0103 0403 0404 0103 0201 0203 0103 0402 0401 0101 0403 0302 0102 0404 0101 0401 0303 0002 0203 0402 0102 0102 0204 0304 0402 0102 0303 0403 0304 0404 0101 0101 0101 0401 0104 0104 0404 0201 0203 0401 0103 0403 0404 0103 0202 0203 0103 0302 0401 0101 0402 0302 0102 0404 0302 0201 0003 0202 0103
7 , 0400 0302 0102 0200 0004 0402 0102 0303 0003 0304 0404 0101 0101 0102 0402 0104 0104 0204 0201 0203 0203 0103 0403 0404 0103 0203 0203 0103 0402 0401 0103 0403 0302 0402 0304 0302 0401 0303 0202 0103 0402 0102 0302 0204 0304 0402 0102 0303 0403 0304 0404 0401 0201 0103 0401 0104 0104 0201 0201 0303 0203 0403 0403 0404 0103 0203 0203 0103 0402 0401 0101 0403 0302 0102 0404 0302 0402 0303 0202 0103
8 , 0402 0102 0102 0204 0304 0402 0002 0303 0403 0400 0404 0101 0101 0102 0001 0104 0104 0204 0202 0203 0203 0103 0403 0404 0103 0203 0203 0103 0402 0401 0101 0403 0302 0102 0404 0302 0401 0303 0202 0103 0402 0102 0102 0204 0304 0402 0103 0303 0403 0404 0404 0101 0101 0103 0401 0104 0104 0204 0202 0203 0203 0103 0403 0404 0000 0202 0203 0103 0402 0401 0001 0403 0302 0102 0404 0302 0401 0304 0202 0100
9 , 0402 0102 0102 0204 0304 0401 0102 0303 0401 0304 0404 0401 0101 0103 0401 0104 0104 0204 0001 0203 0003 0103 0403 0404 0103 0203 0003 0103 0402 0401 0101 0203 0302 0102 0404 0302 0401 0303 0202 0103 0402 0102 0100 0204 0304 0402 0102 0303 0403 0304 0402 0101 0101 0103 0401 0104 0104 0204 0201 0203 0203 0103 0403 0404 0103 0203 0203 0102 0402 0401 0101 0403 0302 0102 0404 0302 0401 0303 0202 0103
10 , 0402 0402 0101 0204 0304 0402 0102 0304 0403 0304 0400 0101 0101 0103 0401 0104 0104 0204 0203 0203 0203 0103 0402 0404 0103 0203 0203 0103 0402 0401 0101 0203 0302 0102 0404 0302 0401 0303 0202 0100 0402 0102 0102 0204 0304 0402 0102 0303 0401 0304 0404 0101 0101 0103 0401 0204 0104 0204 0201 0202 0203 0103 0103 0404 0103 0203 0203 0203 0402 0401 0102 0403 0302 0102 0404 0302 0401 0303 0202 0103
11 , 0402 0100 0302 0204 0404 0402 0104 0303 0403 0304 0404 0101 0101 0403 0401 0101 0104 0204 0201 0203 0203 0103 0403 0400 0103 0003 0203 0103 0402 0301 0101 0403 0302 0102 0400 0302 0404 0303 0402 0103 0402 0102 0102 0204 0304 0402 0102 0303 0401 0304 0004 0100 0101 0003 0000 0204 0104 0404 0201 0203 0003 0103 0003 0404 0103 0203 0203 0203 0402 0401 0101 0403 0302 0100 0404 0002 0401 0303 0202 0103
12 , 0402 0102 0102 0204 0304 0402 0102 0303 0403 0304 0404 0101 0101 0103 0401 0104 0104 0204 0201 0203 0203 0103 0400 0404 0102 0103 0203 0303 0402 0401 0101 0403 0102 0102 0401 0302 0401 0302 0202 0103 0402 0102 0102 0204 0304 0002 0102 0303 0403 0304 0404 0101 0101 0103 0401 0103 0104 0204 0301 0203 0203 0103 0403 0404 0103 0203 0003 0103 0402 0401 0101 0403 0302 0101 0404 0302 0001 0304 0202 0103
13 , 0402 0102 0102 0204 0304 0402 0102 0303 0403 0304 0404 0101 0101 0104 0401 0004 0104 0204 0401 0203 0203 0103 0403 0404 0103 0203 0203 0103 0400 0403 0101 0403 0302 0102 0404 0302 0404 0303 0202 0103 0402 0102 0102 0204 0204 0402 0100 0303 0403 0304 0404 0100 0101 0103 0401 0101 0104 0204 0201 0203 0203 0100 0403 0004 0103 0203 0203 0103 0402 0401 0101 0403 0302 0102 0404 0302 0401 0303 0202 0303
14 , 0402 0102 0102 0204 0004 0402 0102 0300 0403 0304 0404 0101 0101 0103 0401 0104 0404 0204 0201 0203 0203 0103 0403 0404 0003 0003 0203 0103 0402 0401 0101 0303 0302 0102 0404 0302 0401 0303 0000 0103 0402 0102 0102 0204 0304 0400 0102 0303 0403 0304 0404 0101 0101 0103 0301 0104 0104 0204 0201 0203 0203 0003 0403 0404 0103 0203 0203 0100 0402 0401 0103 0403 0002 0102 0404 0302 0401 0303 0002 0003
15 , 0402 0102 0102 0204 0304 0402 0102 0103 0400 0304 0404 0101 0100 0103 0401 0104 0104 0204 0201 0203 0203 0103 0401 0404 0103 0203 0203 0103 0402 0201 0100 0403 0002 0103 0404 0302 0401 0303 0202 0103 0402 0102 0102 0204 0304 0402 0102 0303 0403 0304 0404 0104 0101 0101 0101 0104 0104 0404 0201 0203 0201 0103 0403 0004 0103 0203 0200 0103 0302 0401 0101 0403 0102 0102 0404 0302 0201 0303 0202 0103
16 , 0402 0102 0102 0104 0304 0102 0102 0303 0403 0304 0401 0101 0101 0103 0401 0100 0102 0204 0201 0203 0203 0103 0403 0304 0103 0203 0200 0103 0402 0401 0101 0403 0002 0100 0404 0302 0401 0301 0202 0103 0404 0102 0101 0201 0404 0402 0102 0301 0403 0303 0004 0101 0104 0100 0001 0104 0104 0204 0201 0203 0200 0103 0400 0404 0103 0203 0200 0303 0402 0401 0001 0403 0304 0104 0404 0302 0401 0303 0202 0103
17 , 0402 0102 0102 0204 0304 0402 0102 0303 0403 0004 0404 0101 0101 0103 0401 0004 0104 0204 0201 0203 0203 0103 0403 0404 0103 0103 0203 0103 0402 0101 0100 0403 0302 0102 0404 0302 0401 0303 0202 0103 0402 0102 0102 0204 0300 0402 0102 0303 0403 0304 0204 0101 0101 0103 0401 0104 0304 0204 0001 0203 0203 0103 0303 0404 0103 0203 0203 0103 0402 0401 0101 0403 0302 0102 0403 0302 0401 0303 0202 0103
18 , 0402 0102 0102 0104 0304 0402 0102 0300 0403 0304 0104 0101 0101 0103 0404 0104 0304 0204 0201 0204 0203 0103 0403 0404 0103 0203 0203 0103 0404 0401 0101 0403 0302 0102 0404 0302 0401 0303 0202 0103 0402 0102 0101 0304 0302 0002 0102 0303 0403 0301 0404 0101 0101 0100 0101 0104 0104 0204 0201 0203 0203 0003 0403 0404 0103 0200 0203 0103 0402 0401 0101 0403 0302 0102 0004 0301 0401 0303 0202 0100
19 , 0402 0102 0104 0204 0304 0403 0103 0403 0103 0304 0404 0101 0101 0100 0401 0104 0104 0204 0201 0203 0203 0100 0402 0404 0103 0203 0203 0103 0402 0403 0101 0404 0301 0104 0404 0302 0401 0303 0202 0103 0402 0102 0102 0204 0304 0400 0102 0303 0403 0304 0204 0101 0101 0103 0001 0104 0304 0204 0201 0203 0203 0103 0303 0404 0103 0203 0203 0003 0402 0400 0101 0403 0302 0102 0403 0302 0001 0303 0202 0103
20 , 0302 0102 0402 0204 0304 0402 0102 0003 0403 0300 0404 0401 0101 0103 0401 0104 0104 0204 0201 0203 0203 0103 0403 0404 0103 0203 0203 0100 0402 0403 0100 0403 0102 0100 0404 0302 0404 0303 0202 0103 0402 0402 0102 0204 0304 0402 0102 0303 0403 0004 0404 0101 0102 0103 0401 0104 0104 0000 0201 0203 0003 0103 0403 0403 0103 0203 0203 0100 0400 0401 0101 0403 0302 0302 0404 0302 0401 0303 0202 0103
21 , 0402 0102 0101 0204 0304 0400 0100 0303 0403 0304 0004 0104 0201 0403 0401 0100 0104 0204 0201 0203 0203 0103 0403 0404 0103 0203 0203 0103 0402 0401 0101 0403 0302 0102 0402 0302 0401 0403 0202 0103 0002 0102 0102 0004 0004 0402 0102 0303 0403 0304 0104 0104 0101 0103 0401 0104 0104 0004 0201 0203 0200 0103 0403 0404 0103 0203 0203 0103 0402 0401 0101 0403 0302 0102 0402 0302 0401 0403 0202 0103
22 , 0402 0102 0302 0204 0404 0402 0104 0303 0400 0304 0404 0101 0101 0403 0001 0001 0104 0204 0201 0203 0203 0103 0403 0401 0103 0203 0203 0103 0002 0301 0101 0403 0302 0102 0404 0302 0404 0303 0402 0103 0402 0102 0102 0204 0004 0402 0103 0103 0403 0404 0404 0101 0401 0303 0401 0104 0104 0203 0201 0203 0203 0203 0403 0404 0103 0203 0203 0103 0402 0401 0101 0400 0302 0202 0400 0302 0401 0303 0202 0103
23 , 0400 0402 0102 0204 0304 0402 0102 0303 0403 0104 0404 0101 0102 0103 0401 0104 0104 0204 0201 0203 0203 0103 0403 0403 0103 0203 0203 0103 0402 0401 0101 0403 0302 0300 0404 0302 0401 0303 0202 0103 0402 0102 0100 0104 0304 0402 0102 0303 0403 0304 0104 0101 0101 0103 0404 0104 0304 0204 0200 0204 0203 0103 0403 0404 0103 0203 0203 0103 0404 0401 0100 0403 0302 0102 0404 0002 0401 0303 0202 0103
24 , 0402 0100 0102 0204 0304 0402 0102 0303 0403 0304 0404 0101 0101 0103 0401 0104 0104 0204 0200 0203 0203 0003 0403 0404 0103 0203 0203 0103 0402 0401 0101 0403 0302 0102 0004 0302 0401 0303 0202 0103 0402 0102 0102 0204 0304 0002 0102 0303 0403 0304 0404 0101 0100 0103 0401 0104 0103 0004 0201 0003 0203 0103 0403 0404 0102 0201 0203 0103 0402 0401 0101 0103 0102 0102 0404 0302 0201 0303 0202 0403
25 , 0402 0102 0102 0204 0300 0402 0104 0303 0403 0304 0404 0101 0101 0103 0401 0104 0104 0204 0201 0203 0203 0103 0403 0403 0103 0203 0203 0103 0402 0401 0101 0003 0302 0002 0400 0302 0400 0303 0202 0100 0402 0102 0104 0204 0304 0403 0103 0403 0103 0304 0404 0101 0101 0100 0401 0104 0104 0204 0201 0203 0203 0103 0002 0404 0103 0203 0203 0103 0402 0403 0101 0404 0301 0104 0404 0302 0401 0303 0202 0103
26 , 0402 0102 0102 0204 0304 0002 0000 0303 0404 0304 0404 0101 0101 0103 0401 0104 0104 0004 0001 0203 0202 0103 0403 0402 0103 0103 0203 0103 0402 0400 0100 0403 0402 0102 0404 0302 0401 0303 0202 0103 0402 0402 0101 0204 0304 0402 0102 0300 0403 0304 0404 0101 0101 0103 0401 0100 0104 0204 0203 0203 0203 0003 0002 0404 0100 0203 0203 0103 0402 0401 0101 0203 0302 0102 0404 0302 0401 0303 0200 0103
27 , 0402 0102 0102 0202 0304 0402 0102 0303 0403 0304 0404 0102 0101 0100 0401 0103 0104 0204 0001 0203 0203 0103 0403 0404 0102 0203 0203 0100 0402 0401 0101 0403 0302 0102 0402 0302 0401 0403 0202 0103 0402 0102 0101 0204 0304 0402 0102 0303 0403 0304 0404 0001 0101 0103 0401 0100 0104 0204 0201 0203 0203 0103 0403 0404 0103 0204 0203 0103 0402 0401 0101 0400 0302 0002 0404 0302 0400 0303 0202 0100
28 , 0402 0102 0102 0204 0300 0402 0002 0303 0403 0304 0401 0101 0101 0003 0001 0101 0104 0204 0201 0203 0203 0103 0403 0401 0103 0203 0203 0103 0402 0400 0101 0400 0302 0302 0404 0302 0401 0303 0202 0103 0402 0102 0102 0104 0304 0102 0102 0303 0403 0304 0401 0101 0101 0103 0401 0104 0102 0204 0201 0003 0203 0103 0403 0304 0103 0203 0203 0103 0402 0401 0101 0403 0302 0102 0404 0302 0401 0301 0202 0103
29 , 0402 0102 0102 0204 0304 0202 0402 0303 0403 0304 0401 0101 0101 0103 0401 0102 0104 0204 0201 0403 0203 0102 0403 0404 0103 0203 0203 0103 0402 0401 0101 0403 0302 0102 0404 0302 0401 0301 0302 0103 0402 0104 0101 0204 0300 0402 0102 0303 0403 0304 0104 0101 0101 0103 0401 0104 0104 0204 0201 0203 0203 0103 0403 0404 0103 0203 0203 0103 0402 0401 0101 0403 0302 0102 0404 0402 0001 0301 0200 0103
30 , 0402 0101 0102 0004 0304 0402 0102 0303 0403 0304 0404 0101 0101 0203 0401 0304 0104 0204 0201 0203 0203 0103 0304 0404 0103 0203 0203 0103 0402 0401 0101 0403 0302 0102 0404 0302 0401 0303 0302 0303 0402 0104 0102 0204 0304 0402 0102 0303 0403 0300 0404 0101 0101 0100 0401 0104 0104 0200 0201 0203 0103 0103 0403 0404 0103 0203 0203 0102 0402 0401 0101 0402 0302 0000 0404 0302 0401 0303 0202 0103
31 , 0402 0302 0102 0204 0004 0402 0102 0303 0400 0304 0404 0101 0101 0102 0402 0004 0004 0204 0201 0203 0203 0103 0403 0404 0103 0203 0200 0003 0400 0401 0103 0403 0302 0402 0304 0302 0401 0303 0202 0103 0404 0102 0101 0204 0304 0402 0102 0303 0403 0304 0404 0101 0100 0103 0401 0104 0104 0004 0001 0203 0403 0103 0000 0404 0103 0200 0203 0103 0402 0401 0101 0403 0002 0102 0404 0302 0401 0303 0202 0100
32 , 0402 0100 0102 0204 0304 0402 0102 0003 0403 0304 0404 0101 0101 0101 0401 0104 0104 0404 0001 0203 0401 0103 0403 0404 0103 0202 0203 0103 0302 0401 0101 0402 0302 0102 0404 0302 0201 0303 0202 0103 0402 0102 0102 0204 0300 0402 0102 0303 0403 0304 0404 0001 0101 0103 0402 0304 0104 0204 0201 0200 0203 0103 0403 0403 0103 0203 0203 0103 0402 0403 0101 0403 0002 0104 0404 0302 0401 0303 0201 0103
33 , 0402 0101 0102 0204 0304 0402 0102 0303 0403 0304 0400 0101 0101 0103 0401 0104 0104 0200 0201 0203 0203 0103 0403 0404 0103 0003 0203 0103 0402 0401 0101 0403 0302 0102 0404 0302 0400 0303 0202 0103 0402 0102 0102 0204 0304 0402 0102 0303 0403 0304 0404 0103 0103 0201 0401 0104 0104 0003 0201 0203 0202 0103 0404 0404 0103 0303 0202 0103 0402 0401 0101 0403 0302 0102 0404 0302 0401 0303 0202 0103
34 , 0402 0102 0002 0204 0304 0402 0102 0303 0403 0304 0404 0101 0101 0102 0001 0304 0104 0204 0201 0003 0203 0103 0403 0401 0103 0203 0203 0103 0002 0401 0101 0403 0302 0402 0404 0302 0401 0303 0302 0103 0402 0102 0102 0204 0304 0002 0402 0103 0403 0304 0403 0101 0101 0103 0404 0104 0104 0204 0201 0203 0203 0103 0303 0404 0103 0203 0203 0103 0400 0401 0101 0403 0302 0102 0204 0302 0400 0301 0202 0103
35 , 0402 0102 0000 0204 0304 0402 0102 0303 0401 0304 0404 0101 0101 0103 0401 0204 0104 0204 0201 0203 0203 0103 0403 0404 0103 0203 0203 0203 0402 0401 0101 0403 0302 0102 0404 0302 0401 0303 0202 0103 0402 0102 0102 0304 0302 0402 0102 0303 0403 0304 0404 0101 0100 0103 0401 0104 0104 0204 0204 0203 0203 0103 0003 0404 0103 0203 0203 0103 0402 0401 0101 0403 0302 0102 0404 0301 0401 0003 0202 0203
36 , 0402 0102 0302 0204 0404 0400 0104 0303 0403 0304 0404 0101 0101 0403 0401 0101 0104 0204 0201 0203 0203 0103 0403 0401 0103 0203 0203 0103 0402 0301 0101 0403 0302 0002 0404 0302 0404 0303 0402 0103 0400 0102 0102 0204 0304 0402 0102 0303 0403 0304 0404 0101 0101 0103 0401 0104 0104 0200 0001 0203 0203 0103 0402 0404 0102 0103 0203 0303 0402 0401 0101 0403 0102 0102 0401 0302 0401 0302 0202 0103
37 , 0402 0102 0202 0204 0304 0402 0102 0303 0403 0304 0402 0001 0100 0103 0401 0100 0102 0204 0201 0203 0203 0103 0403 0404 0103 0203 0203 0103 0402 0401 0001 0403 0302 0102 0404 0302 0401 0303 0202 0103 0402 0102 0102 0204 0304 0402 0104 0303 0403 0300 0400 0101 0100 0103 0401 0104 0104 0204 0201 0203 0203 0103 0403 0404 0103 0203 0203 0103 0402 0401 0101 0403 0302 0002 0404 0302 0401 0303 0002 0103
38 , 0402 0202 0102 0204 0304 0402 0102 0303 0403 0304 0400 0101 0001 0104 0401 0104 0104 0204 0201 0203 0203 0103 0402 0404 0103 0203 0203 0102 0402 0401 0201 0403 0304 0102 0404 0402 0401 0303 0202 0003 0402 0402 0101 0204 0304 0402 0102 0304 0400 0304 0404 0101 0101 0103 0401 0104 0104 0200 0203 0203 0203 0103 0402 0404 0103 0203 0203 0103 0402 0401 0101 0203 0002 0102 0004 0302 0401 0303 0202 0103
39 , 0202 0102 0102 0203 0304 0402 0102 0303 0403 0204 0404 0101 0100 0300 0402 0104 0104 0204 0201 0200 0203 0103 0403 0400 0103 0203 0203 0100 0402 0400 0101 0403 0302 0102 0104 0302 0401 0403 0202 0103 0402 0002 0102 0204 0304 0402 0102 0303 0404 0304 0404 0100 0101 0103 0401 0104 0104 0204 0201 0203 0202 0103 0403 0402 0003 0103 0203 0103 0402 0401 0101 0403 0402 0102 0404 0302 0401 0303 0002 0103
40 , 0402 0102 0102 0202 0304 0402 0102 0400 0403 0301 0404 0101 0101 0103 0401 0104 0104 0204 0201 0203 0203 0103 0403 0404 0103 0203 0203 0103 0402 0001 0103 0403 0302 0002 0404 0302 0401 0303 0202 0103 0402 0102 0102 0204 0304 0402 0002 0303 0201 0304 0404 0001 0101 0103 0401 0204 0004 0204 0201 0203 0203 0003 0403 0404 0100 0203 0203 0203 0402 0401 0101 0403 0300 0002 0404 0302 0401 0303 0202 0103
41 , 0402 0102 0102 0204 0300 0403 0102 0303 0403 0304 0202 0101 0101 0103 0401 0104 0104 0200 0201 0203 0203 0103 0403 0404 0103 0203 0203 0103 0402 0001 0101 0403 0302 0102 0404 0302 0401 0003 0202 0103 0402 0102 0102 0204 0004 0102 0101 0303 0403 0404 0404 0101 0101 0003 0401 0101 0104 0204 0201 0203 0203 0103 0403 0404 0103 0203 0203 0103 0402 0401 0101 0404 0302 0102 0404 0302 0401 0303 0202 0403
42 , 0402 0101 0102 0204 0304 0402 0102 0203 0403 0304 0404 0101 0101 0100 0401 0304 0104 0204 0201 0203 0203 0103 0403 0404 0103 0203 0203 0003 0002 0401 0101 0403 0302 0102 0404 0302 0401 0302 0202 0103 0402 0102 0302 0204 0304 0402 0102 0303 0403 0404 0404 0101 0101 0103 0401 0104 0100 0204 0201 0203 0203 0003 0403 0404 0103 0003 0203 0003 0002 0001 0101 0403 0302 0102 0404 0302 0402 0303 0202 0103
43 , 0402 0102 0102 0200 0304 0402 0102 0303 0403 0304 0404 0101 0101 0102 0401 0304 0104 0204 0201 0003 0203 0103 0403 0401 0003 0203 0203 0103 0402 0401 0101 0403 0302 0402 0404 0302 0401 0303 0002 0000 0402 0102 0102 0201 0304 0402 0102 0303 0403 0304 0404 0101 0102 0103 0401 0104 0104 0204 0303 0202 0203 0003 0403 0403 0103 0203 0203 0403 0402 0401 0101 0403 0302 0102 0404 0302 0401 0303 0202 0103
44 , 0402 0100 0102 0304 0304 0402 0102 0303 0403 0304 0404 0101 0101 0203 0401 0304 0104 0204 0201 0203 0203 0103 0304 0404 0103 0203 0203 0103 0402 0401 0101 0403 0302 0102 0404 0302 0401 0303 0300 0303 0402 0102 0002 0204 0404 0402 0100 0300 0403 0301 0404 0201 0101 0103 0101 0104 0103 0204 0201 0203 0203 0103 0403 0404 0103 0203 0203 0103 0402 0404 0101 0403 0302 0102 0404 0302 0001 0303 0202 0103
45 , 0402 0100 0102 0204 0304 0402 0102 0300 0203 0304 0404 0101 0101 0103 0402 0104 0104 0204 0301 0203 0203 0102 0403 0404 0103 0203 0203 0303 0402 0401 0101 0403 0302 0100 0404 0302 0400 0303 0202 0103 0402 0102 0102 0104 0304 0102 0102 0303 0403 0304 0401 0101 0101 0103 0401 0104 0102 0204 0201 0203 0003 0103 0403 0304 0103 0203 0003 0003 0400 0401 0101 0403 0302 0002 0404 0002 0401 0301 0202 0103
46 , 0402 0102 0102 0204 0304 0402 0102 0303 0403 0304 0404 0101 0001 0103 0401 0104 0104 0204 0203 0203 0203 0103 0403 0402 0103 0203 0203 0203 0402 0401 0301 0403 0302 0102 0404 0302 0401 0303 0202 0103 0402 0102 0102 0204 0304 0402 0102 0103 0403 0304 0404 0101 0101 0003 0401 0104 0100 0204 0201 0203 0203 0103 0401 0404 0103 0200 0203 0000 0002 0201 0101 0403 0302 0103 0404 0300 0401 0303 0202 0103
47 , 0402 0002 0100 0204 0304 0402 0102 0303 0403 0304 0404 0101 0102 0103 0401 0104 0104 0204 0301 0003 0203 0103 0403 0404 0103 0203 0203 0103 0402 0401 0101 0403 0302 0102 0104 0302 0401 0304 0202 0103 0402 0102 0102 0204 0304 0102 0102 0303 0203 0304 0404 0101 0101 0100 0401 0101 0104 0204 0201 0203 0203 0103 0403 0404 0103 0203 0203 0103 0402 0401 0101 0404 0302 0102 0404 0302 0401 0300 0202 0103
48 , 0402 0102 0102 0204 0301 0202 0102 0303 0400 0402 0404 0101 0101 0103 0201 0104 0104 0204 0301 0203 0204 0103 0403 0404 0302 0203 0201 0103 0402 0001 0204 0403 0302 0102 0004 0302 0401 0303 0302 0103 0402 0102 0102 0204 0304 0402 0102 0303 0201 0304 0404 0101 0101 0103 0401 0204 0104 0204 0201 0203 0203 0103 0403 0404 0103 0203 0203 0203 0402 0401 0101 0403 0302 0102 0404 0302 0001 0303 0202 0103
49 , 0402 0102 0102 0004 0304 0402 0102 0303 0203 0304 0400 0101 0101 0103 0402 0104 0104 0204 0301 0203 0203 0102 0400 0404 0100 0203 0203 0303 0402 0401 0101 0403 0302 0102 0404 0302 0401 0303 0202 0103 0402 0102 0102 0204 0304 0402 0102 0303 0403 0304 0404 0100 0102 0103 0401 0104 0104 0004 0201 0203 0203 0103 0403 0404 0103 0204 0203 0103 0404 0401 0101 0403 0402 0102 0400 0304 0401 0300 0202 0103
50 , 0402 0102 0102 0204 0304 0102 0102 0303 0403 0304 0404 0201 0101 0103 0401 0104 0104 0404 0201 0203 0203 0203 0403 0304 0103 0203 0203 0103 0402 0403 0101 0403 0302 0102 0404 0302 0401 0303 0202 0103 0402 0102 0102 0204 0304 0102 0101 0303 0403 0404 0404 0101 0101 0103 0401 0101 0104 0204 0201 0203 0203 0103 0003 0404 0103 0203 0200 0100 0402 0401 0101 0404 0302 0102 0404 0302 0401 0303 0202 0403
51 , 0402 0102 0102 0204 0304 0402 0102 0303 0403 0304 0404 0101 0101 0100 0401 0104 0104 0204 0201 0203 0203 0103 0000 0300 0103 0203 0203 0103 0402 0001 0101 0403 0302 0102 0404 0302 0401 0303 0202 0103 0402 0102 0102 0004 0304 0402 0102 0303 0403 0304 0404 0101 0101 0103 0401 0104 0404 0204 0201 0203 0201 0103 0303 0404 0100 0303 0203 0103 0402 0401 0101 0400 0302 0102 0204 0302 0400 0303 0203 0103
52 , 0400 0102 0102 0004 0304 0402 0102 0303 0403 0304 0404 0101 0102 0103 0401 0104 0104 0204 0201 0203 0202 0403 0403 0404 0103 0203 0203 0103 0402 0401 0101 0401 0302 0102 0004 0302 0402 0303 0202 0203 0002 0102 0102 0202 0304 0002 0102 0303 0403 0304 0404 0101 0101 0103 0401 0004 0104 0204 0201 0203 0203 0103 0403 0404 0102 0203 0203 0103 0402 0401 0101 0403 0002 0102 0402 0300 0401 0403 0002 0103
53 , 0402 0102 0102 0204 0304 0402 0002 0403 0403 0304 0404 0001 0101 0103 0401 0004 0304 0204 0204 0103 0300 0103 0403 0404 0003 0203 0203 0101 0402 0404 0101 0403 0302 0102 0404 0302 0401 0303 0202 0303 0402 0402 0101 0204 0304 0402 0102 0304 0400 0300 0404 0100 0101 0103 0401 0104 0104 0204 0200 0203 0203 0103 0400 0004 0103 0203 0203 0103 0402 0401 0101 0203 0302 0102 0404 0302 0401 0303 0202 0103
54 , 0402 0102 0102 0204 0304 0402 0102 0003 0403 0304 0004 0101 0101 0103 0401 0103 0104 0204 0301 0203 0203 0103 0403 0404 0103 0200 0203 0103 0402 0401 0101 0403 0302 0101 0404 0302 0401 0304 0202 0103 0402 0102 0102 0204 0300 0402 0102 0303 0403 0304 0404 0101 0002 0103 0401 0104 0104 0204 0201 0203 0202 0403 0400 0404 0103 0203 0203 0103 0402 0001 0101 0401 0302 0102 0404 0002 0402 0303 0202 0203
55 , 0402 0102 0402 0202 0304 0400 0102 0303 0403 0304 0404 0101 0101 0101 0401 0104 0104 0203 0201 0204 0203 0104 0400 0400 0103 0203 0203 0103 0400 0401 0101 0403 0302 0102 0404 0302 0401 0303 0202 0103 0402 0102 0102 0204 0304 0402 0102 0303 0203 0304 0404 0101 0101 0103 0402 0101 0104 0204 0301 0203 0201 0102 0403 0404 0103 0203 0203 0103 0402 0401 0101 0003 0302 0102 0404 0302 0401 0303 0202 0103
56 , 0402 0102 0102 0204 0304 0402 0102 0103 0403 0304 0404 0101 0101 0103 0401 0104 0104 0204 0201 0203 0203 0103 0403 0100 0103 0203 0203 0103 0402 0401 0101 0403 0302 0102 0400 0302 0401 0303 0202 0100 0402 0102 0102 0204 0300 0402 0102 0303 0403 0304 0404 0001 0102 0103 0401 0104 0104 0204 0201 0003 0202 0403 0403 0404 0103 0203 0003 0103 0402 0401 0101 0401 0302 0102 0004 0302 0402 0303 0202 0203
57 , 0402 0102 0102 0204 0304 0402 0102 0203 0400 0304 0404 0103 0301 0103 0401 0103 0104 0200 0201 0203 0203 0003 0403 0404 0103 0003 0203 0103 0402 0001 0101 0003 0302 0102 0204 0302 0400 0303 0202 0103 0402 0104 0102 0204 0304 0402 0102 0303 0403 0304 0404 0101 0001 0103 0401 0104 0004 0204 0201 0203 0103 0103 0403 0404 0103 0203 0203 0102 0402 0001 0101 0402 0302 0102 0404 0302 0401 0303 0202 0103
58 , 0402 0102 0104 0304 0304 0402 0102 0303 0403 0304 0404 0101 0101 0100 0403 0104 0104 0204 0201 0203 0203 0103 0403 0404 0103 0003 0203 0103 0402 0401 0103 0403 0302 0102 0404 0302 0401 0303 0202 0103 0402 0102 0102 0204 0304 0400 0102 0303 0403 0302 0304 0001 0101 0303 0401 0204 0404 0304 0201 0103 0200 0103 0401 0404 0103 0200 0203 0103 0102 0401 0101 0403 0302 0102 0404 0302 0401 0303 0202 0103
59 , 0402 0102 0102 0204 0304 0400 0102 0303 0403 0304 0404 0101 0101 0103 0001 0104 0404 0204 0201 0003 0201 0103 0303 0404 0100 0303 0203 0103 0402 0401 0101 0403 0302 0102 0204 0002 0401 0303 0203 0103 0400 0403 0102 0204 0304 0402 0102 0403 0404 0304 0404 0104 0101 0103 0401 0104 0104 0204 0201 0203 0203 0103 0402 0404 0103 0203 0203 0104 0102 0401 0101 0403 0302 0102 0404 0302 0404 0400 0203 0104
60 , 0200 0102 0402 0204 0304 0002 0102 0303 0403 0304 0404 0101 0101 0303 0401 0104 0104 0204 0201 0203 0203 0103 0403 0404 0003 0203 0203 0103 0402 0401 0001 0403 0402 0100 0404 0202 0401 0303 0202 0103 0402 0102 0102 0204 0304 0402 0002 0303 0403 0304 0404 0101 0101 0103 0401 0104 0103 0204 0200 0303 0203 0103 0403 0404 0102 0201 0203 0103 0402 0401 0101 0103 0102 0102 0404 0302 0201 0303 0202 0403
61 , 0402 0102 0102 0204 0304 0402 0102 0303 0402 0304 0404 0101 0101 0103 0401 0104 0104 0404 0201 0203 0003 0103 0400 0404 0103 0003 0200 0104 0402 0401 0101 0403 0302 0303 0403 0302 0401 0303 0202 0103 0400 0102 0102 0204 0304 0202 0402 0303 0400 0304 0001 0101 0101 0103 0401 0102 0104 0204 0201 0403 0203 0102 0403 0404 0103 0203 0203 0103 0402 0401 0101 0403 0302 0102 0404 0302 0401 0301 0302 0103
62 , 0402 0102 0102 0202 0304 0400 0102 0303 0403 0302 0001 0001 0101 0103 0403 0304 0104 0200 0201 0203 0203 0103 0403 0403 0103 0203 0200 0103 0402 0401 0101 0003 0300 0104 0404 0302 0400 0303 0201 0103 0402 0104 0102 0304 0304 0402 0102 0303 0003 0304 0404 0101 0103 0103 0401 0104 0404 0404 0201 0303 0203 0403 0203 0404 0103 0203 0203 0103 0402 0401 0101 0403 0102 0102 0404 0302 0401 0303 0202 0203
63 , 0402 0102 0102 0204 0304 0202 0402 0303 0403 0304 0401 0101 0101 0103 0401 0102 0104 0204 0201 0403 0203 0102 0403 0400 0103 0203 0203 0103 0402 0401 0101 0403 0302 0102 0400 0302 0401 0301 0302 0003 0402 0102 0102 0204 0004 0402 0102 0303 0403 0304 0404 0101 0001 0103 0401 0104 0104 0200 0001 0104 0203 0303 0403 0404 0103 0203 0203 0103 0402 0401 0101 0403 0304 0102 0004 0302 0401 0303 0202 0103
64 , 0402 0102 0001 0304 0300 0402 0100 0303 0403 0301 0404 0101 0101 0103 0101 0104 0104 0204 0201 0203 0203 0103 0403 0404 0100 0203 0203 0103 0002 0401 0101 0403 0300 0102 0004 0301 0401 0303 0202 0103 0402 0102 0102 0304 0304 0400 0102 0103 0003 0304 0004 0100 0101 0103 0001 0104 0004 0404 0201 0203 0203 0403 0403 0404 0003 0203 0203 0103 0402 0401 0101 0403 0302 0002 0404 0302 0402 0303 0202 0103
65 , 0402 0102 0102 0204 0300 0402 0004 0303 0400 0304 0204 0101 0101 0103 0201 0104 0104 0204 0401 0203 0200 0103 0403 0404 0103 0003 0203 0103 0402 0001 0100 0403 0302 0102 0404 0002 0401 0303 0202 0100 0002 0002 0102 0204 0304 0402 0103 0003 0403 0404 0404 0101 0101 0103 0401 0104 0104 0200 0202 0203 0203 0103 0403 0404 0202 0202 0203 0103 0400 0401 0101 0403 0302 0102 0404 0302 0401 0304 0200 0100
66 , 0102 0102 0002 0204 0004 0402 0102 0103 0403 0304 0404 0101 0101 0103 0401 0404 0104 0204 0301 0203 0203 0103 0403 0004 0103 0203 0203 0103 0402 0401 0101 0403 0302 0102 0404 0302 0401 0403 0202 0102 0402 0102 0102 0204 0304 0402 0102 0303 0403 0304 0404 0101 0101 0103 0001 0103 0104 0204 0301 0203 0203 0103 0403 0404 0103 0203 0203 0103 0402 0401 0101 0403 0302 0101 0404 0302 0401 0304 0202 0103
67 , 0402 0102 0102 0204 0304 0402 0102 0303 0403 0304 0404 0101 0101 0101 0401 0104 0004 0004 0201 0203 0203 0103 0404 0303 0103 0203 0203 0103 0402 0401 0101 0403 0002 0102 0404 0302 0401 0303 0202 0103 0402 0102 0102 0204 0304 0402 0402 0303 0403 0304 0404 0101 0001 0103 0401 0104 0404 0204 0001 0203 0301 0103 0303 0404 0103 0303 0203 0103 0402 0401 0101 0402 0302 0102 0404 0302 0401 0303 0203 0103
68 , 0402 0102 0102 0304 0300 0402 0102 0303 0403 0301 0404 0101 0101 0103 0401 0104 0104 0204 0201 0200 0203 0103 0403 0404 0103 0203 0203 0103 0102 0401 0101 0403 0302 0102 0404 0301 0401 0303 0202 0103 0202 0102 0402 0204 0304 0402 0002 0300 0003 0304 0404 0101 0101 0303 0401 0104 0104 0204 0201 0203 0203 0100 0403 0104 0103 0203 0201 0103 0402 0401 0001 0203 0402 0102 0004 0302 0400 0103 0202 0103
69 , 0402 0100 0002 0204 0304 0402 0102 0303 0403 0304 0404 0101 0001 0102 0401 0104 0104 0204 0200 0203 0203 0100 0404 0403 0103 0003 0203 0103 0002 0201 0101 0403 0302 0102 0404 0204 0401 0303 0202 0103 0402 0100 0102 0304 0302 0402 0102 0303 0403 0304 0404 0101 0101 0103 0401 0100 0104 0204 0204 0203 0003 0103 0403 0404 0103 0203 0203 0003 0402 0401 0101 0403 0302 0102 0404 0301 0001 0303 0202 0203
70 , 0402 0102 0102 0204 0304 0402 0100 0303 0403 0304 0404 0101 0102 0103 0401 0104 0104 0204 0301 0203 0203 0103 0403 0403 0103 0203 0203 0403 0402 0401 0101 0403 0302 0102 0204 0300 0401 0303 0202 0103 0402 0102 0102 0204 0304 0403 0402 0103 0403 0304 0404 0101 0101 0103 0401 0104 0104 0200 0201 0203 0203 0100 0403 0404 0100 0201 0203 0103 0402 0401 0101 0403 0302 0102 0404 0302 0401 0303 0202 0103
71 , 0402 0002 0102 0204 0004 0402 0102 0303 0403 0304 0404 0101 0101 0100 0401 0104 0103 0204 0201 0303 0203 0103 0403 0404 0102 0201 0203 0103 0402 0401 0101 0103 0102 0102 0400 0302 0201 0300 0202 0403 0402 0102 0102 0004 0304 0402 0102 0303 0403 0304 0404 0101 0101 0104 0301 0104 0101 0204 0301 0203 0203 0103 0403 0001 0100 0203 0203 0103 0202 0401 0101 0403 0302 0102 0404 0302 0401 0303 0202 0103
72 , 0402 0102 0102 0204 0304 0402 0102 0303 0403 0304 0004 0001 0101 0002 0401 0304 0104 0204 0201 0203 0203 0103 0403 0401 0103 0203 0203 0103 0402 0401 0100 0403 0302 0402 0404 0302 0401 0303 0302 0103 0402 0102 0102 0204 0304 0402 0102 0403 0403 0304 0404 0101 0101 0103 0401 0100 0304 0204 0204 0103 0303 0103 0003 0404 0103 0203 0203 0101 0402 0404 0101 0403 0302 0102 0004 0302 0400 0303 0202 0303
73 , 0402 0102 0102 0204 0300 0402 0102 0300 0403 0304 0404 0101 0101 0103 0301 0104 0104 0204 0201 0203 0203 0103 0403 0404 0103 0203 0203 0103 0402 0401 0103 0403 0302 0102 0404 0302 0001 0303 0202 0103 0302 0102 0402 0204 0304 0402 0102 0300 0400 0304 0404 0401 0100 0003 0400 0104 0104 0204 0201 0203 0203 0103 0403 0404 0103 0203 0203 0103 0402 0403 0101 0403 0102 0102 0404 0002 0404 0303 0202 0103
74 , 0402 0100 0102 0204 0304 0402 0102 0103 0003 0304 0000 0101 0101 0103 0401 0104 0104 0204 0201 0203 0200 0103 0403 0404 0103 0204 0203 0103 0404 0400 0101 0403 0302 0102 0404 0302 0401 0303 0202 0103 0402 0102 0102 0204 0304 0402 0100 0303 0403 0303 0404 0101 0101 0104 0402 0004 0103 0204 0201 0203 0203 0103 0403 0004 0103 0203 0203 0103 0402 0401 0101 0103 0102 0102 0404 0302 0401 0303 0202 0102
75 , 0402 0102 0101 0204 0304 0402 0102 0303 0403 0304 0404 0101 0101 0103 0400 0104 0004 0204 0201 0203 0200 0103 0403 0404 0103 0200 0203 0103 0402 0401 0101 0403 0302 0102 0400 0002 0401 0303 0202 0103 0402 0302 0102 0204 0304 0402 0102 0303 0001 0304 0404 0101 0101 0104 0401 0104 0104 0204 0201 0203 0203 0401 0403 0404 0403 0203 0203 0100 0002 0401 0101 0403 0304 0102 0404 0302 0401 0303 0002 0103
76 , 0402 0102 0102 0204 0300 0402 0102 0300 0403 0302 0304 0101 0101 0303 0401 0204 0004 0304 0201 0103 0203 0103 0401 0404 0103 0203 0003 0003 0102 0401 0101 0403 0302 0102 0404 0302 0401 0303 0202 0103 0402 0102 0104 0201 0304 0402 0102 0203 0403 0304 0404 0100 0101 0103 0101 0104 0101 0204 0001 0203 0003 0103 0403 0404 0103 0203 0203 0103 0402 0401 0104 0403 0302 0102 0404 0302 0401 0303 0302 0103
77 , 0402 0102 0102 0204 0304 0401 0102 0303 0403 0304 0404 0001 0101 0103 0401 0104 0300 0204 0201 0203 0203 0103 0403 0404 0203 0203 0203 0103 0402 0401 0101 0403 0202 0100 0404 0302 0401 0302 0203 0102 0402 0402 0102 0204 0204 0402 0002 0303 0403 0304 0304 0100 0100 0103 0401 0104 0104 0202 0201 0203 0103 0203 0003 0404 0103 0203 0003 0103 0403 0401 0101 0403 0300 0102 0404 0301 0001 0303 0202 0103
78 , 0402 0102 0402 0202 0304 0402 0102 0302 0403 0004 0404 0301 0101 0101 0401 0104 0104 0203 0201 0201 0303 0104 0403 0304 0103 0203 0203 0103 0404 0401 0101 0402 0302 0102 0404 0302 0401 0303 0202 0103 0402 0104 0102 0004 0304 0402 0102 0303 0403 0303 0404 0001 0001 0102 0401 0004 0101 0204 0201 0203 0203 0103 0403 0404 0100 0203 0203 0103 0402 0401 0101 0400 0302 0102 0404 0302 0401 0403 0202 0103
79 , 0402 0100 0102 0204 0304 0402 0102 0303 0403 0304 0404 0101 0001 0102 0401 0104 0104 0204 0201 0003 0203 0103 0403 0401 0103 0203 0203 0103 0402 0401 0101 0403 0302 0402 0404 0304 0401 0303 0302 0103 0002 0100 0102 0204 0304 0402 0102 0303 0403 0304 0404 0101 0101 0103 0401 0104 0104 0204 0201 0203 0203 0403 0403 0404 0103 0203 0203 0201 0402 0001 0101 0403 0303 0102 0404 0302 0101 0303 0200 0103
80 , 0402 0002 0102 0204 0004 0402 0102 0302 0403 0300 0404 0101 0103 0003 0401 0100 0404 0204 0201 0203 0403 0103 0403 0401 0103 0203 0203 0103 0402 0401 0101 0403 0302 0100 0404 0302 0401 0003 0002 0103 0402 0102 0102 0204 0304 0402 0102 0300 0201 0304 0404 0101 0101 0103 0400 0204 0104 0204 0201 0003 0203 0103 0403 0404 0103 0203 0203 0203 0402 0400 0101 0403 0302 0102 0404 0302 0401 0303 0202 0103
81 , 0402 0102 0102 0004 0304 0402 0102 0302 0403 0303 0404 0101 0101 0103 0401 0101 0400 0204 0201 0203 0203 0100 0003 0401 0103 0203 0203 0003 0402 0401 0101 0003 0302 0101 0404 0302 0401 0303 0202 0103 0402 0102 0102 0204 0304 0402 0102 0303 0403 0304 0404 0101 0101 0103 0401 0103 0104 0204 0301 0203 0203 0100 0403 0404 0103 0203 0203 0103 0402 0401 0101 0403 0302 0101 0404 0302 0401 0300 0202 0003
82 , 0402 0104 0101 0204 0304 0400 0102 0303 0403 0304 0104 0101 0101 0103 0401 0104 0104 0204 0201 0203 0203 0103 0403 0404 0100 0203 0203 0103 0402 0401 0101 0403 0302 0100 0404 0402 0401 0301 0202 0103 0402 0402 0102 0204 0304 0402 0102 0303 0403 0304 0404 0401 0101 0104 0401 0104 0100 0004 0200 0203 0203 0103 0402 0404 0103 0203 0203 0103 0402 0401 0201 0403 0304 0102 0404 0402 0401 0303 0202 0103
83 , 0402 0102 0101 0004 0304 0400 0102 0303 0401 0304 0404 0401 0101 0103 0401 0104 0104 0204 0201 0203 0203 0103 0403 0404 0100 0203 0203 0103 0402 0401 0101 0203 0302 0102 0404 0302 0401 0303 0202 0103 0402 0102 0102 0204 0304 0402 0102 0303 0003 0304 0001 0101 0101 0203 0401 0101 0104 0204 0201 0203 0200 0103 0003 0401 0103 0203 0203 0103 0402 0401 0101 0403 0302 0302 0404 0302 0001 0303 0202 0103
84 , 0002 0102 0102 0201 0004 0402 0102 0303 0403 0304 0400 0101 0102 0103 0401 0104 0104 0204 0303 0200 0003 0103 0403 0403 0103 0203 0203 0403 0402 0401 0101 0403 0302 0102 0404 0302 0401 0303 0200 0103 0402 0102 0102 0204 0304 0402 0102 0302 0403 0303 0404 0101 0101 0103 0401 0101 0404 0204 0201 0203 0203 0103 0403 0401 0103 0203 0203 0103 0402 0401 0101 0403 0302 0101 0404 0302 0001 0303 0202 0103
85 , 0402 0102 0102 0204 0304 0402 0102 0003 0403 0303 0404 0101 0101 0104 0002 0104 0103 0204 0201 0203 0203 0103 0403 0404 0003 0203 0203 0103 0402 0401 0101 0103 0102 0002 0404 0302 0401 0003 0202 0100 0402 0102 0103 0204 0304 0402 0102 0300 0003 0304 0104 0103 0101 0200 0401 0104 0104 0203 0201 0003 0203 0103 0404 0404 0103 0303 0202 0103 0402 0001 0101 0403 0302 0102 0404 0302 0401 0303 0202 0103
86 , 0402 0102 0102 0204 0304 0402 0102 0300 0403 0304 0404 0101 0102 0103 0401 0104 0104 0204 0201 0203 0202 0400 0403 0404 0103 0203 0203 0103 0402 0401 0101 0401 0302 0102 0404 0302 0402 0303 0202 0203 0402 0102 0102 0204 0104 0402 0100 0303 0403 0304 0204 0101 0101 0103 0401 0104 0104 0204 0201 0200 0203 0103 0403 0403 0103 0203 0203 0103 0402 0301 0101 0403 0002 0102 0404 0302 0402 0303 0202 0103
87 , 0402 0102 0102 0200 0304 0402 0102 0303 0403 0304 0404 0101 0102 0103 0401 0104 0104 0204 0201 0203 0000 0403 0403 0404 0103 0203 0203 0103 0402 0401 0101 0401 0302 0102 0404 0302 0402 0303 0202 0203 0402 0102 0100 0304 0300 0402 0102 0103 0403 0304 0304 0101 0101 0103 0001 0104 0104 0404 0201 0203 0203 0403 0403 0404 0100 0203 0203 0103 0402 0401 0101 0003 0302 0102 0404 0302 0402 0303 0202 0103
88 , 0402 0102 0302 0204 0304 0402 0102 0303 0403 0404 0404 0101 0101 0103 0001 0104 0104 0204 0201 0203 0203 0403 0403 0404 0103 0203 0203 0103 0302 0401 0101 0403 0302 0102 0004 0302 0402 0303 0200 0103 0202 0102 0402 0204 0304 0402 0102 0303 0403 0304 0404 0101 0101 0303 0401 0104 0104 0204 0201 0203 0203 0100 0003 0404 0103 0403 0203 0103 0402 0401 0101 0403 0402 0102 0402 0302 0401 0303 0202 0103
89 , 0402 0403 0102 0204 0304 0002 0102 0403 0404 0304 0404 0104 0101 0103 0401 0004 0104 0204 0201 0203 0203 0003 0402 0404 0103 0203 0203 0104 0102 0401 0101 0403 0302 0102 0404 0302 0000 0403 0203 0104 0402 0002 0102 0204 0300 0402 0002 0303 0403 0304 0404 0101 0101 0101 0401 0104 0104 0204 0201 0203 0203 0103 0404 0303 0100 0203 0203 0103 0402 0401 0101 0403 0302 0102 0404 0302 0401 0303 0202 0103
90 , 0402 0102 0102 0204 0304 0402 0104 0303 0403 0304 0404 0001 0101 0103 0401 0104 0104 0204 0201 0203 0200 0103 0003 0404 0103 0203 0203 0103 0402 0401 0101 0403 0302 0102 0404 0302 0401 0303 0202 0103 0402 0102 0102 0204 0304 0402 0102 0303 0403 0304 0404 0101 0101 0103 0401 0100 0100 0204 0201 0003 0203 0103 0403 0404 0103 0203 0203 0103 0402 0401 0101 0403 0302 0104 0204 0302 0401 0303 0202 0203
91 , 0402 0402 0102 0204 0304 0402 0102 0303 0403 0304 0404 0401 0101 0104 0401 0104 0104 0204 0201 0203 0203 0103 0402 0404 0103 0203 0203 0103 0402 0401 0201 0403 0304 0102 0404 0402 0401 0303 0202 0103 0402 0102 0102 0204 0304 0402 0103 0103 0403 0004 0404 0101 0401 0303 0401 0004 0104 0203 0201 0200 0200 0203 0003 0404 0103 0200 0203 0103 0002 0401 0101 0403 0302 0202 0404 0302 0400 0303 0202 0103
92 , 0002 0102 0102 0202 0304 0402 0102 0303 0403 0004 0404 0101 0101 0103 0401 0104 0104 0200 0200 0203 0203 0103 0403 0404 0102 0200 0203 0103 0402 0401 0101 0403 0300 0102 0402 0302 0400 0403 0202 0103 0402 0102 0302 0204 0304 0402 0103 0103 0403 0404 0404 0001 0401 0303 0401 0104 0104 0204 0201 0003 0203 0100 0403 0404 0103 0203 0203 0103 0402 0401 0101 0403 0302 0202 0404 0302 0300 0003 0202 0103
93 , 0002 0102 0102 0104 0304 0402 0102 0304 0403 0304 0404 0101 0101 0103 0401 0104 0104 0204 0201 0203 0103 0003 0403 0404 0103 0003 0203 0103 0102 0301 0102 0400 0302 0102 0404 0300 0401 0303 0202 0103 0402 0102 0102 0204 0300 0202 0102 0303 0403 0402 0404 0101 0101 0103 0201 0104 0104 0204 0301 0203 0204 0103 0403 0404 0302 0203 0201 0103 0402 0401 0104 0403 0302 0002 0204 0302 0401 0003 0302 0103
94 , 0402 0102 0102 0204 0304 0402 0102 0303 0403 0104 0404 0101 0101 0103 0401 0104 0104 0204 0201 0203 0201 0100 0403 0200 0103 0203 0203 0103 0402 0401 0101 0403 0302 0102 0402 0202 0401 0303 0002 0103 0402 0102 0102 0204 0304 0401 0102 0303 0003 0304 0404 0100 0101 0100 0401 0104 0304 0004 0201 0203 0200 0103 0403 0404 0203 0203 0203 0103 0400 0401 0101 0400 0202 0102 0404 0302 0401 0302 0203 0102
95 , 0402 0102 0102 0204 0004 0002 0102 0300 0403 0304 0404 0101 0101 0003 0401 0104 0104 0004 0201 0203 0203 0103 0403 0404 0003 0203 0203 0103 0402 0401 0101 0403 0302 0104 0204 0302 0401 0303 0202 0203 0401 0104 0102 0204 0301 0402 0102 0303 0403 0303 0404 0101 0101 0103 0201 0104 0103 0204 0201 0203 0203 0103 0403 0404 0303 0203 0200 0103 0402 0401 0303 0403 0302 0102 0404 0302 0401 0303 0202 0103
96 , 0202 0102 0102 0204 0104 0002 0102 0303 0403 0304 0404 0101 0003 0103 0401 0102 0104 0204 0201 0203 0303 0103 0403 0404 0003 0203 0203 0103 0002 0401 0101 0403 0302 0402 0404 0300 0101 0303 0202 0103 0002 0102 0102 0204 0304 0402 0102 0303 0403 0304 0404 0101 0102 0103 0401 0104 0104 0204 0001 0003 0203 0103 0403 0404 0103 0204 0203 0103 0404 0401 0101 0403 0402 0102 0404 0304 0401 0303 0202 0103
97 , 0402 0102 0102 0204 0301 0202 0102 0303 0403 0400 0404 0101 0101 0103 0001 0104 0104 0204 0301 0203 0204 0103 0403 0402 0300 0203 0201 0103 0402 0401 0104 0403 0002 0102 0204 0302 0401 0303 0302 0103 0402 0102 0102 0204 0304 0402 0102 0303 0403 0304 0404 0101 0100 0103 0401 0104 0104 0204 0301 0203 0203 0103 0403 0404 0103 0200 0203 0103 0402 0401 0101 0403 0302 0002 0104 0302 0401 0300 0202 0103
98 , 0402 0102 0002 0204 0304 0400 0102 0303 0403 0304 0404 0101 0002 0103 0401 0104 0104 0204 0301 0203 0203 0103 0403 0004 0103 0203 0200 0103 0402 0401 0101 0403 0002 0102 0104 0302 0401 0304 0202 0003 0402 0002 0102 0204 0304 0402 0102 0303 0403 0304 0404 0001 0101 0003 0401 0104 0104 0204 0201 0203 0203 0103 0403 0404 0103 0203 0203 0102 0402 0401 0101 0402 0202 0102 0404 0302 0401 0303 0302 0103
99 , 0402 0102 0102 0004 0304 0402 0102 0303 0004 0304 0404 0101 0101 0103 0401 0104 0104 0204 0201 0203 0202 0103 0003 0402 0103 0103 0203 0103 0402 0401 0101 0403 0402 0102 0404 0302 0401 0303 0202 0003 0402 0102 0102 0004 0304 0402 0102 0303 0403 0304 0404 0101 0101 0102 0401 0104 0104 0004 0201 0200 0200 0103 0003 0401 0103 0203 0203 0103 0402 0401 0101 0403 0302 0402 0404 0304 0401 0303 0302 0103
100 , 0402 0102 0102 0204 0304 0400 0102 0303 0403 0304 0004 0101 0101 0103 0401 0104 0104 0204 0201 0202 0203 0103 0402 0404 0103 0203 0203 0103 0402 0403 0101 0403 0302 0102 0404 0202 0401 0303 0202 0102 0402 0102 0402 0204 0304 0402 0102 0303 0403 0304 0404 0401 0101 0103 0401 0104 0104 0204 0201 0203 0203 0103 0403 0404 0103 0203 0203 0103 0402 0403 0101 0403 0102 0102 0404 0302 0404 0300 0202 0103