Generated genotype output
1
2
3
4
5
6
7
8
9
10
11
12
13
14
15
16
17
18
19
20
21
22
23
24
25
26
27
28
29
30
31
32
33
34
35
36
37
38
39
40
41
42
43
44
45
46
47
48
49
50
51
52
53
54
55
56
57
58
59
60
61
62
63
64
65
66
67
68
69
70
71
72
73
74
75
76
77
78
79
80
81
82
83
84
85
86
87
88
89
90
91
92
93
94
95
96
97
98
99
100
101
102
103
104
105
106
107
108
109
110
111
112
113
114
115
116
117
118
119
120
121
122
123
124
125
126
127
128
129
130
131
132
133
134
135
136
137
138
139
140
141
142
143
144
145
146
147
148
149
150
151
152
153
154
155
156
157
158
159
160
Pop
1 , 0202 0102 0203 0404 0304 0103 0202 0102 0304 0201 0404 0203 0203 0304 0303 0301 0102 0103 0102 0402 0102 0204 0302 0204 0102 0203 0104 0102 0102 0101 0101 0401 0302 0201 0301 0102 0301 0301 0404 0404 0102 0302 0103 0101 0403 0203 0301 0404 0202 0104 0204 0103 0403 0203 0101 0101 0202 0301 0404 0203 0403 0104 0202 0401 0101 0302 0403 0404 0203 0104 0303 0402 0202 0304 0204 0104 0202 0102 0203 0404 0304 0103 0404 0102 0301 0401 0404 0203 0204 0204 0303 0401 0102 0103 0202 0402 0102 0204 0302 0204 0102 0203 0104 0302 0102 0101 0204 0404 0302 0101 0301 0102 0203 0303 0404 0404 0102 0301 0103 0202 0404 0203 0301 0404 0202 0104 0304 0201 0403 0203 0104 0103 0202 0301 0404 0103 0403 0104 0202 0401 0101 0301 0403 0304 0203 0104 0303 0402 0202 0301 0204 0104
2 , 0202 0102 0203 0404 0304 0103 0104 0102 0401 0301 0404 0203 0201 0404 0303 0401 0101 0103 0102 0402 0102 0204 0302 0204 0102 0203 0101 0302 0402 0101 0101 0404 0304 0401 0301 0102 0203 0301 0204 0404 0102 0301 0103 0102 0401 0201 0301 0404 0302 0102 0304 0203 0403 0203 0104 0103 0302 0303 0404 0103 0403 0102 0202 0201 0201 0302 0403 0304 0203 0104 0303 0401 0402 0304 0201 0104 0202 0102 0203 0404 0304 0103 0202 0102 0304 0201 0404 0203 0202 0304 0303 0301 0102 0103 0102 0402 0102 0204 0302 0204 0102 0203 0104 0102 0102 0101 0101 0401 0302 0201 0301 0102 0301 0301 0404 0404 0102 0302 0103 0101 0403 0202 0301 0404 0202 0104 0204 0103 0403 0203 0101 0101 0202 0301 0404 0203 0403 0104 0202 0401 0101 0302 0403 0404 0203 0104 0303 0202 0202 0304 0204 0104
3 , 0202 0102 0203 0404 0304 0103 0404 0102 0401 0301 0404 0203 0201 0204 0303 0401 0101 0103 0303 0402 0102 0204 0302 0204 0402 0203 0101 0302 0102 0101 0101 0402 0304 0401 0301 0102 0203 0301 0204 0404 0104 0301 0103 0102 0401 0201 0301 0404 0202 0102 0304 0203 0403 0203 0104 0203 0202 0303 0404 0103 0403 0102 0202 0401 0201 0102 0403 0304 0203 0104 0303 0402 0402 0304 0204 0104 0202 0302 0203 0403 0301 0103 0204 0103 0104 0404 0204 0103 0204 0102 0303 0401 0101 0302 0101 0402 0101 0202 0302 0303 0102 0202 0104 0302 0402 0201 0102 0401 0204 0302 0404 0102 0203 0301 0404 0104 0102 0301 0203 0404 0104 0103 0401 0304 0202 0104 0203 0103 0403 0403 0104 0303 0304 0301 0404 0201 0402 0104 0302 0301 0101 0302 0103 0402 0202 0104 0403 0302 0202 0104 0204 0201
4 , 0202 0102 0203 0404 0204 0103 0204 0103 0301 0201 0404 0203 0201 0204 0303 0301 0102 0103 0102 0402 0101 0204 0302 0204 0102 0203 0104 0303 0102 0101 0101 0401 0302 0401 0301 0302 0303 0301 0404 0404 0102 0302 0103 0101 0403 0203 0301 0404 0202 0102 0204 0203 0403 0203 0101 0103 0202 0301 0404 0203 0203 0104 0202 0401 0101 0302 0403 0404 0303 0102 0303 0402 0202 0304 0204 0104 0202 0102 0203 0404 0304 0103 0104 0102 0401 0301 0404 0203 0201 0204 0303 0401 0101 0103 0102 0402 0102 0204 0302 0204 0102 0203 0101 0302 0402 0101 0101 0404 0304 0401 0301 0102 0203 0301 0204 0404 0102 0301 0103 0102 0401 0201 0301 0404 0202 0402 0304 0203 0403 0203 0104 0103 0302 0303 0404 0103 0403 0102 0202 0201 0201 0302 0403 0304 0203 0104 0303 0401 0402 0304 0201 0104
5 , 0202 0102 0203 0404 0304 0103 0104 0102 0401 0301 0404 0303 0201 0204 0303 0401 0101 0103 0102 0402 0102 0204 0302 0204 0402 0203 0101 0302 0402 0101 0101 0404 0304 0401 0301 0102 0203 0301 0204 0404 0102 0301 0103 0102 0401 0201 0301 0404 0202 0102 0304 0203 0403 0203 0104 0103 0302 0303 0404 0103 0403 0102 0202 0401 0201 0302 0403 0304 0203 0104 0303 0401 0402 0304 0201 0104 0202 0102 0203 0404 0304 0103 0404 0102 0401 0301 0404 0203 0201 0204 0303 0401 0101 0103 0303 0402 0102 0204 0302 0204 0402 0203 0101 0302 0102 0101 0101 0402 0304 0401 0301 0102 0203 0301 0204 0404 0102 0301 0103 0102 0401 0201 0301 0404 0202 0102 0304 0203 0403 0203 0104 0103 0202 0303 0404 0103 0403 0102 0202 0401 0201 0302 0403 0304 0203 0104 0303 0403 0402 0304 0204 0104
6 , 0202 0102 0203 0404 0304 0103 0104 0102 0401 0301 0404 0203 0201 0204 0303 0401 0101 0103 0102 0402 0102 0204 0302 0204 0102 0203 0101 0302 0402 0101 0101 0404 0304 0401 0301 0102 0203 0301 0204 0404 0102 0301 0103 0102 0401 0201 0301 0404 0302 0102 0304 0203 0403 0203 0104 0103 0302 0303 0404 0103 0403 0102 0202 0201 0201 0302 0403 0304 0203 0104 0303 0401 0402 0304 0201 0104 0202 0102 0203 0403 0301 0103 0204 0103 0104 0404 0204 0103 0204 0104 0303 0401 0301 0302 0101 0402 0102 0202 0102 0303 0102 0202 0404 0302 0401 0201 0102 0401 0204 0301 0404 0102 0203 0301 0404 0104 0102 0301 0203 0104 0104 0103 0201 0304 0202 0104 0203 0104 0403 0403 0104 0303 0304 0301 0404 0201 0402 0104 0302 0301 0401 0102 0103 0402 0202 0104 0403 0302 0202 0404 0204 0201
7 , 0401 0202 0203 0403 0303 0103 0202 0103 0301 0401 0404 0202 0201 0104 0304 0401 0102 0303 0302 0402 0102 0204 0302 0304 0303 0203 0404 0102 0402 0201 0101 0401 0204 0301 0303 0102 0403 0301 0404 0104 0102 0301 0304 0204 0404 0403 0201 0304 0202 0104 0201 0102 0402 0101 0204 0203 0302 0301 0404 0203 0103 0102 0402 0101 0401 0302 0103 0404 0202 0204 0301 0402 0204 0204 0304 0103 0202 0102 0203 0403 0301 0103 0204 0103 0104 0404 0204 0103 0204 0104 0303 0401 0301 0302 0101 0402 0102 0202 0102 0303 0102 0202 0404 0302 0401 0201 0102 0401 0204 0301 0404 0102 0203 0301 0404 0104 0102 0301 0203 0104 0104 0103 0201 0304 0202 0104 0203 0104 0403 0403 0104 0303 0304 0301 0404 0201 0402 0104 0302 0301 0401 0102 0103 0402 0202 0104 0403 0302 0202 0404 0204 0201
8 , 0401 0202 0203 0403 0303 0103 0304 0103 0301 0401 0404 0202 0201 0104 0304 0402 0102 0303 0303 0402 0103 0204 0302 0304 0303 0203 0404 0102 0402 0201 0101 0401 0204 0301 0303 0102 0403 0301 0404 0104 0104 0301 0304 0204 0402 0403 0201 0304 0202 0104 0201 0102 0402 0101 0204 0203 0302 0301 0401 0203 0103 0102 0402 0101 0401 0302 0103 0404 0202 0204 0301 0404 0204 0204 0304 0103 0202 0102 0203 0404 0304 0103 0404 0102 0401 0101 0404 0203 0201 0204 0303 0401 0101 0103 0303 0402 0102 0204 0302 0204 0402 0203 0101 0302 0102 0101 0101 0402 0304 0401 0301 0102 0203 0301 0204 0404 0102 0301 0403 0102 0401 0201 0303 0404 0202 0102 0304 0203 0403 0203 0104 0103 0202 0303 0404 0103 0401 0104 0202 0401 0201 0302 0403 0304 0203 0104 0303 0402 0402 0304 0204 0104
9 , 0401 0202 0203 0403 0303 0103 0202 0103 0301 0401 0404 0202 0201 0104 0304 0401 0102 0303 0302 0402 0102 0204 0302 0304 0303 0203 0404 0102 0402 0201 0101 0401 0204 0301 0303 0102 0403 0301 0404 0104 0102 0301 0304 0204 0404 0403 0201 0304 0202 0104 0201 0102 0402 0101 0204 0203 0302 0301 0404 0203 0103 0102 0402 0101 0401 0302 0103 0404 0202 0204 0301 0402 0204 0204 0304 0103 0202 0102 0203 0403 0301 0203 0204 0103 0104 0404 0204 0102 0204 0104 0303 0401 0101 0302 0101 0402 0102 0202 0301 0303 0102 0202 0404 0302 0402 0201 0102 0401 0204 0301 0404 0102 0203 0301 0404 0404 0102 0301 0203 0104 0104 0103 0201 0304 0202 0104 0203 0102 0303 0403 0104 0303 0304 0301 0404 0201 0402 0204 0304 0301 0101 0302 0103 0402 0202 0104 0403 0302 0202 0304 0204 0201
10 , 0202 0102 0203 0403 0301 0103 0204 0103 0104 0401 0104 0103 0204 0104 0303 0401 0101 0302 0101 0402 0102 0202 0302 0303 0102 0202 0404 0302 0404 0201 0102 0401 0204 0301 0404 0102 0203 0301 0404 0104 0102 0301 0203 0104 0104 0103 0201 0304 0202 0104 0201 0104 0403 0403 0104 0303 0304 0301 0404 0201 0402 0104 0302 0301 0101 0302 0103 0402 0202 0104 0403 0302 0202 0104 0204 0201 0401 0202 0203 0403 0303 0103 0202 0103 0301 0401 0404 0202 0201 0104 0304 0401 0102 0303 0302 0402 0102 0204 0302 0304 0303 0203 0404 0102 0402 0201 0101 0401 0204 0301 0303 0102 0403 0301 0404 0104 0102 0301 0304 0204 0404 0403 0201 0304 0202 0204 0201 0102 0402 0101 0204 0203 0302 0301 0404 0203 0103 0102 0402 0101 0401 0302 0103 0404 0202 0204 0301 0402 0204 0204 0304 0103
11 , 0401 0202 0203 0403 0303 0103 0304 0103 0301 0401 0404 0202 0201 0104 0304 0402 0102 0303 0303 0402 0102 0204 0302 0304 0303 0203 0404 0102 0402 0201 0101 0401 0204 0301 0303 0102 0403 0301 0404 0104 0104 0301 0304 0204 0402 0403 0201 0304 0202 0104 0201 0102 0402 0101 0204 0203 0302 0301 0401 0203 0103 0102 0402 0101 0401 0302 0103 0404 0202 0204 0301 0404 0204 0204 0304 0103 0202 0102 0203 0404 0304 0103 0404 0102 0301 0401 0404 0203 0204 0204 0303 0401 0102 0103 0102 0402 0302 0204 0302 0204 0102 0203 0104 0302 0102 0101 0204 0404 0302 0101 0301 0102 0203 0303 0404 0404 0102 0301 0103 0202 0404 0203 0301 0404 0202 0104 0304 0201 0403 0203 0104 0103 0202 0301 0404 0103 0403 0104 0202 0401 0101 0301 0403 0304 0203 0104 0303 0402 0202 0301 0204 0104
12 , 0202 0102 0203 0404 0304 0103 0404 0102 0401 0101 0404 0203 0201 0204 0303 0401 0101 0103 0303 0402 0102 0204 0302 0204 0402 0203 0101 0302 0102 0101 0101 0402 0304 0401 0301 0102 0203 0301 0204 0404 0102 0301 0403 0102 0401 0201 0303 0404 0202 0102 0304 0203 0403 0203 0104 0103 0202 0303 0404 0103 0401 0104 0202 0401 0201 0302 0403 0304 0203 0104 0303 0402 0402 0304 0204 0104 0401 0202 0203 0403 0303 0103 0304 0103 0301 0401 0404 0202 0201 0104 0304 0402 0102 0303 0303 0402 0102 0204 0302 0304 0303 0203 0404 0102 0402 0201 0101 0401 0204 0301 0303 0102 0403 0301 0404 0104 0104 0301 0304 0204 0402 0403 0201 0304 0202 0104 0201 0102 0402 0101 0204 0203 0302 0301 0401 0203 0103 0102 0402 0101 0401 0302 0103 0404 0202 0204 0301 0404 0204 0204 0304 0103
13 , 0401 0202 0203 0403 0303 0103 0202 0103 0301 0401 0404 0202 0201 0104 0304 0401 0102 0303 0302 0402 0102 0204 0302 0304 0303 0203 0404 0102 0402 0201 0101 0401 0204 0301 0303 0102 0403 0301 0404 0104 0102 0301 0304 0204 0404 0403 0101 0304 0202 0104 0201 0102 0402 0101 0204 0203 0302 0301 0404 0203 0103 0102 0402 0101 0401 0302 0303 0404 0202 0204 0301 0402 0204 0204 0304 0103 0202 0102 0203 0404 0304 0103 0404 0102 0401 0101 0404 0203 0201 0204 0303 0401 0101 0103 0303 0402 0102 0204 0302 0204 0402 0203 0101 0302 0102 0101 0101 0402 0304 0401 0301 0102 0203 0301 0204 0404 0102 0301 0403 0102 0401 0201 0303 0404 0202 0102 0304 0203 0403 0203 0104 0103 0202 0303 0404 0103 0401 0104 0202 0401 0201 0302 0403 0304 0203 0104 0303 0402 0402 0304 0204 0104
14 , 0202 0104 0203 0101 0302 0103 0204 0102 0301 0203 0401 0203 0201 0204 0303 0401 0102 0103 0102 0402 0102 0204 0102 0204 0102 0203 0304 0302 0102 0101 0101 0401 0302 0201 0301 0102 0303 0301 0304 0404 0402 0301 0103 0101 0403 0203 0301 0404 0202 0104 0202 0202 0403 0203 0102 0102 0202 0304 0404 0201 0403 0104 0202 0204 0101 0402 0403 0404 0203 0104 0303 0402 0202 0304 0204 0103 0202 0102 0203 0404 0304 0103 0104 0102 0401 0301 0404 0203 0201 0204 0203 0401 0101 0103 0102 0402 0102 0204 0302 0204 0102 0203 0101 0302 0402 0101 0101 0404 0304 0401 0301 0102 0203 0301 0204 0404 0102 0301 0103 0102 0401 0201 0301 0404 0202 0102 0304 0203 0403 0203 0104 0103 0302 0303 0404 0103 0403 0102 0202 0401 0201 0302 0403 0304 0203 0104 0303 0401 0402 0304 0201 0104
15 , 0401 0202 0203 0403 0303 0103 0304 0103 0301 0401 0404 0202 0201 0104 0304 0402 0102 0303 0303 0402 0102 0204 0302 0303 0303 0203 0404 0102 0402 0201 0101 0401 0204 0301 0303 0102 0403 0301 0404 0104 0104 0301 0304 0204 0402 0403 0201 0304 0202 0104 0201 0102 0402 0101 0204 0203 0302 0301 0401 0203 0103 0102 0402 0101 0401 0302 0103 0404 0202 0204 0301 0404 0204 0204 0304 0103 0401 0202 0203 0403 0303 0103 0202 0103 0301 0401 0404 0202 0201 0104 0304 0401 0102 0303 0302 0402 0102 0204 0302 0304 0303 0203 0404 0102 0402 0201 0101 0401 0204 0301 0303 0102 0403 0301 0404 0104 0102 0301 0304 0204 0404 0403 0201 0304 0202 0104 0201 0102 0402 0101 0204 0203 0302 0301 0404 0203 0103 0102 0402 0101 0401 0302 0103 0404 0202 0204 0301 0402 0204 0204 0304 0103
16 , 0202 0102 0203 0404 0304 0103 0104 0102 0401 0301 0404 0203 0201 0204 0303 0401 0101 0103 0102 0402 0102 0204 0202 0204 0102 0203 0101 0302 0402 0101 0101 0404 0304 0401 0301 0102 0203 0301 0204 0404 0102 0301 0103 0102 0401 0201 0301 0404 0202 0102 0304 0203 0403 0203 0104 0103 0302 0303 0404 0103 0403 0102 0202 0201 0201 0302 0403 0304 0203 0104 0303 0401 0402 0304 0201 0104 0401 0202 0203 0403 0303 0103 0304 0103 0301 0403 0404 0202 0201 0104 0304 0402 0102 0303 0302 0402 0102 0204 0302 0304 0303 0203 0404 0102 0402 0201 0101 0401 0204 0301 0303 0102 0403 0301 0404 0104 0104 0301 0304 0204 0402 0403 0201 0304 0202 0104 0201 0102 0404 0101 0204 0203 0302 0301 0401 0203 0103 0102 0402 0101 0401 0302 0103 0404 0202 0204 0301 0404 0204 0204 0304 0103
17 , 0202 0102 0203 0404 0304 0103 0104 0102 0401 0301 0404 0203 0201 0204 0303 0401 0101 0103 0102 0402 0102 0204 0302 0204 0102 0203 0101 0302 0402 0101 0101 0404 0304 0401 0301 0102 0203 0301 0204 0404 0102 0301 0103 0102 0401 0201 0301 0404 0202 0102 0304 0203 0403 0203 0104 0103 0302 0303 0404 0103 0403 0102 0202 0201 0401 0302 0403 0304 0203 0104 0301 0401 0402 0304 0201 0104 0401 0202 0203 0403 0303 0103 0202 0103 0301 0401 0404 0202 0201 0104 0304 0401 0102 0303 0302 0402 0102 0204 0302 0304 0303 0203 0404 0102 0402 0201 0101 0401 0204 0301 0303 0102 0403 0301 0404 0104 0102 0301 0304 0204 0404 0403 0201 0304 0202 0104 0201 0102 0402 0101 0204 0203 0302 0301 0404 0203 0103 0102 0402 0101 0401 0302 0103 0404 0202 0204 0301 0402 0204 0204 0304 0103
18 , 0202 0104 0203 0404 0304 0103 0204 0102 0301 0203 0401 0203 0201 0204 0303 0401 0102 0103 0102 0402 0102 0204 0302 0204 0102 0203 0304 0302 0102 0101 0101 0301 0302 0401 0301 0102 0303 0301 0404 0404 0103 0301 0103 0101 0403 0302 0301 0102 0202 0104 0202 0203 0403 0203 0104 0102 0202 0301 0401 0203 0203 0104 0202 0404 0101 0402 0403 0404 0103 0104 0303 0402 0202 0304 0404 0104 0202 0104 0203 0104 0302 0103 0204 0102 0301 0203 0401 0203 0201 0204 0303 0401 0102 0103 0102 0402 0102 0204 0102 0204 0102 0203 0304 0302 0102 0101 0101 0401 0302 0201 0301 0102 0303 0301 0304 0404 0102 0301 0103 0101 0403 0203 0301 0404 0202 0104 0202 0102 0403 0203 0104 0102 0202 0304 0404 0201 0403 0104 0204 0204 0101 0202 0403 0404 0203 0104 0303 0402 0202 0304 0204 0104
19 , 0401 0202 0203 0403 0303 0103 0202 0103 0301 0401 0404 0202 0201 0104 0304 0401 0102 0303 0302 0402 0102 0204 0302 0304 0303 0203 0404 0102 0402 0201 0101 0401 0204 0301 0303 0102 0403 0301 0404 0104 0102 0301 0304 0204 0404 0403 0201 0304 0202 0104 0201 0102 0402 0101 0204 0203 0302 0301 0404 0203 0103 0102 0402 0101 0401 0302 0103 0404 0202 0204 0301 0402 0204 0204 0304 0103 0202 0102 0203 0403 0301 0103 0204 0103 0104 0404 0204 0103 0204 0104 0303 0401 0301 0302 0101 0402 0102 0202 0302 0303 0102 0202 0404 0302 0404 0201 0102 0401 0204 0301 0404 0102 0203 0301 0404 0104 0102 0301 0203 0104 0104 0103 0201 0304 0202 0104 0303 0104 0403 0403 0102 0303 0304 0301 0404 0201 0402 0104 0302 0301 0101 0102 0103 0402 0202 0104 0403 0302 0202 0404 0204 0201
20 , 0401 0202 0203 0403 0303 0103 0202 0103 0301 0401 0404 0202 0201 0104 0304 0401 0102 0303 0302 0402 0102 0204 0302 0304 0303 0203 0402 0102 0402 0201 0101 0401 0204 0301 0303 0102 0403 0301 0404 0104 0102 0301 0304 0204 0404 0403 0201 0304 0202 0104 0201 0102 0402 0101 0204 0203 0302 0301 0404 0203 0103 0102 0402 0101 0401 0302 0103 0404 0202 0204 0301 0402 0204 0204 0304 0103 0202 0102 0203 0403 0301 0103 0204 0103 0104 0404 0204 0103 0204 0104 0303 0401 0301 0302 0101 0402 0102 0202 0302 0303 0102 0202 0404 0302 0404 0201 0102 0401 0204 0301 0404 0102 0203 0301 0404 0104 0102 0301 0203 0104 0104 0103 0201 0304 0202 0104 0203 0104 0403 0403 0104 0303 0304 0301 0404 0201 0402 0104 0302 0301 0101 0102 0103 0402 0202 0104 0403 0302 0202 0404 0204 0201
21 , 0202 0402 0403 0404 0303 0101 0404 0102 0301 0404 0404 0201 0201 0204 0303 0401 0102 0103 0102 0402 0102 0204 0302 0204 0102 0203 0104 0302 0302 0301 0102 0404 0302 0401 0304 0102 0203 0301 0404 0404 0102 0301 0303 0102 0403 0203 0301 0404 0202 0104 0304 0403 0403 0203 0104 0102 0202 0301 0104 0103 0403 0102 0402 0401 0101 0302 0403 0304 0203 0104 0303 0402 0202 0304 0202 0104 0202 0102 0203 0403 0301 0103 0404 0103 0104 0404 0204 0102 0204 0104 0303 0401 0101 0302 0101 0402 0102 0202 0301 0303 0102 0302 0404 0302 0402 0201 0102 0401 0204 0301 0404 0102 0203 0301 0404 0404 0102 0301 0203 0104 0104 0103 0201 0304 0202 0104 0203 0102 0403 0403 0104 0303 0304 0301 0404 0201 0402 0204 0302 0301 0101 0302 0103 0402 0202 0104 0403 0302 0202 0104 0202 0201
22 , 0202 0102 0202 0403 0301 0103 0204 0103 0104 0404 0204 0103 0204 0104 0303 0401 0101 0302 0104 0402 0102 0202 0302 0303 0102 0202 0404 0302 0402 0201 0102 0401 0204 0301 0404 0102 0203 0301 0403 0104 0102 0301 0203 0104 0104 0103 0201 0304 0202 0104 0203 0104 0403 0403 0104 0303 0304 0301 0404 0201 0402 0104 0302 0301 0101 0302 0103 0402 0202 0302 0403 0302 0202 0104 0204 0201 0401 0202 0203 0403 0303 0103 0202 0103 0301 0401 0404 0202 0201 0104 0304 0401 0102 0303 0302 0402 0102 0204 0302 0304 0303 0203 0404 0102 0402 0201 0101 0401 0204 0301 0303 0102 0403 0301 0404 0104 0102 0301 0304 0204 0404 0403 0201 0304 0202 0204 0201 0102 0402 0101 0204 0203 0302 0301 0404 0203 0103 0102 0402 0101 0401 0302 0103 0404 0202 0204 0301 0402 0204 0204 0304 0103
23 , 0401 0202 0203 0403 0303 0103 0304 0103 0301 0401 0404 0202 0201 0104 0304 0402 0102 0303 0303 0402 0102 0204 0302 0304 0303 0203 0404 0402 0402 0201 0101 0401 0204 0301 0303 0102 0403 0301 0404 0104 0104 0301 0304 0204 0402 0403 0201 0304 0202 0104 0201 0102 0402 0101 0204 0203 0302 0301 0401 0203 0103 0102 0402 0101 0401 0302 0103 0404 0202 0204 0301 0404 0204 0204 0304 0103 0401 0302 0203 0403 0303 0103 0202 0103 0301 0401 0404 0202 0201 0104 0304 0401 0102 0303 0302 0402 0102 0204 0302 0304 0303 0203 0404 0102 0402 0201 0101 0401 0204 0301 0303 0102 0403 0301 0404 0104 0102 0301 0304 0204 0404 0403 0201 0304 0202 0104 0201 0102 0402 0101 0204 0203 0302 0301 0404 0203 0103 0102 0402 0101 0401 0302 0103 0404 0202 0204 0301 0402 0204 0204 0304 0103
24 , 0202 0102 0203 0403 0301 0103 0204 0103 0104 0404 0204 0103 0204 0104 0303 0401 0301 0302 0101 0402 0102 0202 0102 0303 0102 0202 0404 0302 0401 0201 0102 0401 0204 0301 0404 0102 0203 0301 0404 0104 0102 0301 0203 0104 0104 0103 0201 0304 0202 0104 0203 0104 0403 0403 0104 0303 0304 0301 0404 0201 0402 0104 0302 0301 0401 0102 0103 0402 0202 0104 0403 0302 0202 0404 0204 0201 0202 0102 0203 0403 0301 0103 0404 0103 0104 0404 0204 0102 0204 0104 0303 0401 0101 0302 0101 0402 0102 0202 0301 0303 0102 0202 0404 0302 0402 0201 0102 0401 0204 0301 0401 0102 0203 0301 0404 0404 0102 0301 0203 0104 0104 0103 0201 0304 0202 0104 0203 0202 0403 0403 0104 0303 0304 0301 0404 0201 0402 0204 0302 0301 0101 0302 0103 0402 0202 0104 0403 0302 0202 0104 0202 0201
25 , 0202 0102 0203 0403 0301 0103 0404 0103 0104 0404 0204 0102 0204 0104 0303 0401 0101 0302 0101 0402 0102 0202 0301 0303 0102 0302 0404 0302 0402 0201 0102 0401 0204 0301 0404 0102 0203 0301 0404 0404 0102 0301 0203 0104 0104 0103 0201 0304 0202 0104 0203 0102 0403 0403 0104 0303 0304 0301 0404 0201 0402 0204 0302 0301 0101 0302 0103 0402 0202 0104 0403 0302 0202 0104 0202 0201 0401 0202 0203 0403 0303 0103 0202 0103 0301 0401 0404 0202 0201 0104 0304 0401 0102 0303 0302 0402 0102 0204 0302 0304 0303 0203 0404 0102 0402 0201 0101 0401 0204 0301 0303 0102 0403 0301 0404 0104 0102 0301 0304 0204 0404 0403 0201 0304 0202 0104 0201 0102 0402 0101 0204 0203 0303 0301 0404 0203 0103 0102 0402 0101 0401 0302 0103 0404 0202 0204 0301 0402 0204 0204 0304 0103
26 , 0202 0102 0203 0403 0301 0103 0404 0103 0104 0404 0204 0102 0204 0104 0303 0401 0101 0302 0101 0402 0102 0202 0301 0303 0102 0202 0404 0302 0402 0201 0102 0401 0204 0301 0404 0102 0203 0301 0404 0404 0102 0301 0203 0104 0104 0103 0201 0304 0202 0104 0203 0202 0403 0403 0104 0303 0304 0301 0404 0201 0402 0204 0302 0301 0101 0302 0103 0402 0202 0104 0403 0302 0202 0104 0202 0201 0202 0102 0203 0403 0301 0103 0204 0403 0104 0404 0204 0103 0204 0104 0303 0401 0101 0302 0101 0402 0102 0202 0302 0303 0102 0202 0404 0302 0402 0201 0102 0401 0204 0301 0304 0104 0203 0301 0404 0104 0102 0301 0203 0104 0104 0103 0203 0304 0202 0104 0203 0102 0403 0403 0104 0303 0304 0301 0404 0201 0402 0104 0302 0301 0101 0302 0103 0402 0202 0304 0403 0302 0202 0104 0204 0201
27 , 0202 0104 0203 0104 0302 0103 0204 0102 0301 0203 0401 0203 0201 0204 0303 0401 0102 0103 0102 0402 0102 0204 0102 0204 0102 0203 0304 0302 0102 0101 0101 0401 0302 0201 0301 0102 0303 0301 0304 0404 0102 0301 0103 0101 0403 0203 0301 0404 0202 0104 0202 0102 0403 0203 0104 0102 0202 0304 0404 0201 0403 0104 0204 0204 0101 0202 0403 0404 0203 0104 0303 0402 0202 0304 0204 0104 0202 0102 0203 0403 0301 0103 0404 0103 0104 0404 0204 0102 0304 0104 0303 0401 0101 0302 0101 0402 0102 0202 0301 0303 0102 0202 0404 0302 0403 0201 0102 0401 0204 0301 0404 0102 0203 0301 0404 0404 0102 0301 0203 0104 0104 0103 0201 0304 0203 0104 0203 0102 0403 0403 0104 0303 0304 0301 0404 0201 0402 0204 0302 0301 0101 0302 0103 0402 0202 0104 0403 0302 0202 0104 0202 0201
28 , 0202 0102 0203 0403 0301 0103 0204 0103 0104 0404 0204 0103 0204 0104 0303 0401 0301 0302 0101 0402 0102 0202 0302 0303 0102 0202 0404 0302 0404 0201 0102 0401 0204 0301 0404 0102 0203 0301 0404 0104 0102 0301 0203 0104 0104 0103 0201 0304 0202 0104 0203 0104 0403 0403 0104 0303 0304 0301 0404 0201 0402 0104 0302 0301 0101 0102 0103 0402 0202 0104 0403 0302 0202 0404 0204 0201 0202 0102 0203 0404 0304 0103 0404 0102 0301 0401 0404 0203 0204 0204 0303 0401 0102 0103 0102 0402 0102 0204 0302 0204 0102 0203 0104 0302 0102 0101 0204 0404 0302 0101 0301 0102 0203 0303 0404 0404 0102 0301 0103 0202 0404 0203 0301 0404 0202 0104 0304 0201 0403 0203 0104 0103 0202 0301 0404 0103 0403 0104 0202 0401 0101 0301 0403 0304 0203 0104 0303 0402 0202 0301 0204 0104
29 , 0202 0302 0203 0403 0301 0103 0204 0103 0104 0404 0204 0103 0204 0102 0303 0401 0101 0302 0101 0402 0101 0202 0302 0303 0102 0202 0104 0302 0402 0201 0102 0401 0204 0302 0404 0102 0203 0301 0404 0104 0102 0301 0203 0404 0104 0103 0401 0304 0202 0104 0203 0103 0403 0403 0104 0303 0304 0301 0404 0201 0402 0104 0302 0301 0101 0302 0103 0402 0202 0104 0403 0302 0202 0104 0204 0201 0401 0302 0203 0403 0303 0103 0202 0103 0301 0401 0404 0202 0201 0104 0304 0401 0102 0303 0302 0402 0102 0204 0302 0304 0303 0203 0404 0102 0402 0201 0101 0401 0204 0301 0303 0102 0403 0301 0404 0104 0102 0301 0304 0204 0404 0403 0201 0304 0202 0104 0201 0102 0402 0101 0204 0203 0302 0301 0404 0203 0103 0102 0402 0101 0401 0302 0103 0404 0202 0204 0301 0402 0204 0204 0304 0103
30 , 0401 0202 0203 0403 0303 0103 0304 0103 0301 0403 0404 0202 0201 0104 0304 0402 0102 0303 0302 0402 0102 0204 0302 0304 0303 0203 0404 0102 0402 0201 0101 0401 0204 0301 0303 0102 0403 0301 0404 0104 0104 0301 0304 0204 0402 0403 0201 0304 0202 0104 0201 0102 0404 0101 0204 0203 0302 0301 0401 0203 0103 0102 0402 0101 0401 0302 0103 0404 0202 0204 0301 0404 0204 0204 0304 0103 0202 0102 0203 0404 0204 0103 0204 0103 0301 0201 0404 0203 0201 0204 0303 0301 0102 0103 0102 0402 0101 0204 0302 0204 0102 0203 0104 0303 0102 0101 0101 0401 0302 0401 0301 0302 0303 0301 0404 0404 0102 0302 0103 0101 0403 0203 0301 0404 0102 0104 0204 0203 0403 0203 0101 0103 0202 0301 0204 0203 0203 0104 0202 0401 0101 0302 0403 0404 0303 0102 0303 0402 0202 0304 0204 0104
31 , 0202 0102 0203 0404 0204 0103 0204 0103 0301 0201 0404 0203 0201 0204 0303 0301 0102 0103 0102 0402 0101 0204 0302 0204 0102 0203 0104 0303 0102 0101 0101 0401 0302 0401 0301 0302 0303 0301 0404 0404 0102 0302 0103 0101 0403 0203 0301 0404 0102 0104 0204 0203 0403 0203 0101 0103 0202 0301 0404 0203 0203 0104 0202 0401 0101 0302 0403 0404 0303 0102 0303 0402 0202 0304 0204 0104 0202 0102 0203 0404 0304 0103 0202 0102 0304 0201 0404 0203 0203 0304 0303 0301 0102 0103 0102 0402 0102 0204 0302 0204 0102 0203 0104 0102 0102 0101 0101 0401 0302 0201 0301 0102 0301 0301 0404 0404 0102 0302 0103 0101 0403 0203 0301 0404 0202 0104 0204 0103 0403 0203 0101 0101 0202 0301 0404 0203 0403 0104 0202 0401 0101 0302 0403 0404 0203 0204 0303 0402 0202 0304 0204 0104
32 , 0202 0102 0203 0404 0304 0103 0404 0102 0401 0301 0404 0203 0201 0204 0303 0401 0101 0103 0303 0402 0102 0204 0302 0204 0402 0203 0101 0302 0102 0101 0101 0402 0304 0401 0301 0102 0203 0301 0204 0401 0104 0301 0103 0102 0401 0201 0301 0404 0202 0102 0304 0203 0403 0203 0104 0203 0202 0303 0404 0103 0403 0102 0202 0401 0201 0102 0403 0304 0203 0104 0303 0402 0402 0304 0204 0104 0401 0202 0203 0403 0303 0103 0202 0103 0301 0401 0404 0202 0201 0104 0304 0401 0102 0303 0302 0402 0102 0204 0302 0304 0303 0203 0404 0102 0402 0201 0103 0401 0204 0301 0303 0102 0403 0301 0404 0104 0102 0301 0304 0204 0404 0403 0201 0304 0202 0104 0201 0102 0402 0101 0204 0203 0302 0301 0404 0203 0103 0102 0402 0101 0401 0302 0103 0404 0202 0204 0301 0402 0204 0204 0304 0103
33 , 0202 0102 0203 0404 0304 0103 0104 0102 0401 0301 0404 0203 0201 0204 0203 0401 0101 0103 0102 0402 0102 0204 0302 0204 0102 0203 0101 0302 0402 0101 0101 0404 0304 0401 0301 0102 0203 0301 0204 0404 0102 0301 0103 0102 0401 0201 0301 0404 0202 0102 0304 0203 0403 0203 0104 0103 0302 0303 0404 0103 0403 0102 0202 0401 0201 0302 0403 0304 0203 0104 0303 0401 0402 0304 0201 0104 0202 0102 0203 0404 0304 0103 0404 0102 0401 0301 0404 0203 0201 0204 0303 0401 0101 0103 0303 0402 0102 0204 0302 0204 0402 0203 0101 0302 0102 0101 0101 0402 0304 0401 0301 0102 0203 0301 0204 0404 0104 0301 0103 0102 0401 0201 0301 0404 0202 0102 0304 0203 0404 0203 0104 0203 0202 0303 0404 0103 0403 0102 0202 0401 0201 0102 0403 0304 0203 0104 0303 0402 0402 0304 0204 0104
34 , 0202 0102 0203 0403 0301 0103 0204 0103 0104 0404 0204 0103 0204 0104 0303 0401 0101 0303 0101 0402 0102 0202 0302 0303 0102 0202 0404 0302 0402 0201 0102 0401 0204 0301 0404 0102 0203 0301 0404 0104 0102 0301 0203 0104 0104 0103 0203 0304 0202 0104 0203 0102 0403 0403 0104 0303 0304 0301 0404 0201 0402 0104 0302 0301 0101 0302 0103 0402 0202 0304 0403 0302 0202 0104 0204 0201 0202 0102 0203 0404 0204 0103 0204 0103 0301 0201 0404 0203 0201 0204 0303 0301 0102 0103 0102 0402 0101 0204 0302 0204 0102 0203 0104 0303 0102 0101 0101 0401 0302 0401 0301 0302 0303 0301 0404 0404 0102 0302 0103 0101 0403 0203 0301 0404 0102 0104 0204 0203 0403 0203 0101 0103 0202 0301 0404 0203 0203 0104 0202 0401 0101 0302 0403 0404 0303 0102 0303 0402 0202 0304 0204 0104
35 , 0202 0102 0203 0403 0301 0103 0404 0103 0104 0404 0204 0102 0204 0104 0303 0401 0101 0302 0101 0402 0102 0202 0301 0303 0102 0202 0404 0302 0402 0201 0102 0401 0204 0301 0404 0102 0203 0301 0404 0404 0102 0301 0203 0104 0104 0103 0201 0304 0202 0104 0203 0202 0403 0403 0104 0303 0304 0301 0404 0201 0402 0204 0302 0301 0101 0302 0103 0402 0202 0104 0403 0302 0202 0104 0202 0201 0401 0202 0203 0403 0303 0103 0202 0103 0301 0401 0404 0202 0201 0104 0304 0401 0102 0303 0302 0402 0102 0204 0302 0304 0303 0203 0404 0102 0402 0201 0101 0401 0204 0301 0303 0102 0403 0301 0404 0104 0102 0301 0304 0204 0404 0403 0201 0304 0202 0104 0201 0102 0402 0101 0204 0203 0302 0301 0404 0203 0103 0102 0402 0101 0401 0302 0103 0404 0202 0204 0301 0402 0204 0204 0304 0103
36 , 0401 0202 0203 0403 0303 0103 0304 0103 0301 0403 0404 0202 0201 0104 0304 0402 0102 0303 0302 0402 0102 0204 0302 0304 0303 0203 0404 0102 0402 0201 0101 0401 0204 0301 0303 0102 0403 0301 0404 0104 0104 0301 0304 0204 0402 0403 0201 0304 0202 0104 0201 0102 0404 0101 0204 0203 0302 0301 0401 0204 0103 0102 0402 0101 0401 0302 0103 0404 0202 0204 0301 0404 0204 0204 0304 0103 0202 0102 0203 0404 0204 0103 0204 0103 0301 0201 0404 0203 0201 0204 0303 0301 0102 0103 0102 0402 0101 0204 0302 0204 0102 0203 0104 0303 0102 0101 0101 0401 0302 0401 0301 0302 0303 0301 0404 0404 0102 0302 0103 0101 0403 0203 0301 0404 0102 0104 0204 0203 0403 0203 0101 0103 0202 0301 0204 0203 0203 0104 0202 0401 0101 0302 0403 0404 0303 0102 0303 0402 0202 0304 0204 0104
37 , 0202 0102 0203 0404 0304 0103 0404 0102 0301 0401 0404 0203 0204 0204 0303 0401 0102 0103 0102 0402 0102 0204 0302 0204 0102 0203 0104 0302 0102 0101 0204 0404 0302 0101 0301 0102 0203 0303 0404 0404 0102 0301 0103 0202 0404 0203 0301 0404 0202 0104 0304 0201 0403 0203 0104 0103 0202 0301 0404 0103 0403 0104 0202 0401 0101 0301 0403 0304 0203 0104 0303 0402 0202 0301 0204 0104 0202 0102 0203 0403 0301 0103 0404 0103 0104 0404 0204 0102 0204 0104 0303 0401 0101 0302 0101 0402 0102 0202 0301 0303 0102 0302 0404 0302 0402 0201 0102 0401 0204 0301 0404 0102 0203 0301 0404 0404 0102 0301 0203 0104 0104 0103 0201 0304 0202 0104 0203 0102 0403 0403 0104 0303 0304 0301 0404 0201 0402 0204 0302 0301 0101 0302 0103 0401 0202 0104 0403 0302 0202 0104 0202 0201
38 , 0202 0102 0203 0404 0304 0103 0404 0102 0401 0301 0404 0203 0201 0204 0303 0401 0101 0103 0303 0402 0102 0204 0302 0204 0402 0203 0101 0302 0102 0101 0101 0302 0304 0401 0301 0102 0203 0301 0204 0404 0102 0301 0103 0102 0401 0201 0301 0404 0202 0102 0304 0203 0403 0203 0104 0103 0202 0303 0404 0103 0403 0102 0202 0401 0201 0102 0403 0304 0203 0104 0303 0402 0402 0304 0204 0104 0202 0402 0203 0403 0301 0103 0204 0103 0104 0404 0204 0103 0204 0104 0303 0401 0101 0302 0101 0102 0102 0202 0302 0303 0102 0202 0404 0302 0404 0201 0102 0401 0204 0301 0404 0102 0204 0301 0404 0104 0102 0301 0203 0104 0104 0103 0201 0304 0202 0104 0203 0104 0403 0403 0104 0303 0304 0301 0404 0201 0402 0104 0302 0301 0101 0302 0103 0402 0202 0104 0402 0302 0202 0104 0204 0201
39 , 0401 0202 0203 0403 0303 0103 0202 0103 0301 0401 0404 0202 0201 0104 0304 0401 0102 0303 0302 0402 0102 0204 0302 0304 0303 0203 0404 0102 0402 0201 0101 0401 0204 0301 0303 0102 0403 0301 0404 0104 0102 0301 0304 0204 0404 0403 0201 0304 0202 0204 0201 0102 0402 0101 0204 0203 0302 0301 0404 0203 0103 0102 0402 0101 0401 0302 0103 0404 0202 0204 0301 0402 0204 0204 0304 0103 0202 0102 0203 0403 0301 0103 0404 0103 0104 0404 0204 0102 0204 0104 0303 0401 0101 0302 0101 0402 0102 0302 0301 0303 0102 0202 0404 0302 0402 0201 0102 0401 0204 0301 0404 0102 0203 0301 0404 0404 0102 0301 0203 0104 0104 0103 0201 0304 0202 0104 0203 0102 0403 0403 0103 0303 0304 0301 0404 0201 0202 0204 0302 0301 0101 0302 0103 0402 0202 0104 0403 0302 0202 0104 0202 0201
40 , 0401 0202 0203 0403 0303 0103 0202 0103 0301 0401 0404 0202 0201 0104 0304 0401 0102 0303 0302 0402 0102 0204 0302 0304 0303 0203 0404 0102 0402 0201 0101 0401 0204 0301 0303 0102 0403 0301 0404 0104 0102 0301 0304 0204 0404 0403 0201 0304 0202 0204 0201 0102 0402 0101 0204 0203 0302 0301 0404 0203 0103 0102 0402 0101 0401 0302 0103 0404 0202 0204 0301 0402 0204 0204 0304 0103 0202 0102 0203 0404 0204 0103 0204 0103 0301 0201 0404 0203 0201 0204 0303 0301 0102 0103 0102 0402 0101 0204 0302 0204 0102 0203 0104 0303 0102 0101 0101 0401 0302 0401 0301 0302 0303 0301 0404 0404 0102 0302 0103 0101 0403 0203 0301 0404 0202 0104 0204 0203 0403 0203 0101 0103 0202 0301 0404 0203 0203 0104 0202 0401 0101 0302 0403 0404 0303 0102 0303 0402 0202 0304 0204 0104
41 , 0202 0102 0203 0403 0301 0103 0404 0103 0104 0404 0204 0102 0204 0104 0303 0401 0101 0302 0101 0402 0102 0302 0301 0303 0102 0202 0404 0302 0402 0201 0102 0401 0204 0301 0404 0102 0203 0301 0404 0404 0102 0301 0203 0104 0104 0103 0201 0304 0202 0104 0203 0102 0403 0403 0103 0303 0304 0301 0404 0201 0202 0204 0302 0301 0101 0302 0103 0402 0202 0104 0403 0302 0202 0104 0202 0201 0202 0102 0203 0403 0301 0103 0404 0103 0104 0404 0204 0102 0204 0104 0303 0401 0101 0302 0101 0402 0102 0302 0301 0303 0102 0202 0404 0302 0402 0201 0102 0401 0204 0301 0404 0102 0203 0301 0404 0404 0102 0301 0203 0104 0104 0103 0201 0304 0202 0104 0203 0102 0403 0403 0103 0303 0304 0301 0404 0201 0202 0204 0302 0301 0101 0302 0103 0402 0202 0104 0403 0302 0202 0104 0202 0201
42 , 0401 0202 0203 0403 0303 0103 0202 0103 0301 0401 0404 0202 0201 0104 0304 0401 0102 0303 0302 0402 0102 0204 0302 0304 0303 0203 0404 0102 0402 0201 0101 0401 0204 0301 0303 0102 0403 0301 0404 0104 0102 0301 0304 0204 0404 0403 0201 0304 0202 0104 0201 0102 0402 0101 0204 0203 0302 0301 0404 0203 0103 0102 0402 0101 0402 0302 0303 0404 0202 0204 0301 0402 0204 0204 0304 0103 0401 0202 0203 0403 0303 0103 0202 0103 0301 0401 0404 0202 0201 0104 0304 0401 0102 0303 0302 0402 0102 0204 0302 0304 0303 0203 0404 0102 0402 0201 0101 0401 0204 0301 0303 0102 0403 0301 0404 0104 0102 0301 0304 0204 0404 0403 0201 0304 0202 0104 0201 0102 0402 0101 0204 0203 0302 0301 0404 0203 0103 0102 0402 0101 0401 0302 0103 0404 0202 0204 0301 0402 0204 0204 0304 0103
43 , 0202 0102 0203 0404 0304 0103 0104 0102 0401 0301 0404 0203 0201 0204 0303 0401 0101 0103 0102 0402 0102 0204 0302 0204 0102 0203 0101 0302 0402 0101 0101 0404 0304 0401 0101 0102 0203 0301 0204 0404 0102 0301 0103 0102 0401 0201 0301 0404 0202 0102 0304 0203 0403 0203 0104 0103 0302 0303 0404 0103 0403 0102 0202 0401 0201 0302 0403 0304 0203 0104 0303 0401 0402 0304 0201 0104 0202 0102 0203 0403 0301 0103 0204 0103 0104 0404 0204 0103 0204 0102 0303 0401 0101 0302 0101 0402 0101 0202 0302 0303 0102 0202 0204 0302 0402 0201 0102 0401 0204 0302 0404 0102 0203 0301 0404 0104 0102 0301 0203 0404 0104 0103 0401 0304 0202 0104 0203 0103 0403 0403 0104 0303 0304 0301 0404 0201 0402 0104 0302 0301 0101 0302 0103 0402 0202 0104 0403 0302 0202 0104 0204 0201
44 , 0202 0402 0203 0404 0304 0303 0404 0101 0401 0301 0404 0203 0201 0204 0203 0401 0101 0103 0303 0402 0102 0204 0302 0204 0402 0203 0101 0302 0102 0101 0101 0402 0304 0401 0301 0102 0202 0201 0204 0404 0102 0301 0103 0102 0401 0201 0301 0404 0202 0102 0304 0203 0403 0203 0104 0103 0202 0303 0404 0104 0403 0102 0202 0401 0201 0302 0403 0304 0203 0104 0303 0402 0402 0304 0204 0104 0202 0104 0203 0404 0304 0103 0204 0102 0301 0203 0401 0203 0201 0204 0303 0401 0102 0103 0102 0402 0102 0204 0302 0204 0102 0203 0304 0302 0102 0101 0101 0301 0302 0401 0301 0102 0303 0301 0404 0404 0103 0301 0103 0101 0403 0302 0301 0102 0202 0104 0202 0203 0403 0203 0104 0102 0202 0301 0401 0203 0203 0104 0202 0404 0101 0402 0403 0404 0103 0104 0303 0402 0202 0304 0404 0104
45 , 0202 0102 0203 0403 0301 0103 0404 0103 0104 0404 0204 0102 0204 0104 0303 0401 0101 0302 0101 0402 0102 0302 0301 0303 0102 0202 0404 0302 0402 0201 0102 0401 0204 0301 0404 0102 0203 0301 0404 0404 0102 0301 0203 0104 0104 0103 0201 0304 0202 0104 0203 0102 0403 0403 0103 0303 0304 0301 0404 0201 0202 0204 0302 0301 0101 0302 0103 0402 0202 0104 0403 0302 0202 0104 0202 0201 0202 0102 0202 0403 0301 0103 0204 0103 0104 0404 0204 0103 0204 0104 0303 0401 0101 0302 0104 0402 0102 0202 0302 0303 0102 0202 0404 0302 0402 0201 0102 0401 0204 0301 0404 0102 0203 0301 0404 0104 0102 0301 0203 0104 0104 0103 0201 0304 0202 0104 0203 0104 0403 0403 0104 0303 0304 0301 0404 0201 0402 0104 0302 0301 0101 0302 0103 0402 0202 0302 0403 0302 0202 0104 0204 0201
46 , 0401 0202 0203 0403 0303 0103 0304 0103 0301 0401 0404 0202 0201 0104 0304 0402 0102 0303 0302 0402 0102 0204 0302 0304 0303 0203 0404 0102 0402 0201 0101 0401 0204 0301 0303 0102 0403 0301 0404 0104 0104 0301 0304 0204 0402 0403 0201 0304 0202 0104 0201 0102 0402 0101 0204 0203 0302 0301 0401 0203 0103 0102 0402 0101 0401 0302 0403 0404 0202 0204 0301 0404 0204 0204 0304 0103 0202 0102 0203 0404 0204 0103 0204 0103 0301 0201 0404 0203 0201 0204 0303 0301 0102 0103 0102 0402 0101 0204 0302 0204 0102 0203 0104 0303 0102 0101 0101 0403 0302 0401 0301 0402 0303 0301 0404 0404 0102 0302 0103 0101 0403 0203 0301 0404 0202 0104 0204 0203 0403 0203 0101 0103 0202 0301 0404 0203 0203 0104 0202 0401 0101 0302 0403 0404 0203 0102 0303 0402 0202 0304 0204 0104
47 , 0202 0402 0203 0404 0304 0303 0402 0101 0401 0301 0404 0203 0201 0204 0203 0401 0101 0103 0303 0402 0102 0204 0302 0204 0402 0203 0101 0302 0102 0101 0101 0402 0304 0401 0301 0102 0203 0301 0204 0404 0102 0301 0103 0102 0401 0201 0301 0404 0202 0102 0304 0203 0403 0203 0104 0103 0202 0303 0404 0103 0403 0102 0202 0401 0201 0302 0403 0304 0203 0104 0303 0402 0402 0304 0204 0104 0202 0102 0203 0403 0201 0203 0204 0103 0104 0404 0204 0102 0204 0104 0303 0401 0101 0302 0101 0402 0102 0202 0301 0303 0102 0202 0404 0302 0402 0201 0102 0401 0204 0301 0404 0102 0203 0301 0404 0404 0102 0301 0203 0104 0104 0103 0201 0304 0202 0104 0203 0102 0303 0403 0104 0303 0304 0301 0404 0201 0402 0204 0302 0301 0101 0302 0103 0402 0202 0304 0403 0302 0202 0104 0204 0201
48 , 0401 0202 0203 0403 0303 0103 0202 0103 0301 0401 0404 0202 0201 0104 0304 0401 0102 0303 0302 0402 0102 0204 0302 0304 0303 0203 0404 0102 0402 0201 0101 0401 0204 0301 0303 0102 0403 0301 0404 0104 0102 0301 0304 0204 0404 0403 0201 0304 0202 0204 0201 0102 0402 0101 0204 0203 0302 0301 0404 0203 0103 0102 0402 0101 0401 0302 0103 0404 0202 0204 0301 0402 0204 0204 0304 0103 0202 0102 0203 0403 0301 0103 0204 0103 0104 0404 0204 0103 0204 0104 0303 0401 0301 0302 0101 0402 0102 0202 0302 0303 0102 0202 0404 0302 0404 0201 0102 0401 0204 0301 0404 0102 0203 0301 0404 0104 0102 0301 0203 0104 0104 0103 0201 0304 0202 0104 0203 0104 0403 0403 0104 0303 0304 0301 0404 0201 0402 0104 0302 0301 0101 0102 0103 0402 0202 0104 0403 0302 0202 0404 0204 0201
49 , 0202 0102 0203 0404 0204 0103 0204 0103 0301 0201 0404 0203 0201 0204 0303 0301 0102 0103 0102 0402 0101 0204 0302 0204 0102 0203 0104 0303 0102 0101 0101 0401 0302 0401 0301 0302 0303 0301 0404 0404 0102 0302 0103 0101 0403 0203 0301 0404 0202 0102 0204 0203 0403 0203 0101 0103 0202 0301 0404 0203 0203 0104 0202 0401 0101 0302 0403 0404 0303 0102 0303 0402 0202 0304 0204 0104 0202 0102 0203 0404 0304 0103 0202 0102 0304 0201 0404 0203 0203 0304 0303 0301 0102 0103 0102 0402 0102 0204 0302 0204 0102 0203 0104 0102 0102 0101 0101 0401 0302 0201 0301 0102 0301 0301 0404 0404 0102 0302 0103 0101 0403 0203 0301 0404 0202 0104 0204 0103 0403 0203 0101 0101 0202 0301 0404 0203 0403 0104 0202 0401 0101 0302 0403 0404 0203 0104 0303 0402 0202 0304 0204 0104
50 , 0202 0102 0203 0404 0304 0103 0202 0102 0304 0201 0404 0203 0202 0304 0303 0301 0102 0103 0102 0402 0102 0204 0302 0204 0102 0203 0104 0102 0102 0101 0101 0401 0302 0201 0301 0102 0301 0301 0404 0404 0102 0302 0103 0101 0403 0203 0301 0404 0202 0104 0204 0103 0403 0203 0101 0101 0202 0301 0404 0203 0403 0104 0202 0401 0101 0302 0403 0404 0203 0104 0303 0202 0202 0304 0204 0104 0202 0102 0203 0404 0304 0103 0202 0102 0304 0201 0404 0203 0203 0304 0303 0301 0102 0103 0102 0402 0102 0204 0302 0204 0102 0203 0104 0102 0102 0101 0101 0401 0302 0201 0301 0102 0301 0301 0404 0404 0102 0302 0103 0101 0403 0203 0301 0404 0202 0104 0204 0103 0403 0203 0101 0101 0202 0301 0404 0203 0403 0104 0202 0401 0101 0302 0403 0404 0203 0204 0303 0402 0202 0304 0204 0104
51 , 0202 0102 0203 0404 0304 0103 0404 0102 0401 0301 0404 0203 0201 0204 0303 0401 0101 0103 0303 0402 0102 0204 0302 0204 0402 0203 0101 0302 0102 0101 0101 0402 0304 0401 0301 0102 0203 0301 0204 0404 0102 0301 0103 0102 0401 0201 0301 0404 0202 0102 0304 0403 0403 0203 0104 0103 0202 0303 0404 0103 0403 0102 0202 0401 0201 0302 0403 0304 0203 0104 0303 0403 0402 0304 0204 0104 0401 0202 0203 0403 0303 0103 0202 0103 0301 0401 0404 0202 0201 0104 0304 0401 0102 0303 0302 0402 0102 0204 0302 0304 0303 0203 0404 0102 0402 0201 0101 0401 0204 0301 0303 0102 0403 0301 0404 0104 0102 0301 0304 0204 0404 0403 0201 0304 0202 0104 0201 0102 0402 0101 0204 0203 0302 0301 0404 0203 0103 0102 0402 0101 0401 0302 0103 0404 0202 0204 0301 0402 0204 0204 0304 0103
52 , 0401 0202 0203 0403 0303 0103 0202 0103 0301 0401 0404 0202 0201 0104 0304 0401 0102 0303 0302 0402 0102 0204 0302 0304 0303 0203 0404 0102 0402 0201 0101 0401 0204 0301 0303 0102 0403 0301 0404 0104 0102 0301 0304 0204 0404 0403 0201 0304 0202 0104 0201 0102 0402 0101 0204 0203 0302 0301 0404 0203 0103 0102 0402 0101 0401 0302 0103 0404 0202 0204 0301 0402 0204 0204 0304 0103 0202 0102 0203 0404 0304 0103 0404 0102 0401 0101 0404 0203 0201 0204 0303 0401 0101 0103 0303 0402 0102 0204 0302 0204 0402 0203 0101 0302 0102 0101 0101 0402 0304 0401 0301 0102 0203 0301 0204 0404 0102 0301 0403 0102 0401 0201 0303 0404 0202 0102 0304 0203 0403 0203 0104 0103 0202 0303 0404 0103 0401 0104 0202 0401 0201 0302 0403 0304 0203 0104 0303 0402 0402 0304 0204 0104
53 , 0202 0102 0203 0404 0204 0103 0204 0102 0301 0101 0404 0203 0201 0204 0303 0301 0102 0104 0104 0402 0101 0204 0302 0204 0102 0203 0104 0303 0102 0101 0101 0401 0302 0401 0301 0302 0303 0301 0404 0404 0102 0402 0101 0101 0403 0203 0301 0404 0202 0104 0104 0203 0403 0203 0101 0103 0202 0301 0404 0203 0203 0104 0202 0401 0101 0102 0403 0404 0203 0102 0303 0402 0202 0304 0204 0104 0202 0102 0203 0403 0301 0103 0404 0103 0104 0404 0204 0102 0204 0104 0303 0401 0101 0302 0101 0402 0102 0202 0301 0303 0102 0202 0404 0302 0402 0201 0102 0401 0204 0301 0404 0102 0203 0301 0404 0404 0102 0301 0203 0104 0104 0103 0201 0304 0203 0104 0203 0102 0403 0403 0104 0303 0304 0301 0404 0201 0402 0204 0302 0301 0101 0302 0103 0402 0202 0104 0403 0302 0202 0104 0202 0201
54 , 0202 0102 0203 0404 0304 0103 0104 0102 0401 0301 0404 0203 0201 0204 0303 0401 0101 0103 0102 0402 0102 0204 0302 0204 0102 0203 0101 0302 0402 0104 0101 0404 0304 0401 0301 0102 0203 0301 0204 0404 0102 0301 0103 0102 0401 0201 0301 0404 0202 0102 0304 0203 0403 0203 0104 0103 0302 0303 0404 0103 0403 0102 0202 0401 0201 0302 0403 0304 0203 0104 0303 0401 0402 0304 0201 0104 0202 0302 0203 0403 0301 0103 0204 0103 0104 0404 0204 0103 0204 0102 0303 0401 0101 0302 0101 0402 0101 0202 0302 0303 0102 0202 0104 0302 0402 0201 0102 0401 0204 0302 0404 0102 0203 0301 0404 0104 0102 0301 0203 0404 0104 0203 0401 0304 0202 0104 0203 0103 0403 0403 0104 0303 0304 0301 0404 0201 0402 0104 0302 0301 0101 0302 0103 0402 0202 0104 0403 0302 0202 0104 0204 0201
55 , 0202 0102 0203 0404 0304 0103 0404 0102 0401 0301 0404 0203 0201 0204 0303 0401 0101 0101 0303 0402 0102 0204 0302 0204 0402 0203 0101 0302 0102 0101 0101 0402 0304 0401 0301 0102 0203 0301 0204 0404 0102 0301 0103 0102 0401 0201 0301 0404 0202 0102 0304 0203 0403 0203 0104 0103 0202 0303 0404 0103 0403 0102 0202 0401 0201 0302 0403 0304 0203 0104 0303 0403 0402 0304 0204 0104 0401 0202 0203 0403 0303 0103 0202 0103 0301 0401 0404 0202 0201 0104 0304 0401 0102 0303 0302 0402 0102 0204 0302 0304 0303 0203 0404 0102 0402 0201 0101 0401 0204 0301 0303 0102 0403 0301 0404 0104 0102 0301 0304 0204 0404 0403 0201 0304 0202 0104 0201 0102 0402 0101 0204 0203 0302 0301 0404 0203 0103 0102 0402 0101 0401 0302 0103 0404 0202 0204 0301 0402 0204 0204 0304 0103
56 , 0401 0202 0203 0403 0303 0103 0202 0103 0301 0401 0404 0202 0201 0104 0304 0401 0102 0303 0302 0404 0102 0204 0302 0304 0303 0203 0404 0102 0402 0201 0101 0401 0204 0301 0303 0102 0403 0301 0404 0104 0102 0301 0304 0204 0404 0403 0201 0304 0202 0104 0201 0102 0402 0101 0204 0203 0302 0301 0404 0203 0103 0102 0402 0101 0401 0302 0103 0404 0202 0204 0301 0402 0204 0204 0304 0103 0202 0102 0203 0404 0304 0103 0104 0102 0401 0301 0404 0203 0201 0204 0203 0401 0101 0403 0102 0402 0102 0204 0302 0204 0102 0203 0101 0302 0402 0101 0101 0404 0304 0401 0301 0102 0203 0301 0204 0404 0102 0301 0103 0102 0401 0201 0301 0404 0202 0102 0304 0203 0403 0203 0104 0103 0302 0303 0404 0103 0403 0102 0202 0401 0201 0302 0403 0304 0203 0104 0303 0401 0402 0304 0201 0104
57 , 0202 0102 0203 0404 0304 0103 0202 0102 0304 0201 0404 0203 0203 0304 0303 0301 0102 0103 0102 0402 0102 0204 0302 0204 0102 0203 0104 0102 0102 0101 0101 0401 0302 0201 0301 0102 0301 0301 0404 0404 0102 0302 0103 0101 0403 0203 0301 0404 0202 0104 0204 0103 0403 0203 0101 0101 0202 0301 0404 0203 0403 0104 0202 0401 0101 0302 0403 0404 0203 0104 0303 0402 0202 0304 0204 0104 0202 0103 0203 0403 0301 0103 0204 0103 0104 0404 0204 0103 0204 0104 0303 0401 0301 0302 0101 0402 0102 0202 0302 0303 0102 0202 0404 0302 0404 0201 0102 0401 0204 0301 0404 0102 0203 0301 0404 0104 0102 0301 0203 0104 0104 0103 0201 0304 0202 0104 0203 0104 0403 0403 0104 0303 0304 0301 0404 0201 0402 0104 0302 0301 0101 0102 0103 0402 0202 0104 0403 0302 0202 0404 0204 0201
58 , 0202 0102 0203 0404 0204 0103 0204 0102 0301 0101 0404 0203 0201 0204 0303 0301 0102 0104 0104 0402 0101 0204 0302 0204 0102 0203 0104 0303 0102 0101 0101 0401 0302 0401 0301 0302 0303 0301 0404 0404 0102 0402 0101 0101 0403 0203 0301 0404 0202 0104 0104 0203 0403 0203 0101 0103 0202 0301 0404 0203 0203 0104 0202 0401 0102 0102 0403 0404 0203 0102 0303 0402 0202 0304 0204 0104 0202 0102 0203 0403 0301 0103 0404 0103 0104 0404 0204 0102 0204 0104 0303 0401 0101 0302 0101 0402 0102 0302 0301 0303 0102 0202 0404 0302 0402 0201 0102 0401 0204 0301 0404 0102 0203 0301 0404 0404 0102 0301 0203 0104 0104 0103 0101 0304 0202 0104 0203 0102 0403 0403 0103 0303 0304 0301 0404 0201 0202 0204 0302 0301 0101 0302 0103 0402 0202 0104 0403 0302 0202 0104 0202 0201
59 , 0202 0102 0203 0404 0304 0103 0104 0102 0401 0301 0404 0203 0201 0404 0303 0401 0101 0103 0102 0402 0102 0204 0302 0204 0102 0203 0101 0302 0402 0101 0101 0404 0304 0401 0301 0102 0203 0301 0204 0404 0102 0301 0103 0102 0401 0201 0301 0404 0302 0102 0304 0203 0403 0203 0104 0103 0302 0303 0404 0103 0403 0102 0202 0201 0201 0302 0403 0304 0203 0104 0303 0401 0402 0304 0201 0104 0401 0202 0203 0403 0303 0103 0202 0103 0301 0401 0404 0202 0201 0104 0304 0401 0102 0303 0302 0402 0102 0204 0302 0304 0303 0203 0404 0102 0402 0201 0101 0401 0204 0301 0303 0102 0403 0301 0404 0104 0102 0301 0304 0204 0404 0403 0201 0304 0202 0204 0201 0102 0402 0101 0204 0203 0302 0301 0404 0203 0103 0102 0402 0101 0401 0302 0103 0404 0202 0204 0301 0402 0204 0204 0304 0103
60 , 0401 0302 0203 0403 0303 0103 0202 0103 0301 0401 0404 0202 0201 0104 0304 0401 0102 0303 0302 0402 0102 0204 0302 0304 0303 0203 0404 0102 0402 0201 0101 0401 0204 0301 0303 0102 0403 0301 0404 0104 0102 0301 0304 0204 0404 0403 0201 0304 0202 0104 0201 0102 0402 0101 0204 0203 0302 0301 0404 0203 0103 0102 0402 0101 0401 0302 0103 0404 0202 0204 0301 0402 0204 0204 0304 0103 0202 0102 0203 0404 0204 0103 0204 0103 0301 0201 0404 0203 0201 0204 0303 0301 0102 0103 0102 0402 0101 0204 0302 0204 0102 0203 0104 0303 0102 0101 0101 0401 0302 0401 0101 0302 0303 0301 0404 0404 0102 0302 0103 0101 0403 0203 0301 0404 0102 0104 0204 0203 0403 0203 0101 0103 0202 0301 0404 0203 0203 0104 0202 0401 0101 0302 0403 0404 0303 0102 0303 0402 0202 0304 0204 0104
61 , 0401 0202 0203 0403 0303 0103 0202 0103 0301 0401 0404 0202 0201 0104 0304 0401 0102 0303 0302 0402 0102 0204 0302 0304 0303 0203 0404 0102 0402 0201 0101 0401 0204 0301 0303 0102 0403 0301 0404 0104 0102 0301 0304 0204 0404 0403 0201 0304 0202 0104 0201 0102 0402 0101 0204 0203 0302 0301 0404 0203 0103 0102 0402 0101 0401 0302 0103 0404 0202 0204 0301 0402 0204 0204 0304 0103 0202 0102 0203 0404 0304 0103 0103 0102 0401 0301 0404 0203 0201 0204 0303 0401 0101 0103 0102 0402 0102 0204 0302 0204 0102 0203 0101 0302 0402 0104 0101 0404 0304 0401 0301 0102 0203 0301 0204 0404 0102 0301 0103 0102 0401 0201 0301 0404 0202 0102 0304 0203 0403 0203 0104 0103 0302 0303 0404 0103 0403 0102 0202 0401 0201 0302 0403 0304 0203 0104 0303 0401 0402 0304 0201 0104
62 , 0202 0402 0403 0404 0303 0101 0404 0102 0301 0404 0404 0201 0201 0204 0303 0401 0102 0103 0102 0402 0102 0204 0302 0204 0102 0203 0104 0302 0302 0301 0102 0404 0302 0401 0304 0102 0203 0301 0404 0404 0102 0301 0303 0102 0403 0203 0301 0404 0202 0104 0304 0403 0403 0203 0104 0102 0202 0301 0104 0103 0403 0102 0402 0401 0101 0302 0403 0304 0203 0104 0303 0402 0202 0304 0202 0104 0202 0102 0203 0404 0204 0103 0204 0103 0301 0201 0404 0203 0201 0204 0303 0301 0102 0103 0102 0402 0201 0204 0302 0204 0102 0203 0104 0303 0102 0101 0101 0401 0302 0401 0301 0302 0303 0301 0404 0404 0102 0302 0103 0101 0403 0203 0301 0404 0102 0104 0204 0203 0403 0203 0101 0103 0202 0301 0404 0203 0203 0104 0202 0401 0101 0302 0403 0404 0303 0102 0303 0402 0202 0304 0204 0104
63 , 0401 0202 0203 0403 0303 0103 0304 0103 0301 0401 0404 0202 0201 0104 0304 0402 0102 0303 0301 0402 0102 0204 0302 0304 0303 0203 0404 0102 0402 0201 0101 0401 0204 0301 0303 0102 0403 0301 0404 0104 0104 0301 0304 0204 0402 0403 0201 0304 0202 0104 0201 0102 0402 0101 0204 0203 0302 0301 0401 0203 0103 0102 0402 0101 0401 0302 0103 0404 0202 0204 0301 0404 0204 0204 0304 0103 0401 0202 0203 0403 0303 0103 0202 0103 0301 0401 0404 0202 0201 0104 0304 0401 0102 0303 0302 0402 0102 0204 0302 0304 0303 0203 0404 0102 0402 0201 0101 0401 0204 0301 0303 0102 0403 0301 0404 0104 0102 0301 0304 0204 0404 0403 0201 0304 0202 0104 0201 0102 0402 0101 0204 0203 0302 0301 0404 0203 0103 0102 0401 0101 0401 0302 0103 0404 0202 0204 0301 0402 0204 0204 0304 0103
64 , 0202 0102 0203 0403 0301 0103 0404 0103 0104 0404 0204 0102 0203 0104 0303 0401 0101 0302 0101 0402 0102 0202 0301 0303 0102 0302 0404 0302 0402 0201 0102 0401 0204 0301 0404 0102 0203 0301 0404 0404 0102 0301 0203 0104 0104 0103 0201 0304 0202 0104 0203 0102 0403 0403 0104 0303 0304 0301 0404 0201 0402 0204 0302 0301 0101 0302 0103 0402 0202 0104 0403 0302 0202 0104 0202 0201 0202 0102 0203 0404 0304 0103 0202 0102 0304 0201 0404 0203 0203 0304 0303 0301 0102 0103 0102 0402 0102 0204 0302 0204 0102 0203 0104 0102 0102 0101 0101 0401 0302 0201 0301 0102 0301 0301 0404 0404 0102 0302 0103 0101 0403 0203 0301 0404 0202 0104 0204 0103 0403 0203 0101 0101 0202 0301 0404 0203 0403 0104 0202 0401 0101 0302 0403 0404 0203 0104 0303 0402 0202 0304 0204 0104
65 , 0202 0102 0203 0404 0204 0103 0204 0103 0301 0201 0404 0203 0201 0204 0303 0301 0102 0103 0102 0402 0101 0204 0302 0204 0102 0203 0104 0303 0102 0101 0101 0401 0302 0401 0301 0302 0303 0301 0404 0404 0102 0302 0103 0101 0403 0203 0301 0404 0202 0102 0204 0203 0403 0203 0101 0103 0202 0301 0404 0203 0203 0104 0202 0401 0101 0302 0403 0404 0303 0102 0303 0402 0202 0304 0204 0104 0202 0102 0203 0403 0301 0103 0204 0103 0104 0404 0204 0103 0204 0104 0303 0401 0101 0302 0101 0402 0102 0202 0302 0303 0102 0202 0404 0302 0402 0201 0102 0401 0204 0301 0404 0102 0203 0301 0404 0104 0102 0301 0203 0104 0104 0103 0203 0304 0202 0104 0203 0102 0403 0403 0104 0303 0304 0301 0404 0201 0402 0104 0302 0301 0101 0302 0104 0402 0202 0304 0403 0302 0202 0104 0204 0201
66 , 0401 0202 0203 0403 0303 0103 0202 0103 0301 0401 0404 0202 0201 0104 0304 0401 0102 0303 0302 0402 0102 0204 0302 0304 0303 0203 0404 0102 0402 0201 0101 0401 0204 0301 0303 0102 0403 0301 0404 0104 0102 0301 0304 0204 0404 0403 0201 0304 0202 0104 0201 0102 0402 0101 0204 0203 0302 0301 0404 0203 0103 0102 0402 0101 0401 0302 0303 0404 0202 0204 0301 0402 0204 0204 0304 0103 0202 0102 0203 0404 0304 0103 0202 0102 0304 0201 0404 0203 0203 0304 0303 0301 0102 0103 0102 0402 0102 0204 0302 0204 0102 0203 0104 0102 0102 0101 0101 0401 0302 0201 0301 0102 0301 0301 0404 0404 0102 0302 0103 0101 0403 0203 0301 0404 0202 0104 0204 0103 0403 0203 0101 0101 0202 0301 0404 0203 0403 0104 0202 0401 0101 0302 0403 0404 0203 0104 0303 0402 0202 0304 0204 0104
67 , 0202 0102 0203 0404 0304 0103 0104 0102 0401 0301 0404 0203 0201 0204 0303 0401 0101 0103 0102 0402 0102 0204 0302 0204 0102 0203 0101 0302 0402 0101 0101 0404 0304 0401 0301 0102 0203 0301 0204 0404 0102 0301 0103 0102 0401 0201 0301 0404 0202 0402 0304 0203 0403 0203 0104 0103 0302 0303 0404 0103 0403 0402 0202 0201 0201 0302 0403 0304 0203 0104 0303 0401 0402 0304 0201 0104 0202 0102 0203 0404 0304 0103 0104 0102 0401 0301 0404 0203 0201 0204 0203 0401 0101 0103 0102 0402 0102 0204 0302 0204 0102 0203 0101 0302 0402 0101 0101 0404 0304 0401 0301 0102 0203 0301 0204 0404 0102 0301 0103 0102 0401 0201 0301 0404 0202 0102 0304 0203 0403 0203 0104 0103 0302 0303 0404 0103 0403 0102 0202 0401 0201 0302 0403 0304 0203 0104 0303 0401 0402 0304 0201 0104
68 , 0202 0102 0202 0403 0301 0103 0204 0103 0104 0404 0204 0103 0204 0104 0303 0401 0101 0302 0104 0402 0102 0202 0302 0303 0102 0202 0404 0302 0402 0201 0102 0401 0204 0301 0404 0102 0203 0301 0404 0104 0102 0301 0203 0104 0104 0103 0201 0304 0202 0104 0203 0104 0403 0403 0104 0303 0304 0301 0404 0201 0402 0104 0302 0301 0101 0302 0103 0402 0202 0302 0403 0302 0202 0104 0204 0201 0202 0102 0203 0403 0301 0203 0204 0103 0104 0404 0204 0102 0204 0104 0303 0401 0101 0302 0101 0402 0102 0202 0301 0303 0102 0202 0404 0302 0402 0201 0102 0401 0204 0301 0404 0102 0203 0301 0404 0404 0102 0301 0203 0104 0104 0103 0201 0304 0202 0104 0203 0102 0303 0403 0104 0303 0304 0301 0404 0201 0402 0204 0304 0301 0101 0302 0103 0402 0202 0104 0403 0302 0202 0104 0204 0201
69 , 0202 0402 0203 0404 0304 0303 0404 0101 0401 0301 0404 0203 0201 0204 0203 0401 0101 0103 0303 0402 0102 0204 0302 0204 0402 0203 0101 0302 0102 0101 0101 0402 0304 0401 0301 0102 0203 0301 0204 0404 0102 0301 0103 0102 0401 0201 0301 0404 0202 0102 0304 0203 0403 0203 0104 0103 0202 0303 0404 0103 0403 0102 0202 0401 0201 0302 0403 0304 0203 0104 0303 0402 0402 0304 0204 0104 0401 0202 0203 0403 0303 0103 0202 0103 0301 0401 0404 0202 0201 0104 0304 0401 0102 0303 0302 0404 0102 0204 0302 0304 0303 0203 0404 0102 0402 0201 0101 0401 0204 0301 0303 0102 0403 0301 0404 0104 0102 0301 0304 0204 0404 0403 0201 0304 0202 0104 0201 0102 0402 0101 0204 0203 0302 0301 0404 0203 0103 0102 0402 0101 0401 0302 0103 0404 0202 0204 0301 0402 0204 0204 0304 0103
70 , 0202 0102 0203 0403 0201 0203 0204 0103 0104 0404 0204 0102 0204 0104 0303 0401 0101 0303 0101 0402 0102 0202 0301 0303 0102 0202 0404 0302 0402 0201 0102 0401 0204 0301 0404 0102 0203 0301 0404 0404 0102 0301 0203 0104 0104 0103 0201 0304 0202 0104 0203 0102 0303 0403 0104 0303 0304 0301 0404 0201 0402 0204 0302 0301 0101 0302 0103 0402 0202 0304 0403 0302 0202 0104 0204 0201 0401 0202 0203 0403 0303 0103 0202 0103 0301 0401 0404 0202 0201 0104 0304 0401 0102 0303 0302 0402 0102 0204 0302 0304 0303 0203 0404 0102 0402 0201 0101 0401 0204 0301 0303 0102 0403 0301 0404 0104 0102 0301 0304 0204 0404 0403 0201 0304 0202 0104 0201 0102 0402 0101 0204 0203 0302 0301 0404 0203 0103 0102 0402 0101 0401 0302 0103 0404 0202 0204 0301 0402 0204 0204 0304 0103
71 , 0202 0102 0202 0403 0301 0203 0204 0103 0104 0404 0204 0103 0204 0104 0303 0101 0101 0302 0104 0402 0102 0202 0302 0303 0102 0202 0402 0302 0402 0201 0102 0401 0204 0301 0404 0102 0203 0301 0404 0104 0102 0301 0203 0104 0104 0103 0201 0304 0202 0103 0203 0104 0403 0403 0104 0303 0304 0301 0404 0201 0402 0104 0302 0301 0101 0302 0103 0402 0202 0302 0403 0302 0202 0104 0204 0201 0202 0102 0203 0403 0301 0103 0204 0103 0104 0404 0204 0103 0204 0104 0303 0401 0301 0302 0101 0402 0102 0202 0302 0303 0102 0202 0404 0302 0404 0201 0102 0401 0204 0301 0404 0102 0203 0301 0404 0104 0102 0301 0203 0104 0104 0103 0201 0304 0202 0104 0203 0104 0403 0403 0104 0303 0304 0301 0404 0201 0402 0104 0302 0301 0101 0102 0103 0402 0202 0104 0403 0302 0202 0404 0204 0201
72 , 0202 0102 0203 0403 0301 0103 0404 0103 0104 0404 0204 0102 0203 0104 0303 0401 0101 0302 0101 0402 0102 0202 0301 0303 0102 0302 0404 0302 0402 0201 0102 0401 0204 0301 0404 0102 0203 0301 0404 0404 0102 0301 0203 0104 0104 0103 0201 0304 0202 0104 0203 0102 0403 0403 0104 0303 0304 0301 0404 0201 0402 0204 0302 0301 0101 0302 0103 0402 0202 0104 0403 0302 0202 0104 0202 0201 0202 0102 0203 0404 0304 0103 0404 0102 0401 0301 0404 0203 0201 0204 0303 0401 0101 0103 0303 0402 0102 0204 0302 0204 0402 0203 0101 0302 0102 0101 0101 0402 0304 0401 0301 0102 0203 0301 0204 0404 0104 0301 0103 0102 0401 0201 0301 0404 0203 0102 0304 0203 0403 0203 0104 0203 0202 0303 0404 0103 0403 0102 0202 0401 0201 0102 0403 0304 0203 0104 0303 0402 0402 0404 0204 0104
73 , 0401 0202 0203 0403 0303 0103 0304 0103 0301 0401 0404 0202 0201 0104 0304 0402 0102 0303 0302 0402 0102 0204 0302 0304 0303 0203 0404 0102 0402 0201 0101 0401 0204 0301 0303 0102 0403 0301 0404 0104 0104 0301 0304 0204 0402 0403 0201 0304 0202 0104 0201 0102 0402 0101 0204 0203 0302 0301 0401 0203 0103 0102 0402 0101 0401 0302 0403 0404 0202 0204 0301 0404 0204 0204 0304 0103 0202 0102 0203 0404 0204 0103 0204 0103 0301 0201 0404 0203 0201 0204 0303 0301 0102 0103 0102 0402 0101 0204 0302 0204 0102 0203 0104 0303 0102 0101 0101 0403 0302 0401 0301 0402 0303 0301 0404 0404 0102 0302 0103 0101 0403 0203 0301 0404 0202 0104 0204 0203 0403 0203 0101 0103 0202 0301 0404 0203 0203 0104 0202 0401 0101 0302 0403 0404 0203 0102 0303 0402 0202 0304 0204 0104
74 , 0202 0102 0203 0404 0204 0103 0204 0103 0301 0201 0404 0203 0201 0204 0303 0301 0102 0103 0102 0402 0101 0204 0302 0204 0102 0203 0104 0303 0102 0101 0101 0401 0302 0401 0301 0302 0303 0301 0404 0404 0102 0302 0103 0101 0403 0203 0301 0404 0102 0104 0204 0203 0403 0203 0101 0103 0202 0301 0404 0203 0203 0104 0202 0401 0101 0302 0403 0404 0303 0102 0303 0402 0202 0304 0204 0104 0202 0102 0203 0404 0304 0103 0404 0102 0401 0301 0404 0203 0201 0204 0303 0401 0101 0103 0303 0402 0102 0204 0302 0204 0402 0203 0101 0302 0102 0101 0101 0402 0304 0401 0301 0102 0203 0301 0204 0404 0104 0301 0103 0102 0401 0201 0301 0404 0202 0102 0304 0203 0403 0203 0104 0203 0202 0303 0404 0103 0403 0102 0202 0404 0201 0102 0403 0304 0203 0104 0303 0402 0402 0304 0204 0104
75 , 0202 0102 0203 0404 0304 0103 0202 0102 0304 0201 0404 0203 0203 0304 0303 0301 0102 0103 0102 0402 0102 0204 0302 0204 0102 0203 0104 0102 0102 0101 0101 0401 0302 0201 0301 0102 0301 0301 0404 0404 0102 0302 0103 0101 0403 0203 0301 0404 0202 0104 0204 0103 0403 0203 0101 0101 0202 0301 0404 0203 0403 0104 0202 0401 0101 0302 0403 0404 0203 0104 0303 0402 0202 0304 0204 0104 0202 0402 0203 0403 0301 0103 0204 0103 0104 0404 0204 0103 0204 0104 0303 0401 0101 0302 0101 0102 0102 0202 0302 0303 0102 0202 0404 0302 0404 0201 0102 0401 0204 0301 0404 0102 0204 0301 0404 0104 0102 0301 0203 0104 0104 0103 0201 0304 0202 0104 0203 0104 0403 0403 0104 0303 0304 0301 0404 0201 0402 0104 0302 0301 0101 0302 0103 0402 0202 0104 0402 0302 0202 0104 0204 0201
76 , 0202 0102 0203 0404 0204 0103 0204 0103 0301 0201 0404 0203 0201 0204 0303 0301 0102 0103 0102 0402 0101 0204 0302 0204 0102 0203 0104 0303 0102 0101 0101 0401 0302 0401 0301 0302 0303 0301 0404 0404 0102 0302 0103 0101 0403 0203 0301 0404 0202 0104 0204 0203 0403 0203 0101 0103 0202 0301 0404 0203 0203 0104 0202 0401 0101 0302 0403 0404 0303 0102 0303 0402 0202 0304 0204 0104 0202 0102 0203 0403 0301 0103 0404 0103 0104 0404 0204 0102 0204 0104 0303 0401 0101 0302 0101 0402 0102 0302 0301 0303 0102 0202 0404 0302 0402 0201 0102 0401 0204 0301 0404 0102 0203 0301 0404 0404 0102 0301 0203 0104 0104 0103 0201 0304 0202 0104 0203 0102 0403 0403 0103 0303 0304 0301 0404 0201 0202 0204 0302 0303 0101 0302 0103 0402 0202 0104 0403 0302 0202 0104 0202 0201
77 , 0401 0202 0203 0403 0303 0103 0202 0103 0301 0401 0404 0202 0201 0104 0304 0401 0102 0303 0302 0402 0102 0204 0302 0304 0303 0203 0404 0102 0402 0201 0101 0401 0204 0301 0303 0102 0403 0301 0404 0104 0102 0301 0304 0204 0404 0403 0201 0304 0202 0104 0201 0102 0402 0101 0204 0203 0302 0301 0404 0203 0103 0102 0402 0101 0401 0302 0103 0404 0202 0204 0301 0402 0204 0204 0304 0103 0202 0102 0203 0404 0304 0103 0404 0102 0401 0301 0404 0203 0201 0204 0303 0401 0101 0103 0303 0402 0102 0204 0302 0204 0402 0203 0101 0302 0102 0101 0101 0402 0304 0401 0301 0102 0203 0301 0204 0401 0104 0301 0103 0102 0401 0201 0301 0404 0202 0102 0304 0203 0403 0203 0104 0203 0202 0303 0404 0103 0403 0102 0202 0401 0201 0102 0403 0304 0203 0104 0303 0402 0402 0304 0204 0104
78 , 0202 0102 0203 0404 0304 0103 0202 0102 0304 0201 0404 0203 0203 0304 0303 0301 0102 0103 0102 0402 0102 0204 0302 0204 0102 0203 0104 0102 0102 0101 0101 0401 0302 0201 0301 0102 0301 0301 0404 0404 0102 0302 0103 0101 0403 0203 0301 0404 0202 0104 0204 0103 0403 0203 0101 0101 0202 0301 0404 0203 0403 0104 0202 0401 0101 0302 0403 0404 0203 0104 0303 0402 0202 0304 0204 0104 0202 0102 0203 0404 0304 0103 0404 0102 0401 0301 0404 0203 0201 0204 0303 0401 0101 0103 0303 0402 0102 0204 0302 0204 0402 0203 0101 0302 0102 0101 0101 0402 0304 0401 0301 0102 0203 0301 0204 0404 0104 0301 0103 0102 0401 0201 0301 0404 0202 0102 0304 0203 0403 0203 0104 0203 0202 0303 0404 0103 0403 0102 0202 0401 0201 0102 0403 0304 0203 0104 0303 0402 0402 0404 0204 0104
79 , 0401 0202 0203 0403 0303 0103 0304 0103 0301 0401 0404 0202 0201 0104 0304 0402 0102 0303 0303 0402 0102 0104 0302 0304 0303 0203 0404 0102 0402 0201 0101 0401 0204 0301 0303 0102 0403 0301 0404 0104 0104 0301 0304 0204 0402 0403 0201 0304 0202 0104 0201 0102 0402 0101 0204 0203 0302 0301 0401 0203 0103 0102 0402 0101 0401 0302 0103 0404 0202 0204 0301 0404 0204 0204 0304 0103 0202 0102 0203 0404 0204 0103 0204 0103 0301 0201 0404 0203 0201 0204 0303 0301 0102 0103 0103 0402 0101 0204 0302 0204 0102 0203 0104 0303 0102 0101 0101 0401 0302 0403 0301 0302 0303 0301 0404 0404 0102 0302 0103 0101 0403 0203 0301 0404 0202 0104 0204 0203 0403 0203 0101 0103 0202 0301 0404 0203 0203 0104 0202 0401 0101 0302 0403 0404 0303 0102 0303 0402 0202 0304 0204 0104
80 , 0202 0102 0203 0404 0304 0103 0404 0102 0401 0301 0404 0203 0201 0204 0303 0401 0101 0103 0303 0402 0102 0204 0302 0204 0402 0203 0101 0302 0102 0101 0101 0402 0304 0401 0301 0102 0203 0301 0204 0404 0102 0301 0103 0102 0401 0201 0301 0404 0202 0102 0304 0203 0403 0203 0104 0103 0202 0303 0404 0103 0403 0102 0202 0401 0201 0302 0403 0304 0203 0104 0303 0403 0402 0304 0204 0104 0401 0202 0203 0403 0303 0103 0202 0103 0301 0401 0404 0202 0201 0104 0304 0401 0102 0303 0302 0402 0102 0204 0302 0304 0303 0203 0402 0102 0402 0201 0101 0401 0204 0301 0303 0102 0403 0301 0404 0104 0102 0301 0304 0204 0404 0403 0201 0304 0202 0104 0201 0102 0402 0101 0204 0203 0302 0301 0404 0203 0103 0102 0402 0101 0401 0302 0103 0404 0202 0204 0301 0402 0204 0204 0304 0103
81 , 0401 0202 0203 0403 0303 0103 0202 0103 0301 0401 0404 0202 0201 0104 0304 0401 0102 0303 0302 0402 0102 0204 0302 0304 0303 0203 0404 0102 0402 0201 0101 0401 0204 0301 0303 0102 0403 0301 0404 0104 0102 0301 0304 0204 0404 0403 0201 0304 0202 0204 0201 0102 0402 0101 0204 0203 0302 0301 0404 0203 0103 0102 0402 0101 0401 0302 0103 0404 0202 0204 0301 0402 0204 0204 0304 0103 0202 0102 0202 0403 0301 0203 0204 0103 0104 0404 0204 0103 0204 0104 0303 0101 0101 0302 0104 0402 0102 0202 0302 0303 0102 0202 0402 0302 0402 0201 0102 0401 0204 0301 0404 0102 0203 0301 0404 0104 0102 0301 0203 0104 0104 0103 0201 0304 0202 0103 0203 0104 0403 0403 0104 0303 0304 0301 0404 0201 0402 0104 0302 0301 0101 0302 0103 0402 0202 0302 0403 0302 0202 0104 0204 0201
82 , 0202 0102 0203 0403 0301 0103 0404 0103 0104 0404 0204 0102 0204 0104 0303 0401 0101 0302 0101 0402 0102 0202 0301 0303 0102 0302 0404 0302 0402 0201 0102 0401 0204 0301 0404 0102 0203 0301 0404 0404 0102 0301 0203 0104 0104 0103 0201 0304 0202 0104 0203 0102 0403 0403 0104 0303 0304 0301 0404 0201 0402 0204 0302 0301 0101 0302 0103 0402 0202 0104 0403 0302 0202 0104 0202 0201 0202 0102 0203 0404 0304 0103 0404 0102 0401 0301 0404 0203 0201 0204 0303 0401 0101 0103 0303 0402 0102 0204 0302 0204 0402 0203 0101 0302 0102 0101 0101 0402 0304 0401 0301 0102 0203 0301 0204 0404 0102 0301 0103 0102 0401 0201 0301 0404 0202 0102 0304 0203 0403 0203 0104 0103 0202 0303 0404 0103 0403 0102 0202 0401 0201 0302 0403 0304 0203 0104 0303 0403 0402 0304 0204 0104
83 , 0401 0202 0203 0403 0303 0103 0202 0103 0301 0401 0404 0202 0201 0104 0304 0401 0102 0303 0302 0402 0102 0204 0302 0304 0303 0203 0404 0102 0402 0201 0101 0401 0204 0301 0303 0102 0403 0301 0404 0104 0102 0301 0304 0204 0404 0403 0201 0304 0202 0104 0201 0102 0402 0101 0204 0203 0302 0301 0404 0203 0103 0102 0402 0101 0401 0302 0103 0404 0202 0204 0301 0402 0204 0204 0304 0103 0202 0102 0203 0404 0204 0103 0204 0103 0301 0201 0404 0203 0201 0204 0303 0301 0102 0103 0102 0402 0101 0204 0302 0204 0102 0203 0104 0303 0102 0101 0101 0401 0302 0401 0301 0302 0303 0301 0404 0404 0102 0302 0103 0101 0203 0203 0301 0404 0202 0104 0204 0203 0403 0203 0101 0103 0202 0301 0404 0203 0203 0104 0202 0401 0101 0302 0403 0404 0303 0102 0303 0402 0202 0304 0204 0104
84 , 0401 0202 0203 0403 0303 0103 0202 0103 0301 0401 0404 0202 0201 0104 0304 0401 0102 0303 0302 0404 0102 0204 0302 0304 0303 0203 0404 0102 0402 0201 0101 0401 0204 0301 0303 0102 0403 0301 0404 0104 0102 0301 0304 0204 0404 0403 0201 0304 0202 0104 0201 0102 0402 0101 0204 0203 0302 0301 0404 0203 0103 0102 0402 0101 0401 0302 0103 0404 0202 0204 0301 0402 0204 0204 0304 0103 0202 0102 0203 0403 0301 0103 0204 0103 0104 0404 0204 0103 0204 0104 0303 0401 0101 0302 0101 0402 0102 0202 0302 0303 0102 0202 0404 0302 0402 0201 0102 0401 0204 0301 0404 0102 0203 0301 0404 0104 0102 0301 0203 0104 0104 0103 0203 0304 0202 0104 0203 0102 0403 0403 0104 0303 0304 0301 0404 0201 0402 0104 0302 0301 0101 0302 0104 0402 0202 0304 0403 0302 0202 0104 0204 0201
85 , 0401 0202 0203 0403 0303 0103 0202 0103 0301 0401 0404 0202 0201 0104 0304 0401 0102 0303 0302 0402 0102 0204 0302 0304 0303 0203 0404 0102 0402 0201 0101 0401 0204 0301 0303 0102 0403 0301 0404 0104 0102 0301 0304 0204 0404 0403 0101 0304 0202 0104 0201 0102 0402 0101 0204 0203 0302 0301 0404 0203 0103 0102 0402 0101 0401 0302 0303 0404 0202 0204 0301 0402 0204 0204 0304 0103 0202 0102 0203 0403 0301 0103 0404 0103 0104 0404 0204 0102 0204 0104 0303 0401 0101 0302 0101 0402 0102 0202 0301 0303 0102 0302 0404 0302 0402 0201 0102 0401 0204 0301 0404 0102 0203 0301 0404 0404 0102 0301 0203 0104 0104 0103 0201 0304 0202 0104 0203 0102 0403 0403 0104 0303 0304 0301 0404 0201 0402 0204 0302 0301 0101 0302 0103 0402 0202 0104 0403 0302 0202 0104 0202 0201
86 , 0202 0102 0203 0403 0301 0103 0204 0103 0104 0404 0204 0103 0204 0104 0303 0401 0101 0302 0101 0402 0102 0202 0302 0303 0102 0303 0404 0302 0402 0201 0102 0401 0204 0301 0404 0102 0203 0301 0404 0104 0102 0301 0203 0104 0104 0103 0203 0304 0202 0104 0203 0102 0403 0403 0204 0303 0304 0301 0404 0201 0402 0104 0302 0301 0101 0302 0103 0402 0202 0304 0403 0302 0202 0104 0204 0201 0202 0102 0202 0403 0301 0103 0204 0103 0104 0404 0204 0103 0204 0104 0303 0401 0101 0302 0101 0402 0102 0202 0302 0303 0102 0202 0404 0302 0404 0202 0102 0404 0204 0301 0404 0102 0203 0301 0404 0104 0102 0301 0203 0104 0104 0103 0201 0304 0202 0104 0201 0104 0403 0403 0104 0303 0304 0301 0404 0201 0402 0104 0302 0301 0101 0302 0103 0402 0202 0104 0403 0302 0202 0104 0204 0201
87 , 0203 0102 0203 0404 0204 0103 0201 0102 0301 0201 0404 0203 0201 0204 0303 0301 0102 0103 0102 0402 0101 0204 0302 0204 0102 0203 0104 0303 0102 0301 0101 0401 0302 0401 0301 0302 0303 0301 0404 0404 0102 0302 0103 0101 0403 0203 0301 0404 0202 0104 0204 0203 0403 0203 0101 0103 0202 0301 0404 0203 0203 0104 0202 0401 0101 0302 0403 0403 0403 0102 0303 0402 0202 0304 0204 0104 0202 0102 0203 0404 0304 0103 0404 0102 0401 0101 0404 0203 0201 0204 0303 0401 0101 0103 0303 0402 0102 0204 0302 0204 0402 0203 0101 0302 0102 0101 0101 0402 0304 0401 0301 0102 0203 0301 0204 0404 0102 0301 0403 0102 0401 0201 0303 0404 0202 0102 0304 0203 0403 0203 0104 0103 0202 0303 0404 0103 0401 0104 0202 0401 0201 0302 0403 0304 0203 0104 0303 0402 0402 0304 0204 0104
88 , 0202 0102 0203 0404 0204 0103 0204 0103 0301 0201 0404 0203 0201 0204 0303 0301 0102 0103 0103 0402 0101 0204 0302 0204 0102 0203 0104 0303 0102 0101 0101 0401 0302 0401 0301 0302 0303 0301 0404 0404 0102 0302 0103 0101 0403 0203 0301 0404 0202 0104 0204 0203 0403 0203 0101 0103 0202 0301 0404 0203 0203 0104 0202 0401 0101 0302 0403 0404 0303 0102 0303 0402 0202 0304 0204 0104 0401 0202 0203 0403 0303 0103 0202 0103 0301 0401 0404 0202 0201 0104 0304 0401 0102 0303 0302 0402 0102 0204 0302 0304 0303 0203 0404 0102 0402 0201 0101 0401 0204 0301 0303 0102 0403 0301 0404 0104 0102 0301 0304 0204 0404 0403 0201 0304 0202 0104 0201 0102 0402 0101 0204 0203 0302 0301 0404 0203 0103 0102 0402 0101 0401 0302 0303 0404 0202 0204 0301 0402 0204 0204 0304 0103
89 , 0202 0102 0203 0403 0301 0103 0404 0103 0104 0404 0204 0102 0204 0104 0303 0401 0101 0302 0101 0402 0102 0302 0301 0303 0102 0202 0404 0302 0402 0201 0102 0401 0204 0301 0404 0102 0203 0301 0404 0404 0102 0301 0203 0104 0104 0103 0201 0304 0202 0104 0203 0102 0403 0403 0103 0303 0304 0301 0404 0201 0202 0204 0302 0301 0101 0302 0103 0402 0202 0104 0403 0302 0202 0104 0202 0201 0401 0202 0203 0403 0303 0103 0304 0103 0301 0401 0404 0202 0201 0104 0304 0404 0102 0303 0302 0402 0102 0204 0302 0304 0303 0203 0404 0102 0402 0201 0101 0401 0204 0301 0303 0102 0403 0301 0404 0104 0104 0301 0304 0204 0402 0403 0401 0304 0202 0104 0201 0102 0402 0101 0204 0203 0302 0301 0401 0203 0103 0102 0402 0101 0401 0302 0103 0404 0202 0204 0301 0404 0204 0204 0304 0103
90 , 0202 0102 0202 0403 0301 0203 0204 0103 0104 0404 0204 0103 0204 0104 0303 0101 0101 0302 0104 0402 0102 0202 0302 0303 0102 0202 0402 0302 0402 0201 0102 0401 0204 0301 0404 0102 0203 0301 0404 0104 0102 0301 0203 0104 0104 0103 0201 0304 0202 0103 0203 0104 0403 0403 0104 0303 0304 0301 0404 0201 0402 0104 0302 0301 0101 0302 0103 0402 0202 0302 0403 0302 0202 0104 0204 0201 0401 0202 0203 0403 0303 0103 0304 0103 0301 0401 0404 0202 0201 0104 0304 0402 0102 0303 0303 0402 0102 0204 0302 0304 0303 0203 0404 0102 0402 0201 0101 0401 0204 0301 0303 0102 0403 0301 0404 0104 0104 0301 0304 0204 0402 0403 0201 0304 0202 0104 0201 0102 0402 0101 0204 0203 0302 0301 0401 0203 0103 0102 0402 0101 0401 0302 0103 0404 0202 0204 0301 0404 0204 0204 0304 0103
91 , 0202 0102 0203 0404 0304 0103 0404 0102 0401 0301 0404 0203 0201 0204 0303 0401 0101 0103 0303 0402 0102 0204 0302 0204 0402 0203 0101 0302 0102 0101 0101 0402 0304 0401 0301 0102 0203 0301 0204 0404 0104 0301 0103 0102 0401 0201 0301 0404 0202 0102 0304 0203 0403 0203 0104 0203 0202 0303 0404 0103 0403 0102 0202 0401 0201 0102 0403 0304 0203 0104 0303 0402 0402 0404 0204 0104 0202 0102 0203 0403 0301 0103 0204 0103 0104 0404 0204 0103 0204 0104 0303 0401 0101 0302 0101 0402 0102 0202 0302 0303 0102 0303 0404 0302 0402 0201 0102 0401 0204 0301 0404 0102 0203 0301 0404 0104 0102 0301 0203 0104 0104 0103 0203 0304 0202 0104 0203 0102 0403 0403 0204 0303 0304 0301 0404 0201 0402 0104 0302 0301 0101 0302 0103 0402 0202 0304 0403 0302 0202 0104 0204 0201
92 , 0401 0202 0203 0403 0303 0103 0202 0103 0301 0401 0404 0202 0201 0104 0304 0401 0102 0303 0302 0402 0102 0204 0302 0304 0303 0203 0404 0102 0402 0201 0101 0401 0204 0301 0303 0102 0403 0301 0404 0104 0102 0301 0304 0204 0404 0403 0201 0304 0202 0204 0201 0102 0402 0101 0204 0203 0302 0301 0404 0203 0103 0102 0402 0101 0401 0302 0103 0404 0202 0204 0301 0402 0204 0204 0304 0103 0202 0102 0203 0404 0304 0103 0104 0102 0401 0301 0404 0203 0201 0204 0303 0401 0101 0103 0102 0402 0102 0204 0302 0204 0102 0203 0101 0302 0402 0101 0101 0404 0304 0401 0301 0102 0203 0301 0204 0404 0102 0301 0103 0102 0401 0201 0301 0404 0202 0102 0304 0203 0403 0203 0104 0103 0302 0303 0404 0103 0403 0102 0202 0201 0201 0302 0403 0304 0203 0104 0303 0401 0402 0304 0201 0104
93 , 0401 0202 0203 0403 0303 0103 0304 0103 0301 0401 0404 0202 0201 0104 0304 0402 0102 0303 0301 0402 0102 0204 0302 0304 0303 0203 0404 0103 0402 0201 0101 0401 0204 0301 0303 0102 0403 0301 0404 0104 0104 0301 0304 0204 0402 0403 0201 0304 0202 0104 0201 0102 0402 0101 0204 0203 0302 0301 0401 0203 0103 0102 0402 0101 0401 0302 0103 0404 0202 0204 0301 0404 0204 0204 0304 0103 0202 0102 0203 0404 0304 0103 0404 0102 0401 0301 0404 0203 0201 0204 0303 0401 0101 0103 0303 0402 0102 0204 0302 0204 0402 0203 0101 0302 0102 0101 0101 0402 0304 0401 0301 0102 0203 0301 0204 0404 0102 0301 0103 0102 0401 0201 0301 0404 0202 0102 0304 0203 0403 0203 0104 0103 0202 0303 0404 0103 0403 0102 0202 0401 0201 0302 0403 0304 0203 0104 0303 0403 0402 0304 0204 0104
94 , 0202 0102 0203 0403 0301 0103 0404 0103 0104 0404 0204 0102 0204 0104 0303 0401 0101 0302 0101 0402 0102 0202 0301 0303 0102 0302 0404 0302 0402 0201 0102 0401 0204 0301 0404 0102 0203 0301 0404 0404 0102 0301 0203 0104 0104 0103 0201 0304 0202 0104 0203 0102 0403 0403 0104 0303 0304 0303 0404 0201 0402 0204 0302 0301 0101 0302 0103 0402 0202 0104 0403 0302 0202 0104 0202 0201 0202 0102 0203 0404 0304 0103 0404 0102 0401 0301 0404 0203 0201 0204 0303 0401 0101 0103 0303 0402 0102 0204 0302 0204 0402 0203 0101 0302 0102 0101 0101 0402 0304 0401 0301 0102 0203 0301 0204 0404 0104 0301 0103 0102 0401 0201 0301 0404 0202 0102 0304 0203 0403 0203 0104 0203 0202 0303 0404 0103 0403 0102 0202 0401 0201 0102 0403 0304 0203 0104 0303 0402 0401 0304 0204 0104
95 , 0202 0102 0203 0403 0301 0203 0204 0103 0104 0404 0204 0102 0204 0104 0303 0401 0101 0302 0101 0402 0102 0202 0301 0303 0102 0202 0404 0302 0402 0201 0102 0401 0204 0301 0404 0102 0203 0301 0404 0404 0102 0301 0203 0104 0104 0103 0201 0304 0202 0104 0203 0102 0303 0403 0104 0303 0304 0301 0404 0201 0402 0204 0304 0301 0101 0302 0103 0402 0202 0104 0403 0302 0202 0104 0204 0201 0401 0202 0203 0403 0303 0103 0304 0103 0301 0401 0404 0202 0201 0104 0304 0402 0102 0303 0301 0402 0102 0204 0302 0304 0303 0203 0404 0102 0402 0201 0101 0401 0204 0301 0303 0102 0403 0301 0404 0104 0104 0301 0304 0204 0402 0403 0201 0304 0202 0104 0201 0102 0402 0101 0204 0203 0302 0301 0401 0203 0103 0102 0402 0101 0401 0302 0103 0404 0202 0204 0301 0404 0204 0204 0304 0103
96 , 0202 0102 0203 0404 0304 0103 0104 0102 0401 0301 0404 0203 0201 0204 0303 0401 0101 0103 0102 0402 0102 0204 0302 0204 0102 0203 0101 0304 0402 0101 0101 0404 0304 0401 0301 0102 0203 0301 0204 0404 0102 0301 0101 0102 0401 0201 0301 0404 0202 0102 0304 0203 0403 0203 0104 0103 0302 0303 0404 0103 0403 0102 0202 0201 0201 0302 0403 0304 0203 0104 0303 0301 0402 0304 0201 0104 0202 0102 0203 0404 0304 0103 0404 0102 0401 0301 0404 0203 0201 0204 0303 0401 0101 0103 0303 0402 0102 0204 0302 0204 0402 0203 0101 0302 0102 0101 0101 0302 0304 0401 0301 0102 0203 0301 0204 0404 0102 0301 0103 0102 0401 0201 0301 0404 0202 0102 0304 0203 0403 0203 0104 0103 0202 0303 0404 0103 0403 0102 0202 0401 0201 0102 0403 0304 0203 0104 0303 0402 0302 0304 0204 0104
97 , 0202 0102 0203 0404 0204 0103 0204 0103 0301 0201 0404 0203 0201 0204 0303 0301 0102 0103 0103 0402 0101 0204 0302 0204 0102 0203 0104 0303 0102 0101 0101 0401 0302 0401 0301 0302 0303 0301 0404 0404 0102 0302 0103 0101 0403 0203 0301 0404 0202 0104 0204 0203 0403 0203 0101 0103 0202 0301 0404 0203 0203 0104 0202 0401 0101 0302 0403 0404 0303 0102 0303 0402 0202 0304 0204 0104 0202 0102 0203 0403 0301 0103 0204 0103 0104 0404 0204 0103 0204 0104 0303 0401 0301 0302 0101 0402 0102 0202 0302 0303 0102 0202 0404 0302 0404 0201 0102 0401 0204 0301 0404 0102 0203 0301 0404 0104 0102 0301 0203 0104 0104 0103 0201 0304 0202 0104 0203 0104 0403 0403 0104 0303 0304 0301 0404 0201 0402 0104 0302 0301 0101 0102 0103 0402 0202 0104 0403 0302 0202 0104 0204 0201
98 , 0202 0102 0203 0404 0304 0103 0404 0102 0401 0101 0404 0203 0201 0204 0303 0401 0101 0103 0303 0402 0102 0204 0302 0204 0402 0203 0101 0302 0102 0101 0101 0402 0304 0401 0301 0102 0203 0301 0204 0404 0102 0301 0403 0102 0401 0201 0303 0404 0202 0102 0304 0203 0403 0203 0104 0103 0202 0303 0404 0103 0401 0104 0202 0401 0201 0302 0403 0304 0203 0104 0303 0402 0402 0304 0204 0104 0202 0102 0203 0403 0301 0103 0404 0103 0104 0404 0204 0102 0204 0104 0303 0401 0101 0302 0101 0402 0102 0202 0301 0303 0102 0302 0404 0302 0402 0201 0102 0401 0204 0301 0404 0102 0203 0301 0404 0404 0102 0301 0203 0104 0104 0103 0201 0304 0202 0104 0203 0102 0403 0403 0104 0303 0304 0301 0404 0201 0402 0204 0302 0301 0101 0302 0103 0402 0202 0104 0403 0302 0202 0104 0202 0201
99 , 0202 0102 0203 0403 0301 0103 0404 0103 0104 0404 0204 0102 0204 0104 0303 0401 0101 0302 0101 0402 0102 0302 0301 0303 0102 0202 0404 0302 0402 0201 0102 0401 0204 0301 0404 0102 0203 0301 0404 0404 0102 0301 0203 0104 0104 0103 0201 0304 0202 0104 0203 0102 0403 0403 0103 0303 0304 0301 0404 0201 0202 0204 0302 0301 0101 0302 0103 0402 0202 0104 0403 0302 0202 0104 0202 0201 0202 0102 0203 0403 0301 0103 0204 0103 0104 0404 0204 0103 0204 0104 0303 0401 0301 0302 0101 0402 0102 0202 0302 0303 0102 0202 0404 0302 0404 0201 0102 0401 0204 0301 0404 0102 0203 0301 0404 0104 0102 0301 0203 0104 0104 0103 0201 0304 0202 0104 0203 0104 0403 0403 0104 0303 0304 0301 0404 0201 0402 0104 0302 0301 0101 0102 0103 0402 0202 0104 0403 0302 0202 0404 0204 0201
100 , 0401 0202 0203 0403 0303 0103 0202 0103 0301 0401 0404 0202 0201 0104 0304 0401 0102 0303 0302 0402 0102 0204 0302 0304 0303 0203 0404 0102 0402 0201 0101 0401 0204 0301 0303 0102 0403 0301 0404 0104 0102 0301 0304 0104 0404 0403 0201 0304 0202 0104 0201 0102 0402 0101 0204 0403 0302 0201 0404 0203 0103 0103 0402 0101 0401 0302 0103 0404 0202 0204 0301 0402 0202 0204 0304 0103 0202 0102 0203 0404 0304 0103 0104 0102 0401 0301 0404 0203 0201 0204 0303 0401 0101 0103 0102 0402 0102 0204 0302 0204 0102 0203 0101 0302 0402 0104 0101 0404 0304 0401 0301 0102 0203 0301 0204 0404 0102 0301 0103 0102 0401 0201 0301 0404 0202 0102 0304 0203 0403 0203 0104 0103 0302 0303 0404 0103 0403 0102 0202 0401 0201 0302 0403 0304 0203 0104 0303 0401 0402 0304 0201 0104