Generated genotype output
1
2
3
4
5
6
7
8
9
10
11
12
13
14
15
16
17
18
19
20
21
22
23
24
25
26
27
28
29
30
31
32
33
34
35
36
37
38
39
40
41
42
43
44
45
46
47
48
49
50
51
52
53
54
55
56
57
58
59
60
61
62
63
64
65
66
67
68
69
70
71
72
73
74
75
76
77
78
79
80
Pop
1 , 0201 0203 0404 0203 0303 0201 0204 0401 0203 0303 0201 0304 0102 0102 0203 0402 0403 0304 0102 0304 0201 0401 0302 0402 0401 0401 0101 0202 0403 0200 0404 0302 0101 0402 0204 0002 0402 0201 0401 0401 0302 0203 0404 0204 0303 0001 0201 0401 0202 0303 0201 0304 0102 0102 0003 0202 0403 0304 0102 0304 0201 0401 0302 0402 0400 0401 0101 0202 0403 0101 0404 0301 0101 0302 0201 0102 0402 0201 0401 0401
2 , 0202 0203 0404 0104 0400 0203 0201 0401 0200 0003 0201 0304 0102 0102 0203 0402 0403 0304 0102 0304 0201 0400 0302 0402 0401 0401 0104 0202 0403 0103 0304 0302 0101 0401 0201 0102 0002 0201 0401 0401 0202 0203 0402 0204 0303 0201 0201 0401 0200 0103 0201 0304 0102 0004 0203 0202 0403 0204 0102 0004 0001 0401 0302 0402 0401 0400 0301 0202 0403 0104 0404 0302 0104 0402 0201 0100 0402 0201 0401 0401
3 , 0302 0203 0404 0204 0303 0001 0201 0401 0202 0300 0201 0304 0102 0102 0203 0402 0403 0304 0102 0304 0201 0401 0302 0402 0401 0401 0101 0200 0403 0101 0404 0301 0101 0002 0201 0102 0402 0201 0401 0401 0202 0203 0404 0204 0303 0202 0401 0401 0202 0303 0201 0104 0103 0102 0203 0402 0403 0300 0102 0304 0201 0401 0302 0400 0401 0401 0101 0203 0403 0103 0404 0303 0101 0402 0001 0102 0202 0201 0401 0301
4 , 0202 0203 0404 0304 0303 0101 0201 0401 0003 0303 0201 0304 0102 0102 0203 0402 0403 0304 0102 0304 0201 0401 0302 0402 0401 0401 0101 0202 0403 0103 0404 0302 0101 0202 0001 0102 0402 0201 0401 0401 0202 0203 0404 0204 0303 0201 0201 0401 0202 0303 0201 0104 0102 0101 0202 0402 0403 0304 0302 0304 0201 0401 0202 0402 0400 0401 0101 0202 0403 0103 0404 0304 0101 0402 0201 0102 0402 0200 0401 0401
5 , 0202 0203 0404 0204 0304 0201 0200 0401 0202 0303 0200 0304 0002 0102 0203 0202 0403 0304 0104 0304 0301 0401 0302 0402 0401 0401 0101 0202 0403 0100 0404 0302 0101 0003 0201 0002 0402 0201 0401 0401 0200 0203 0304 0204 0303 0201 0201 0401 0202 0103 0201 0304 0100 0102 0203 0300 0403 0304 0302 0404 0201 0401 0302 0402 0401 0401 0101 0202 0403 0103 0404 0402 0101 0402 0300 0102 0002 0201 0401 0400
6 , 0202 0203 0402 0204 0303 0201 0201 0401 0202 0103 0201 0304 0102 0102 0203 0402 0403 0304 0102 0204 0201 0401 0102 0202 0401 0400 0101 0202 0403 0103 0004 0302 0001 0402 0201 0102 0402 0201 0401 0401 0202 0203 0404 0204 0303 0201 0001 0401 0202 0303 0201 0004 0103 0102 0203 0402 0403 0304 0102 0304 0201 0401 0302 0402 0401 0201 0101 0202 0403 0103 0404 0302 0102 0102 0201 0100 0402 0101 0401 0401
7 , 0202 0203 0404 0204 0303 0201 0201 0401 0202 0303 0201 0304 0102 0102 0203 0402 0403 0304 0102 0204 0201 0401 0302 0402 0304 0001 0301 0200 0403 0103 0404 0302 0101 0402 0201 0102 0400 0201 0401 0401 0202 0203 0004 0204 0303 0201 0201 0401 0202 0301 0001 0304 0002 0102 0203 0402 0403 0404 0100 0304 0201 0401 0302 0400 0404 0303 0101 0202 0303 0103 0004 0302 0101 0402 0202 0102 0402 0201 0400 0401
8 , 0202 0203 0402 0204 0303 0201 0201 0401 0202 0303 0201 0304 0102 0102 0203 0402 0003 0304 0102 0304 0201 0401 0002 0202 0401 0402 0101 0202 0403 0103 0404 0302 0101 0402 0203 0100 0402 0201 0401 0401 0202 0203 0404 0204 0303 0203 0201 0401 0202 0203 0201 0304 0102 0102 0203 0402 0403 0304 0102 0304 0201 0401 0302 0402 0401 0401 0101 0202 0403 0103 0404 0300 0100 0402 0201 0102 0402 0201 0401 0400
9 , 0202 0203 0404 0204 0303 0001 0201 0401 0202 0304 0201 0300 0102 0102 0003 0403 0403 0304 0102 0404 0201 0001 0302 0402 0400 0401 0101 0202 0403 0103 0404 0302 0101 0402 0201 0102 0402 0201 0401 0401 0202 0203 0404 0204 0303 0201 0201 0401 0202 0303 0201 0304 0102 0202 0202 0402 0403 0303 0102 0304 0204 0401 0302 0302 0401 0401 0101 0202 0403 0103 0404 0301 0101 0302 0201 0102 0402 0201 0401 0401
10 , 0202 0203 0404 0304 0303 0101 0201 0401 0203 0303 0201 0004 0102 0102 0203 0402 0403 0304 0102 0304 0201 0401 0302 0402 0401 0400 0101 0202 0403 0103 0404 0302 0101 0200 0301 0102 0002 0201 0401 0401 0202 0203 0404 0200 0004 0201 0101 0404 0202 0303 0201 0304 0102 0103 0203 0400 0003 0304 0103 0304 0201 0401 0303 0402 0201 0001 0301 0202 0403 0103 0404 0302 0101 0400 0201 0102 0402 0201 0404 0401
11 , 0204 0204 0404 0004 0003 0201 0400 0001 0202 0303 0201 0304 0102 0102 0203 0402 0403 0104 0102 0304 0201 0401 0302 0402 0301 0001 0101 0202 0403 0103 0404 0302 0101 0402 0204 0000 0402 0201 0400 0401 0201 0203 0404 0204 0303 0203 0201 0401 0202 0203 0200 0301 0102 0102 0203 0402 0003 0301 0102 0304 0201 0101 0302 0102 0401 0400 0101 0202 0403 0103 0404 0302 0001 0402 0201 0102 0402 0200 0401 0400
12 , 0202 0204 0404 0204 0303 0201 0201 0401 0202 0303 0201 0304 0102 0102 0203 0402 0303 0304 0102 0304 0201 0401 0002 0402 0401 0401 0401 0002 0403 0103 0404 0302 0101 0402 0203 0102 0402 0201 0401 0103 0204 0203 0404 0304 0303 0101 0201 0401 0203 0303 0201 0304 0102 0102 0203 0402 0403 0304 0102 0304 0201 0401 0302 0402 0401 0401 0101 0200 0403 0100 0404 0302 0101 0202 0201 0102 0402 0201 0401 0401
13 , 0202 0203 0404 0204 0303 0201 0201 0401 0202 0303 0201 0304 0103 0102 0203 0402 0403 0304 0102 0304 0201 0401 0002 0402 0401 0201 0100 0202 0403 0103 0404 0302 0101 0102 0201 0102 0402 0201 0401 0401 0202 0201 0404 0204 0303 0201 0401 0400 0002 0303 0204 0304 0102 0102 0203 0400 0403 0304 0102 0304 0201 0401 0202 0402 0403 0401 0101 0202 0403 0103 0404 0002 0101 0404 0301 0102 0402 0201 0401 0401
14 , 0202 0203 0304 0203 0303 0201 0201 0401 0202 0303 0201 0104 0102 0102 0303 0402 0403 0304 0102 0304 0001 0401 0302 0402 0400 0401 0203 0202 0403 0103 0404 0302 0101 0402 0201 0102 0402 0201 0401 0401 0202 0203 0404 0404 0303 0200 0201 0000 0202 0403 0201 0304 0102 0102 0203 0402 0403 0204 0102 0304 0201 0401 0002 0100 0401 0401 0104 0202 0400 0103 0404 0302 0101 0401 0201 0102 0402 0201 0401 0401
15 , 0202 0203 0404 0304 0303 0201 0201 0401 0202 0303 0201 0304 0102 0102 0203 0402 0403 0303 0102 0304 0304 0401 0302 0402 0401 0401 0100 0202 0403 0103 0404 0301 0101 0402 0201 0102 0402 0201 0401 0401 0202 0203 0404 0204 0303 0201 0201 0401 0102 0303 0201 0304 0102 0102 0203 0402 0403 0404 0102 0304 0201 0401 0302 0402 0401 0001 0101 0202 0403 0103 0404 0302 0101 0402 0201 0102 0402 0202 0401 0401
16 , 0002 0003 0402 0204 0203 0001 0201 0001 0202 0303 0201 0304 0002 0102 0203 0403 0403 0304 0202 0304 0201 0401 0302 0402 0401 0401 0101 0203 0403 0103 0404 0302 0101 0402 0001 0102 0402 0301 0401 0401 0102 0203 0404 0200 0303 0201 0201 0401 0002 0300 0201 0304 0102 0102 0203 0402 0403 0304 0102 0304 0201 0401 0302 0404 0401 0401 0101 0202 0403 0101 0404 0002 0101 0302 0201 0102 0402 0201 0001 0401
17 , 0202 0203 0404 0204 0303 0201 0201 0401 0202 0303 0201 0304 0102 0102 0203 0302 0403 0304 0102 0304 0200 0401 0302 0402 0101 0403 0101 0202 0403 0103 0404 0302 0101 0402 0201 0102 0402 0201 0401 0401 0202 0003 0404 0204 0303 0001 0201 0401 0204 0303 0201 0304 0102 0102 0203 0402 0403 0304 0102 0304 0201 0301 0302 0402 0401 0201 0101 0202 0403 0103 0404 0302 0101 0402 0201 0102 0402 0201 0401 0001
18 , 0202 0203 0304 0204 0303 0201 0201 0401 0202 0303 0201 0304 0102 0102 0203 0402 0403 0303 0104 0304 0204 0401 0302 0402 0401 0401 0101 0002 0303 0103 0404 0301 0101 0402 0201 0102 0402 0201 0401 0401 0202 0201 0404 0200 0303 0201 0201 0401 0202 0303 0201 0304 0102 0102 0003 0402 0403 0304 0102 0304 0201 0401 0302 0402 0401 0401 0104 0202 0403 0103 0404 0302 0101 0402 0201 0100 0402 0201 0201 0402
19 , 0202 0403 0404 0404 0300 0201 0201 0401 0204 0303 0201 0304 0102 0102 0103 0402 0403 0304 0002 0304 0201 0401 0302 0402 0401 0201 0101 0202 0403 0103 0404 0302 0100 0402 0201 0102 0402 0201 0401 0201 0102 0403 0404 0004 0303 0201 0201 0401 0204 0203 0201 0304 0102 0102 0203 0402 0403 0304 0102 0304 0201 0401 0302 0402 0401 0201 0101 0202 0403 0103 0400 0302 0101 0402 0201 0102 0402 0201 0401 0401
20 , 0202 0203 0404 0104 0003 0201 0301 0401 0202 0103 0201 0304 0102 0102 0203 0402 0403 0304 0102 0304 0201 0400 0202 0402 0401 0401 0000 0202 0403 0103 0403 0302 0101 0402 0201 0101 0402 0200 0401 0401 0204 0200 0404 0204 0300 0101 0201 0401 0201 0303 0201 0304 0102 0102 0203 0402 0403 0304 0102 0304 0203 0401 0202 0402 0400 0301 0101 0202 0103 0103 0404 0302 0101 0402 0201 0102 0402 0201 0402 0400
21 , 0202 0203 0404 0204 0303 0200 0301 0401 0200 0303 0202 0304 0102 0102 0203 0402 0403 0304 0102 0304 0201 0400 0302 0402 0401 0401 0101 0202 0403 0103 0404 0302 0103 0404 0301 0102 0402 0201 0101 0401 0202 0200 0404 0204 0303 0201 0201 0404 0203 0303 0201 0304 0002 0102 0201 0402 0402 0304 0102 0304 0202 0401 0300 0402 0401 0201 0101 0202 0403 0103 0404 0302 0101 0402 0201 0102 0402 0200 0401 0401
22 , 0202 0203 0004 0204 0301 0201 0201 0301 0202 0300 0201 0304 0102 0102 0103 0202 0203 0304 0102 0304 0201 0401 0304 0404 0401 0301 0001 0202 0403 0103 0404 0102 0101 0400 0201 0102 0402 0201 0401 0401 0202 0203 0404 0204 0303 0200 0201 0401 0202 0304 0201 0303 0102 0102 0203 0403 0403 0304 0102 0404 0201 0401 0002 0402 0401 0401 0101 0202 0403 0103 0404 0002 0101 0402 0201 0100 0002 0201 0401 0401
23 , 0202 0203 0404 0204 0303 0201 0201 0400 0202 0303 0201 0304 0102 0102 0203 0402 0403 0304 0102 0302 0201 0401 0302 0402 0401 0402 0101 0202 0403 0103 0404 0302 0001 0402 0201 0102 0402 0201 0401 0101 0203 0103 0404 0204 0303 0201 0201 0401 0202 0303 0201 0304 0102 0402 0203 0402 0003 0304 0102 0304 0201 0401 0302 0402 0401 0401 0101 0202 0403 0103 0402 0302 0001 0402 0201 0101 0402 0201 0401 0401
24 , 0202 0203 0404 0204 0303 0201 0001 0401 0202 0303 0201 0304 0102 0102 0203 0400 0403 0103 0102 0104 0204 0401 0302 0403 0401 0401 0101 0202 0003 0103 0404 0301 0101 0400 0201 0102 0102 0201 0401 0401 0201 0203 0404 0204 0303 0201 0201 0401 0202 0303 0201 0000 0102 0102 0203 0402 0403 0301 0102 0304 0201 0401 0302 0102 0201 0401 0101 0202 0403 0103 0402 0302 0101 0402 0201 0102 0402 0201 0401 0400
25 , 0202 0203 0404 0200 0300 0001 0201 0401 0203 0304 0201 0304 0102 0102 0203 0402 0403 0304 0102 0301 0202 0401 0303 0402 0401 0401 0102 0203 0403 0103 0404 0302 0101 0001 0201 0100 0402 0201 0401 0001 0202 0203 0400 0404 0303 0001 0202 0401 0201 0303 0301 0304 0102 0102 0200 0402 0403 0003 0102 0304 0304 0401 0302 0402 0201 0401 0100 0201 0403 0103 0404 0304 0101 0402 0201 0102 0402 0201 0401 0401
26 , 0202 0203 0404 0204 0303 0201 0201 0401 0202 0303 0200 0304 0103 0102 0203 0402 0403 0404 0102 0304 0301 0401 0302 0402 0401 0401 0101 0202 0400 0103 0004 0302 0101 0402 0201 0102 0402 0202 0001 0401 0402 0203 0404 0200 0303 0201 0201 0401 0202 0303 0201 0304 0102 0102 0203 0402 0403 0300 0202 0304 0201 0401 0302 0404 0400 0401 0101 0202 0403 0103 0404 0302 0101 0402 0401 0102 0402 0000 0401 0401
27 , 0202 0203 0304 0304 0303 0201 0201 0401 0202 0303 0201 0304 0100 0202 0203 0402 0403 0304 0102 0301 0201 0401 0302 0402 0401 0401 0101 0002 0403 0103 0404 0302 0101 0302 0201 0102 0402 0201 0401 0401 0202 0203 0402 0204 0300 0201 0201 0401 0202 0303 0201 0304 0102 0102 0203 0402 0403 0304 0102 0204 0201 0401 0102 0202 0401 0402 0101 0202 0403 0103 0404 0302 0101 0402 0201 0002 0402 0201 0401 0401
28 , 0202 0203 0404 0204 0303 0201 0201 0301 0202 0303 0201 0304 0102 0100 0203 0402 0403 0304 0102 0304 0203 0401 0202 0402 0401 0401 0101 0200 0403 0103 0402 0402 0101 0404 0202 0102 0402 0201 0404 0401 0202 0203 0004 0204 0303 0201 0201 0401 0202 0303 0201 0304 0102 0102 0202 0402 0403 0304 0202 0304 0201 0401 0302 0002 0300 0401 0101 0202 0403 0003 0404 0302 0101 0402 0201 0102 0002 0201 0401 0301
29 , 0102 0100 0404 0204 0303 0201 0203 0401 0202 0303 0201 0304 0102 0102 0203 0401 0403 0304 0102 0004 0201 0401 0302 0402 0401 0401 0103 0202 0403 0103 0404 0302 0101 0402 0201 0102 0402 0201 0401 0401 0202 0203 0404 0204 0303 0201 0201 0400 0402 0303 0201 0304 0102 0102 0200 0402 0403 0304 0102 0304 0201 0401 0302 0402 0401 0401 0101 0202 0403 0103 0404 0302 0101 0402 0201 0102 0402 0201 0401 0401
30 , 0202 0203 0404 0204 0303 0201 0201 0401 0202 0303 0201 0304 0102 0302 0203 0402 0403 0304 0102 0304 0201 0401 0202 0402 0101 0401 0101 0202 0103 0103 0404 0302 0101 0002 0201 0102 0402 0201 0401 0401 0202 0203 0404 0204 0103 0101 0201 0401 0202 0301 0201 0404 0002 0102 0103 0102 0403 0301 0102 0004 0201 0001 0002 0402 0401 0001 0101 0202 0403 0100 0404 0300 0101 0402 0201 0102 0402 0200 0401 0403
31 , 0202 0203 0400 0204 0303 0201 0201 0401 0202 0303 0201 0304 0102 0102 0203 0402 0403 0304 0102 0304 0201 0401 0302 0402 0401 0401 0101 0202 0303 0104 0400 0300 0201 0402 0203 0102 0402 0200 0401 0201 0102 0203 0404 0204 0003 0201 0201 0201 0202 0303 0201 0304 0102 0102 0002 0402 0403 0304 0102 0304 0001 0403 0302 0201 0101 0401 0201 0202 0403 0100 0404 0402 0101 0402 0201 0102 0402 0201 0400 0401
32 , 0200 0203 0404 0304 0304 0001 0201 0401 0202 0403 0202 0304 0104 0102 0003 0402 0403 0304 0102 0204 0000 0400 0302 0402 0401 0401 0100 0202 0403 0103 0404 0303 0101 0202 0201 0102 0402 0201 0401 0401 0202 0303 0404 0204 0303 0201 0201 0401 0002 0303 0201 0304 0102 0102 0203 0302 0403 0304 0102 0304 0202 0404 0302 0402 0404 0401 0100 0204 0403 0100 0404 0302 0101 0402 0201 0102 0402 0201 0401 0401
33 , 0202 0203 0004 0104 0303 0201 0201 0401 0202 0103 0201 0304 0103 0102 0203 0400 0403 0004 0102 0304 0201 0401 0302 0402 0401 0201 0101 0202 0403 0103 0404 0302 0101 0102 0201 0102 0400 0201 0001 0401 0202 0203 0404 0204 0303 0201 0201 0401 0204 0303 0201 0304 0100 0102 0203 0402 0403 0304 0102 0304 0201 0301 0302 0402 0401 0201 0101 0202 0403 0103 0404 0302 0101 0402 0201 0102 0402 0201 0401 0401
34 , 0202 0203 0404 0204 0303 0201 0201 0201 0202 0301 0201 0304 0100 0102 0203 0402 0403 0404 0102 0304 0001 0401 0302 0402 0404 0403 0101 0202 0303 0103 0404 0302 0100 0402 0201 0102 0402 0001 0401 0401 0202 0200 0404 0304 0303 0101 0201 0401 0203 0303 0201 0304 0102 0102 0203 0402 0403 0304 0302 0304 0201 0401 0302 0402 0401 0401 0101 0202 0403 0103 0404 0302 0101 0202 0201 0102 0402 0201 0401 0300
35 , 0000 0203 0404 0204 0303 0201 0201 0401 0202 0303 0204 0304 0102 0102 0203 0402 0403 0304 0102 0304 0201 0401 0304 0402 0401 0401 0301 0302 0403 0104 0404 0301 0101 0402 0403 0202 0402 0201 0401 0401 0202 0203 0404 0204 0303 0101 0204 0000 0200 0301 0201 0304 0102 0102 0203 0402 0402 0304 0102 0304 0201 0401 0302 0202 0401 0401 0103 0102 0403 0103 0404 0304 0101 0402 0201 0102 0400 0201 0401 0401
36 , 0202 0203 0404 0204 0303 0201 0201 0401 0202 0304 0201 0303 0102 0102 0203 0403 0403 0304 0102 0404 0001 0401 0302 0402 0401 0401 0100 0202 0403 0103 0404 0302 0101 0402 0200 0102 0402 0201 0002 0401 0202 0203 0404 0204 0303 0201 0202 0401 0402 0003 0001 0304 0102 0302 0203 0402 0403 0300 0102 0304 0201 0401 0302 0402 0401 0401 0101 0202 0403 0103 0404 0302 0001 0402 0201 0102 0002 0301 0401 0401
37 , 0200 0203 0404 0202 0300 0201 0201 0401 0202 0403 0201 0304 0302 0102 0203 0401 0403 0302 0100 0304 0201 0401 0302 0302 0401 0401 0100 0302 0403 0103 0404 0302 0201 0403 0200 0102 0402 0201 0401 0001 0202 0201 0404 0204 0303 0201 0201 0401 0202 0303 0001 0302 0102 0104 0203 0402 0403 0304 0102 0304 0201 0401 0302 0402 0401 0101 0101 0202 0403 0103 0402 0002 0101 0400 0201 0102 0102 0201 0401 0401
38 , 0202 0203 0404 0204 0303 0201 0201 0401 0202 0303 0201 0304 0102 0002 0203 0402 0303 0304 0102 0304 0201 0401 0302 0402 0401 0401 0104 0202 0403 0103 0404 0302 0301 0402 0201 0402 0402 0201 0401 0401 0201 0203 0404 0204 0303 0201 0001 0401 0202 0303 0201 0001 0100 0102 0203 0402 0003 0301 0102 0004 0201 0401 0002 0102 0201 0401 0101 0202 0003 0103 0404 0302 0101 0402 0201 0102 0402 0201 0401 0401
39 , 0202 0203 0402 0204 0300 0201 0201 0401 0202 0303 0201 0304 0102 0102 0203 0402 0403 0304 0102 0304 0201 0401 0102 0202 0401 0402 0101 0202 0403 0103 0000 0302 0101 0402 0203 0103 0402 0201 0400 0401 0202 0203 0404 0204 0303 0201 0201 0401 0202 0303 0201 0304 0102 0102 0003 0402 0403 0304 0102 0304 0201 0001 0200 0402 0401 0403 0101 0202 0403 0103 0404 0302 0101 0402 0203 0102 0400 0201 0402 0401
40 , 0202 0203 0402 0204 0303 0201 0201 0401 0202 0303 0201 0304 0102 0102 0203 0402 0403 0304 0102 0304 0201 0401 0102 0202 0401 0402 0100 0002 0403 0103 0404 0302 0101 0402 0203 0103 0402 0201 0401 0401 0201 0200 0404 0204 0303 0201 0201 0401 0202 0301 0101 0004 0002 0102 0204 0402 0403 0304 0102 0304 0201 0401 0302 0402 0401 0401 0401 0202 0403 0103 0404 0302 0100 0402 0201 0102 0402 0201 0401 0301
41 , 0202 0201 0404 0204 0003 0201 0001 0401 0202 0303 0204 0304 0102 0102 0203 0401 0403 0304 0102 0304 0201 0401 0002 0302 0401 0401 0101 0202 0403 0103 0404 0302 0201 0403 0004 0102 0402 0201 0400 0401 0202 0203 0400 0204 0303 0201 0201 0201 0202 0303 0201 0304 0102 0002 0203 0402 0000 0304 0102 0304 0201 0403 0300 0402 0401 0401 0200 0202 0403 0103 0404 0402 0101 0402 0001 0102 0302 0201 0003 0401
42 , 0202 0203 0400 0204 0304 0201 0201 0401 0202 0303 0001 0304 0102 0102 0203 0202 0403 0304 0104 0304 0300 0401 0002 0402 0401 0401 0101 0202 0403 0103 0400 0302 0101 0403 0201 0102 0402 0201 0001 0401 0202 0203 0404 0204 0303 0201 0101 0401 0202 0003 0201 0302 0102 0102 0203 0402 0403 0304 0402 0304 0201 0401 0303 0402 0401 0201 0101 0203 0403 0103 0104 0302 0101 0402 0202 0102 0400 0201 0401 0401
43 , 0202 0203 0404 0204 0303 0301 0201 0400 0202 0303 0201 0304 0104 0102 0203 0402 0403 0304 0102 0304 0201 0400 0302 0402 0401 0401 0101 0002 0403 0103 0204 0302 0101 0402 0201 0102 0402 0201 0401 0401 0202 0201 0404 0204 0003 0201 0201 0401 0202 0303 0204 0304 0102 0102 0203 0401 0403 0304 0102 0304 0201 0401 0002 0302 0401 0400 0101 0002 0403 0103 0404 0302 0201 0403 0204 0102 0402 0201 0401 0401
44 , 0202 0203 0404 0004 0300 0201 0201 0401 0202 0300 0201 0204 0102 0102 0203 0402 0403 0304 0302 0304 0201 0401 0302 0402 0401 0401 0101 0202 0403 0303 0404 0102 0001 0400 0201 0102 0402 0201 0401 0002 0202 0203 0004 0202 0403 0201 0301 0401 0202 0303 0201 0304 0102 0102 0203 0402 0403 0304 0102 0302 0200 0401 0302 0402 0401 0401 0101 0302 0403 0103 0404 0302 0101 0402 0201 0102 0402 0201 0402 0001
45 , 0200 0203 0201 0204 0303 0201 0201 0401 0202 0303 0201 0304 0102 0102 0003 0402 0403 0304 0102 0304 0201 0401 0302 0400 0402 0401 0101 0202 0403 0103 0404 0302 0101 0402 0200 0102 0402 0201 0201 0401 0202 0203 0404 0404 0304 0201 0201 0401 0202 0003 0201 0304 0102 0102 0203 0402 0403 0304 0102 0204 0301 0401 0302 0402 0401 0401 0102 0202 0403 0103 0404 0302 0101 0202 0001 0102 0402 0201 0401 0401
46 , 0200 0203 0404 0204 0300 0201 0101 0401 0202 0003 0201 0302 0102 0102 0203 0402 0403 0304 0402 0304 0201 0001 0303 0402 0401 0200 0100 0003 0403 0103 0104 0302 0101 0402 0202 0102 0402 0201 0401 0401 0202 0203 0404 0204 0303 0203 0201 0401 0202 0303 0200 0304 0102 0102 0203 0402 0403 0304 0104 0304 0201 0401 0302 0402 0401 0401 0101 0402 0400 0103 0400 0302 0101 0402 0201 0102 0402 0201 0401 0301
47 , 0202 0203 0404 0204 0303 0401 0201 0401 0202 0303 0201 0304 0102 0402 0203 0402 0403 0303 0102 0304 0004 0401 0302 0402 0401 0401 0101 0002 0403 0103 0404 0301 0101 0402 0200 0102 0402 0201 0401 0401 0202 0203 0404 0204 0303 0203 0201 0400 0202 0004 0201 0304 0100 0102 0203 0403 0403 0304 0402 0404 0201 0402 0302 0402 0401 0401 0101 0202 0403 0103 0404 0302 0101 0402 0200 0102 0400 0201 0401 0401
48 , 0202 0203 0404 0204 0303 0201 0201 0400 0200 0303 0201 0304 0102 0102 0203 0402 0403 0304 0102 0303 0202 0404 0302 0402 0401 0401 0102 0202 0403 0103 0404 0302 0101 0402 0202 0102 0402 0201 0401 0401 0202 0203 0404 0204 0303 0201 0201 0001 0202 0003 0201 0304 0102 0202 0202 0402 0403 0303 0102 0304 0204 0401 0302 0002 0401 0401 0001 0200 0403 0103 0404 0301 0101 0300 0201 0102 0400 0201 0401 0401
49 , 0402 0203 0404 0204 0303 0201 0201 0401 0202 0203 0201 0304 0102 0102 0003 0402 0103 0304 0102 0304 0200 0403 0202 0402 0401 0401 0101 0202 0203 0103 0404 0302 0101 0402 0201 0002 0302 0201 0401 0201 0202 0203 0404 0204 0303 0201 0201 0401 0202 0303 0201 0304 0003 0102 0203 0400 0403 0304 0002 0304 0001 0401 0302 0402 0401 0201 0101 0202 0403 0103 0404 0302 0101 0102 0201 0100 0402 0201 0401 0401
50 , 0202 0203 0401 0204 0303 0201 0001 0001 0202 0303 0201 0304 0102 0104 0201 0402 0403 0304 0102 0304 0201 0401 0302 0402 0401 0400 0101 0202 0403 0103 0404 0302 0101 0402 0201 0102 0402 0201 0401 0001 0202 0003 0402 0203 0303 0001 0201 0401 0202 0303 0201 0304 0100 0102 0203 0202 0403 0204 0101 0302 0001 0401 0302 0402 0401 0401 0301 0202 0403 0103 0400 0302 0104 0402 0200 0101 0402 0201 0001 0401
51 , 0202 0203 0404 0204 0303 0201 0201 0401 0202 0303 0201 0204 0102 0102 0203 0402 0403 0304 0102 0304 0204 0401 0301 0202 0401 0401 0101 0202 0403 0103 0404 0304 0101 0402 0201 0102 0400 0201 0401 0401 0202 0203 0402 0204 0303 0200 0201 0401 0202 0303 0201 0304 0102 0102 0203 0002 0403 0304 0102 0204 0201 0401 0102 0202 0401 0402 0101 0202 0403 0103 0404 0302 0101 0402 0001 0102 0402 0201 0401 0401
52 , 0202 0003 0404 0204 0303 0201 0201 0101 0202 0303 0200 0304 0102 0102 0203 0402 0403 0304 0102 0304 0201 0401 0302 0402 0401 0201 0101 0202 0403 0103 0400 0302 0101 0102 0201 0102 0400 0101 0401 0401 0202 0203 0404 0204 0303 0003 0201 0401 0302 0302 0101 0304 0002 0302 0203 0202 0403 0304 0102 0304 0201 0401 0302 0402 0401 0401 0101 0202 0003 0103 0404 0302 0101 0402 0201 0102 0402 0201 0401 0400
53 , 0202 0203 0404 0204 0303 0203 0201 0400 0202 0303 0201 0304 0102 0102 0203 0402 0403 0304 0100 0304 0201 0101 0302 0402 0401 0401 0101 0102 0403 0103 0404 0302 0101 0402 0201 0102 0402 0201 0401 0401 0202 0203 0404 0204 0303 0201 0001 0401 0202 0303 0201 0304 0102 0102 0203 0402 0403 0304 0102 0304 0201 0401 0302 0402 0401 0401 0101 0202 0404 0103 0404 0302 0101 0402 0201 0102 0402 0201 0402 0401
54 , 0202 0203 0404 0201 0303 0201 0201 0400 0202 0303 0201 0304 0102 0102 0203 0400 0403 0304 0002 0304 0201 0201 0302 0402 0401 0400 0001 0202 0403 0103 0304 0102 0101 0402 0201 0102 0402 0201 0401 0401 0200 0203 0404 0204 0103 0204 0201 0400 0302 0303 0201 0304 0102 0101 0203 0402 0403 0300 0002 0104 0201 0401 0304 0402 0401 0401 0101 0202 0404 0101 0404 0302 0101 0402 0201 0102 0402 0201 0401 0401
55 , 0202 0203 0404 0204 0303 0201 0201 0401 0202 0303 0201 0304 0002 0102 0203 0301 0403 0204 0102 0304 0201 0401 0202 0402 0400 0401 0101 0202 0403 0100 0400 0302 0101 0402 0201 0102 0402 0201 0401 0401 0202 0203 0404 0204 0300 0201 0201 0401 0202 0303 0201 0304 0102 0102 0203 0402 0403 0303 0102 0304 0204 0201 0302 0402 0401 0404 0101 0102 0103 0103 0404 0301 0101 0002 0201 0102 0402 0201 0401 0401
56 , 0202 0200 0404 0204 0303 0201 0201 0101 0202 0301 0001 0304 0102 0102 0203 0402 0403 0004 0102 0304 0200 0401 0302 0402 0400 0401 0101 0200 0403 0103 0404 0302 0101 0402 0201 0102 0302 0200 0400 0001 0201 0203 0404 0004 0303 0203 0201 0401 0202 0203 0201 0301 0002 0102 0203 0402 0403 0301 0102 0304 0201 0401 0002 0102 0401 0401 0101 0200 0403 0103 0404 0302 0101 0402 0201 0102 0402 0201 0000 0401
57 , 0202 0203 0404 0204 0303 0201 0201 0401 0202 0303 0201 0304 0102 0202 0203 0403 0403 0304 0202 0304 0201 0401 0302 0402 0402 0101 0101 0202 0403 0103 0404 0302 0101 0402 0201 0402 0402 0201 0400 0401 0202 0203 0404 0204 0303 0101 0201 0001 0202 0303 0200 0304 0102 0102 0203 0402 0403 0304 0102 0304 0201 0001 0302 0402 0401 0401 0101 0202 0403 0103 0404 0302 0101 0002 0101 0002 0402 0201 0401 0401
58 , 0202 0201 0404 0202 0303 0201 0201 0401 0202 0300 0200 0304 0102 0102 0204 0402 0403 0304 0102 0304 0201 0401 0302 0300 0001 0401 0101 0202 0403 0203 0404 0302 0101 0402 0203 0102 0402 0201 0403 0402 0202 0203 0404 0204 0303 0201 0201 0401 0402 0303 0201 0304 0102 0102 0203 0402 0403 0304 0102 0304 0201 0001 0302 0402 0401 0401 0100 0202 0403 0103 0404 0302 0101 0402 0201 0102 0402 0201 0401 0401
59 , 0202 0203 0404 0204 0301 0201 0201 0401 0202 0303 0201 0304 0102 0103 0203 0402 0403 0304 0102 0004 0200 0401 0302 0401 0201 0401 0101 0202 0403 0103 0404 0301 0101 0402 0201 0102 0403 0204 0401 0401 0202 0200 0404 0204 0303 0201 0201 0401 0202 0303 0201 0304 0102 0102 0203 0402 0403 0304 0102 0304 0201 0404 0302 0402 0401 0401 0101 0203 0403 0104 0404 0302 0101 0402 0203 0102 0402 0201 0401 0401
60 , 0202 0003 0404 0204 0303 0201 0201 0404 0202 0303 0201 0304 0102 0102 0203 0002 0403 0304 0102 0304 0201 0401 0302 0402 0401 0401 0401 0202 0403 0103 0004 0002 0101 0402 0201 0403 0402 0201 0301 0401 0200 0203 0404 0204 0303 0201 0201 0401 0202 0303 0201 0304 0102 0002 0203 0301 0403 0204 0102 0304 0201 0401 0302 0402 0401 0401 0101 0202 0103 0103 0400 0302 0101 0402 0001 0102 0402 0201 0400 0401
61 , 0202 0400 0404 0204 0303 0201 0201 0401 0202 0303 0201 0304 0102 0102 0203 0302 0403 0304 0202 0304 0201 0401 0302 0402 0401 0301 0101 0202 0403 0303 0404 0302 0101 0402 0201 0102 0402 0201 0401 0201 0202 0203 0402 0204 0303 0201 0201 0401 0202 0303 0201 0304 0102 0102 0200 0202 0403 0104 0102 0404 0201 0400 0302 0402 0401 0401 0301 0202 0003 0103 0400 0303 0104 0402 0202 0104 0402 0201 0201 0401
62 , 0202 0203 0404 0204 0303 0201 0201 0401 0302 0303 0201 0304 0201 0102 0200 0000 0403 0302 0102 0304 0201 0401 0302 0402 0401 0401 0101 0202 0401 0104 0204 0302 0103 0404 0304 0102 0402 0201 0001 0401 0202 0203 0404 0204 0303 0201 0201 0401 0202 0303 0201 0304 0102 0102 0203 0402 0403 0304 0402 0304 0201 0401 0302 0402 0401 0401 0101 0202 0403 0103 0404 0302 0101 0402 0201 0102 0402 0201 0401 0401
63 , 0202 0203 0404 0204 0303 0201 0201 0401 0202 0303 0201 0304 0102 0102 0203 0402 0403 0003 0102 0304 0204 0401 0302 0402 0401 0401 0101 0202 0403 0103 0404 0301 0101 0402 0101 0102 0402 0201 0401 0001 0202 0203 0404 0204 0403 0201 0201 0401 0202 0303 0101 0300 0102 0100 0404 0402 0303 0304 0102 0301 0201 0401 0302 0402 0401 0401 0001 0202 0401 0100 0404 0302 0101 0402 0201 0102 0000 0201 0401 0400
64 , 0202 0203 0304 0204 0303 0201 0201 0401 0202 0103 0201 0304 0002 0002 0203 0302 0403 0304 0302 0404 0201 0401 0302 0402 0401 0401 0101 0202 0403 0103 0400 0402 0101 0402 0301 0002 0402 0201 0401 0401 0202 0200 0304 0203 0303 0001 0201 0401 0202 0303 0001 0104 0102 0102 0203 0402 0403 0304 0102 0304 0201 0401 0302 0402 0400 0401 0200 0202 0003 0103 0404 0302 0101 0402 0201 0102 0402 0201 0401 0401
65 , 0203 0103 0404 0204 0303 0201 0201 0401 0202 0303 0201 0304 0102 0402 0203 0402 0403 0304 0102 0304 0201 0400 0302 0402 0401 0401 0101 0202 0403 0103 0402 0302 0101 0402 0201 0102 0002 0201 0401 0401 0202 0203 0400 0204 0303 0201 0201 0401 0202 0303 0203 0300 0102 0102 0204 0302 0403 0304 0102 0304 0202 0404 0300 0400 0404 0403 0101 0204 0403 0103 0404 0002 0101 0402 0200 0102 0400 0201 0401 0401
66 , 0202 0203 0404 0204 0303 0001 0201 0003 0202 0303 0201 0204 0102 0102 0203 0402 0403 0304 0102 0304 0201 0401 0302 0402 0401 0401 0101 0203 0003 0104 0404 0302 0101 0402 0203 0102 0402 0201 0401 0401 0202 0203 0404 0200 0004 0201 0201 0401 0202 0303 0201 0304 0102 0302 0203 0402 0403 0304 0102 0304 0201 0401 0302 0002 0400 0401 0101 0202 0403 0103 0404 0302 0101 0402 0201 0102 0402 0201 0401 0401
67 , 0202 0203 0404 0204 0303 0201 0201 0401 0202 0303 0201 0304 0102 0102 0203 0402 0403 0303 0102 0304 0304 0401 0302 0402 0401 0401 0101 0202 0403 0103 0404 0301 0101 0002 0201 0100 0402 0201 0401 0401 0202 0003 0404 0204 0303 0201 0101 0401 0202 0303 0201 0302 0102 0102 0203 0402 0403 0304 0402 0304 0201 0401 0003 0002 0401 0201 0101 0203 0400 0103 0104 0302 0001 0402 0002 0102 0402 0201 0301 0401
68 , 0202 0203 0404 0204 0303 0201 0201 0401 0202 0303 0201 0301 0102 0102 0203 0404 0003 0304 0002 0303 0201 0401 0302 0402 0401 0401 0101 0200 0403 0103 0404 0302 0101 0402 0201 0102 0002 0001 0301 0401 0202 0203 0404 0204 0303 0201 0201 0401 0202 0302 0201 0304 0102 0002 0203 0402 0403 0303 0102 0304 0204 0401 0300 0402 0401 0400 0103 0202 0103 0003 0404 0301 0101 0400 0201 0102 0402 0201 0401 0400
69 , 0202 0203 0404 0204 0303 0201 0201 0401 0202 0303 0201 0304 0102 0102 0203 0402 0403 0304 0102 0004 0201 0401 0302 0402 0401 0401 0101 0202 0403 0103 0404 0302 0101 0402 0201 0102 0402 0201 0401 0401 0202 0203 0404 0204 0303 0301 0201 0401 0202 0303 0201 0304 0102 0002 0203 0402 0402 0304 0102 0304 0201 0401 0302 0402 0401 0401 0101 0202 0403 0103 0200 0302 0001 0402 0201 0102 0002 0201 0401 0401
70 , 0202 0003 0404 0204 0303 0203 0201 0401 0202 0303 0201 0304 0102 0102 0203 0402 0403 0304 0100 0304 0201 0401 0302 0402 0401 0401 0101 0200 0403 0103 0404 0302 0001 0402 0201 0102 0402 0202 0401 0401 0302 0203 0404 0204 0303 0201 0201 0401 0200 0303 0201 0104 0102 0102 0203 0402 0403 0304 0102 0304 0201 0401 0302 0402 0401 0401 0101 0202 0400 0103 0404 0302 0101 0402 0404 0202 0403 0301 0401 0401
71 , 0202 0201 0401 0404 0303 0201 0401 0401 0202 0303 0001 0304 0100 0102 0203 0402 0403 0304 0102 0304 0100 0401 0302 0402 0403 0401 0101 0302 0401 0303 0404 0302 0101 0402 0001 0102 0402 0201 0401 0401 0202 0203 0404 0204 0303 0001 0201 0401 0100 0303 0201 0304 0102 0102 0203 0402 0403 0304 0102 0304 0201 0401 0302 0402 0401 0401 0001 0202 0403 0103 0404 0302 0101 0402 0201 0000 0402 0201 0401 0102
72 , 0202 0203 0304 0004 0303 0201 0201 0401 0202 0303 0201 0304 0100 0102 0203 0402 0403 0304 0102 0303 0301 0000 0302 0402 0400 0401 0101 0202 0403 0103 0404 0304 0100 0402 0201 0102 0402 0201 0301 0401 0200 0203 0404 0004 0304 0201 0201 0404 0202 0302 0201 0304 0102 0102 0203 0402 0403 0304 0102 0304 0201 0301 0302 0402 0401 0401 0101 0202 0403 0103 0004 0302 0101 0402 0201 0402 0402 0202 0401 0401
73 , 0202 0203 0404 0204 0300 0201 0201 0401 0202 0303 0201 0300 0102 0102 0203 0402 0400 0304 0102 0304 0201 0401 0302 0402 0401 0401 0101 0202 0403 0103 0404 0302 0101 0402 0201 0102 0402 0201 0402 0401 0202 0201 0404 0202 0303 0201 0201 0401 0202 0303 0201 0304 0002 0102 0204 0402 0003 0304 0102 0304 0201 0401 0302 0302 0401 0400 0001 0202 0403 0103 0404 0302 0101 0402 0200 0102 0402 0200 0403 0402
74 , 0202 0203 0404 0204 0303 0201 0201 0401 0202 0003 0201 0304 0102 0102 0203 0402 0403 0303 0102 0304 0204 0001 0302 0402 0401 0401 0101 0204 0403 0003 0404 0301 0101 0402 0201 0102 0402 0201 0401 0401 0202 0203 0404 0200 0303 0200 0200 0401 0202 0303 0201 0304 0102 0102 0203 0402 0404 0304 0102 0304 0201 0403 0302 0402 0401 0401 0101 0202 0403 0101 0404 0302 0101 0402 0201 0102 0402 0201 0401 0401
75 , 0202 0201 0404 0204 0303 0200 0201 0401 0202 0303 0201 0304 0102 0100 0203 0402 0403 0304 0102 0304 0201 0400 0302 0402 0401 0101 0101 0202 0003 0103 0002 0202 0101 0402 0201 0102 0102 0201 0401 0401 0202 0203 0404 0204 0303 0201 0201 0401 0202 0303 0301 0304 0402 0102 0203 0402 0403 0304 0102 0304 0201 0401 0102 0402 0401 0401 0104 0200 0003 0403 0404 0302 0401 0402 0301 0102 0402 0201 0401 0401
76 , 0202 0202 0404 0204 0304 0201 0201 0401 0402 0303 0200 0304 0102 0102 0203 0002 0403 0004 0102 0304 0201 0301 0302 0402 0403 0403 0001 0202 0403 0103 0401 0302 0101 0402 0201 0102 0402 0201 0404 0401 0202 0201 0404 0204 0303 0201 0201 0401 0202 0300 0101 0304 0104 0100 0203 0402 0403 0303 0102 0304 0201 0401 0302 0402 0401 0401 0101 0203 0403 0103 0404 0402 0100 0401 0201 0102 0402 0200 0401 0401
77 , 0302 0203 0404 0204 0303 0201 0201 0400 0202 0303 0201 0304 0102 0102 0203 0402 0402 0304 0002 0304 0201 0401 0302 0404 0400 0401 0101 0202 0403 0001 0404 0302 0101 0302 0201 0102 0402 0201 0401 0401 0202 0203 0404 0204 0300 0201 0201 0401 0202 0303 0201 0304 0102 0102 0003 0103 0403 0304 0102 0204 0201 0401 0302 0402 0401 0401 0101 0202 0403 0303 0404 0302 0101 0402 0200 0102 0402 0201 0401 0401
78 , 0202 0203 0404 0204 0303 0201 0101 0401 0202 0203 0201 0304 0100 0102 0203 0402 0403 0304 0102 0304 0201 0401 0302 0402 0401 0401 0301 0202 0403 0103 0404 0302 0101 0402 0201 0002 0402 0201 0401 0401 0202 0203 0404 0204 0303 0201 0001 0401 0202 0303 0201 0204 0102 0102 0203 0402 0403 0304 0102 0304 0204 0401 0302 0202 0401 0401 0101 0202 0003 0003 0403 0304 0101 0402 0201 0102 0402 0201 0401 0401
79 , 0002 0400 0404 0204 0303 0001 0201 0401 0202 0303 0201 0304 0102 0102 0203 0402 0400 0304 0102 0304 0201 0401 0302 0402 0401 0401 0101 0202 0403 0103 0404 0302 0101 0402 0201 0102 0302 0201 0401 0401 0200 0203 0404 0204 0303 0201 0401 0401 0202 0303 0201 0304 0102 0102 0203 0402 0403 0304 0102 0304 0201 0401 0302 0404 0001 0402 0101 0202 0403 0103 0404 0302 0101 0402 0201 0102 0402 0201 0404 0101
80 , 0202 0203 0404 0304 0303 0101 0201 0401 0203 0303 0101 0304 0102 0102 0203 0402 0403 0304 0102 0304 0201 0401 0302 0402 0400 0401 0100 0202 0403 0103 0404 0302 0101 0202 0301 0102 0402 0201 0400 0401 0202 0203 0404 0204 0003 0200 0200 0401 0202 0303 0201 0304 0102 0102 0203 0402 0403 0004 0102 0304 0201 0401 0302 0400 0401 0401 0101 0202 0303 0104 0404 0302 0101 0402 0203 0102 0402 0201 0400 0401
81 , 0202 0203 0000 0000 0303 0201 0001 0404 0302 0303 0201 0304 0102 0102 0003 0402 0403 0304 0002 0304 0201 0401 0302 0402 0401 0400 0101 0102 0403 0103 0404 0302 0101 0402 0201 0102 0402 0202 0201 0001 0202 0203 0404 0104 0303 0201 0401 0401 0202 0303 0201 0004 0102 0102 0203 0402 0403 0304 0102 0300 0201 0401 0302 0402 0401 0403 0101 0203 0403 0104 0404 0400 0101 0402 0203 0102 0402 0201 0401 0401
82 , 0202 0203 0404 0204 0303 0201 0201 0401 0202 0303 0201 0304 0102 0202 0203 0002 0303 0304 0102 0300 0001 0401 0302 0402 0401 0401 0104 0202 0403 0103 0004 0302 0301 0404 0101 0402 0402 0001 0401 0401 0202 0003 0404 0204 0303 0203 0201 0401 0202 0303 0201 0304 0102 0102 0203 0402 0403 0304 0102 0304 0201 0001 0302 0402 0401 0401 0101 0202 0403 0103 0404 0302 0101 0402 0004 0102 0402 0201 0401 0401
83 , 0202 0403 0404 0204 0303 0203 0201 0401 0202 0303 0101 0304 0102 0102 0203 0202 0403 0300 0102 0004 0201 0401 0302 0402 0401 0301 0101 0202 0403 0103 0404 0302 0101 0002 0201 0102 0402 0204 0401 0401 0202 0203 0402 0204 0303 0201 0201 0401 0202 0303 0201 0300 0100 0002 0203 0402 0403 0304 0202 0304 0201 0401 0102 0201 0401 0402 0101 0302 0403 0103 0404 0302 0101 0400 0203 0102 0400 0201 0401 0001
84 , 0202 0203 0400 0204 0303 0201 0201 0401 0202 0301 0201 0304 0101 0102 0203 0402 0403 0004 0102 0304 0201 0401 0302 0402 0404 0403 0101 0002 0303 0103 0404 0302 0201 0402 0201 0101 0402 0201 0401 0401 0002 0203 0404 0204 0300 0201 0201 0401 0202 0303 0201 0304 0102 0102 0203 0402 0001 0304 0102 0304 0201 0401 0302 0402 0401 0401 0100 0202 0403 0103 0404 0302 0101 0402 0201 0102 0403 0101 0401 0401
85 , 0202 0203 0404 0204 0303 0001 0201 0404 0202 0303 0001 0304 0102 0102 0201 0001 0402 0304 0102 0301 0204 0401 0302 0402 0401 0401 0100 0202 0403 0103 0404 0300 0101 0402 0200 0102 0402 0001 0401 0401 0202 0203 0404 0204 0303 0201 0201 0401 0202 0303 0201 0304 0101 0102 0203 0403 0403 0304 0302 0304 0200 0401 0302 0402 0401 0401 0101 0002 0403 0103 0404 0304 0101 0402 0101 0102 0402 0201 0403 0401
86 , 0202 0103 0404 0204 0303 0201 0201 0401 0202 0103 0201 0304 0102 0102 0200 0002 0403 0304 0102 0304 0201 0301 0302 0402 0401 0401 0101 0200 0403 0103 0204 0302 0100 0401 0201 0102 0402 0201 0401 0401 0002 0203 0404 0004 0303 0201 0201 0401 0202 0103 0401 0304 0102 0102 0203 0402 0403 0304 0102 0304 0200 0401 0302 0402 0201 0404 0101 0202 0403 0103 0404 0302 0101 0402 0200 0102 0402 0203 0401 0401
87 , 0202 0203 0402 0204 0303 0201 0202 0401 0202 0303 0201 0304 0102 0102 0203 0202 0403 0204 0102 0304 0201 0401 0302 0402 0401 0401 0301 0002 0403 0103 0404 0302 0104 0402 0201 0101 0402 0201 0001 0401 0202 0003 0404 0204 0303 0200 0401 0401 0002 0300 0201 0304 0102 0102 0200 0402 0403 0304 0102 0304 0201 0401 0302 0402 0001 0401 0101 0402 0403 0003 0404 0302 0101 0402 0201 0102 0402 0001 0404 0101
88 , 0202 0203 0404 0204 0303 0201 0201 0404 0302 0303 0201 0304 0102 0102 0203 0402 0403 0304 0100 0301 0201 0401 0300 0402 0401 0401 0101 0202 0403 0103 0404 0302 0101 0402 0001 0102 0402 0202 0401 0401 0202 0203 0404 0104 0303 0201 0201 0401 0202 0303 0201 0304 0100 0100 0203 0402 0403 0304 0102 0304 0202 0401 0302 0402 0403 0401 0102 0402 0403 0103 0404 0302 0001 0402 0201 0102 0402 0200 0401 0401
89 , 0202 0203 0404 0304 0303 0201 0401 0401 0202 0303 0201 0304 0102 0102 0203 0402 0303 0304 0102 0304 0201 0401 0302 0402 0401 0401 0101 0202 0403 0103 0404 0302 0101 0002 0201 0102 0402 0201 0404 0101 0202 0203 0404 0204 0303 0203 0201 0401 0202 0303 0201 0300 0102 0102 0203 0402 0403 0304 0102 0304 0201 0401 0302 0402 0401 0401 0101 0202 0403 0103 0404 0302 0101 0402 0201 0102 0402 0202 0401 0201
90 , 0202 0203 0404 0204 0303 0201 0201 0401 0002 0303 0201 0304 0002 0102 0203 0402 0003 0304 0102 0304 0201 0401 0002 0402 0401 0401 0101 0200 0003 0103 0404 0302 0101 0402 0201 0102 0402 0201 0001 0401 0202 0203 0404 0204 0303 0201 0001 0401 0203 0304 0201 0304 0102 0100 0203 0402 0403 0304 0102 0301 0002 0401 0002 0402 0401 0401 0102 0203 0403 0103 0404 0302 0101 0401 0201 0102 0402 0201 0400 0401
91 , 0202 0203 0400 0204 0303 0401 0201 0401 0202 0303 0201 0304 0302 0102 0203 0402 0400 0404 0102 0304 0201 0301 0302 0402 0400 0400 0101 0202 0403 0103 0404 0302 0103 0402 0201 0102 0402 0201 0401 0401 0202 0203 0404 0204 0303 0200 0201 0004 0202 0303 0201 0304 0102 0102 0203 0402 0403 0304 0102 0304 0202 0401 0302 0402 0401 0403 0401 0202 0403 0003 0404 0302 0201 0202 0201 0402 0402 0001 0401 0401
92 , 0202 0203 0404 0204 0104 0202 0201 0401 0202 0302 0201 0304 0302 0102 0203 0402 0403 0304 0102 0304 0001 0401 0302 0402 0401 0401 0101 0202 0403 0103 0404 0302 0101 0402 0201 0102 0402 0201 0401 0401 0202 0203 0404 0204 0303 0201 0001 0401 0201 0303 0201 0304 0102 0102 0203 0402 0400 0303 0100 0300 0304 0401 0302 0402 0201 0401 0101 0204 0403 0103 0404 0304 0001 0402 0201 0102 0402 0200 0401 0001
93 , 0302 0203 0404 0204 0303 0200 0001 0401 0202 0303 0201 0304 0102 0102 0203 0402 0403 0304 0102 0304 0201 0401 0302 0404 0401 0401 0101 0202 0403 0101 0404 0302 0001 0302 0201 0000 0402 0201 0001 0400 0402 0203 0404 0204 0300 0201 0200 0401 0202 0303 0201 0304 0102 0102 0203 0403 0403 0304 0202 0304 0200 0401 0302 0402 0401 0401 0101 0202 0400 0103 0404 0302 0101 0400 0201 0102 0402 0201 0001 0401
94 , 0202 0203 0404 0200 0303 0201 0201 0401 0203 0303 0201 0304 0102 0102 0202 0401 0403 0304 0102 0304 0201 0401 0302 0400 0401 0401 0101 0201 0403 0103 0401 0002 0101 0402 0201 0102 0402 0201 0401 0401 0200 0203 0404 0204 0303 0201 0001 0401 0202 0303 0201 0304 0002 0202 0203 0402 0003 0304 0102 0300 0201 0401 0302 0402 0401 0401 0104 0202 0003 0103 0404 0302 0301 0402 0201 0402 0402 0201 0401 0401
95 , 0202 0203 0004 0004 0303 0201 0201 0401 0202 0303 0201 0302 0102 0102 0203 0102 0403 0304 0102 0304 0201 0401 0302 0402 0401 0401 0101 0202 0404 0103 0404 0302 0101 0402 0401 0002 0402 0201 0401 0401 0202 0203 0000 0204 0303 0401 0201 0401 0001 0301 0201 0304 0102 0101 0201 0402 0403 0304 0102 0304 0200 0401 0302 0402 0401 0001 0101 0202 0403 0203 0404 0302 0101 0402 0200 0102 0402 0401 0401 0401
96 , 0202 0203 0404 0204 0303 0201 0201 0401 0202 0303 0201 0304 0102 0102 0203 0301 0403 0204 0102 0304 0201 0401 0302 0402 0401 0401 0101 0202 0403 0100 0404 0300 0101 0402 0200 0100 0402 0201 0401 0401 0002 0203 0404 0204 0303 0200 0201 0401 0201 0303 0201 0302 0101 0102 0203 0401 0403 0304 0102 0304 0001 0201 0302 0401 0401 0401 0101 0202 0403 0103 0404 0304 0101 0402 0101 0102 0002 0201 0403 0401
97 , 0002 0203 0404 0204 0303 0202 0201 0401 0302 0303 0201 0304 0102 0100 0203 0402 0400 0300 0102 0304 0201 0401 0302 0402 0401 0401 0100 0203 0403 0104 0404 0301 0101 0403 0203 0102 0402 0201 0401 0401 0202 0203 0404 0204 0303 0201 0201 0401 0202 0303 0201 0304 0102 0102 0200 0402 0403 0304 0102 0304 0201 0401 0302 0402 0401 0401 0401 0203 0400 0104 0404 0302 0103 0402 0203 0102 0402 0201 0401 0400
98 , 0201 0203 0400 0204 0203 0201 0201 0001 0202 0303 0201 0301 0102 0102 0203 0102 0403 0301 0102 0304 0201 0201 0300 0002 0401 0401 0101 0202 0403 0103 0204 0302 0101 0402 0201 0102 0002 0201 0401 0401 0202 0203 0004 0204 0303 0201 0201 0400 0002 0303 0201 0204 0102 0102 0203 0402 0403 0304 0102 0004 0201 0401 0302 0402 0401 0401 0101 0202 0403 0103 0004 0302 0101 0402 0201 0102 0402 0201 0401 0401
99 , 0202 0203 0404 0204 0303 0201 0200 0301 0204 0303 0201 0304 0102 0102 0203 0402 0403 0303 0102 0304 0204 0101 0302 0402 0001 0401 0101 0202 0403 0103 0404 0301 0001 0402 0201 0102 0402 0201 0401 0401 0202 0203 0404 0204 0403 0201 0201 0401 0202 0303 0201 0304 0102 0102 0403 0402 0403 0304 0102 0304 0201 0401 0302 0402 0401 0401 0101 0202 0403 0003 0404 0402 0101 0402 0201 0102 0402 0201 0400 0401
100 , 0202 0203 0404 0201 0303 0203 0201 0401 0202 0303 0001 0304 0104 0102 0203 0404 0403 0304 0102 0104 0201 0401 0302 0402 0201 0401 0301 0202 0403 0103 0404 0302 0100 0402 0201 0102 0402 0001 0401 0401 0202 0203 0404 0204 0303 0201 0202 0401 0302 0303 0301 0304 0102 0302 0203 0102 0403 0304 0102 0004 0201 0401 0302 0402 0401 0401 0101 0002 0403 0103 0404 0302 0101 0402 0201 0102 0402 0101 0401 0404
101 , 0202 0203 0403 0200 0303 0201 0201 0401 0202 0203 0201 0304 0102 0102 0303 0402 0403 0304 0102 0304 0003 0401 0302 0402 0401 0401 0101 0202 0403 0103 0404 0302 0101 0402 0201 0102 0402 0201 0401 0401 0202 0203 0404 0204 0303 0001 0201 0401 0202 0303 0201 0304 0102 0102 0203 0403 0403 0304 0202 0304 0201 0401 0302 0402 0401 0401 0101 0202 0403 0103 0404 0302 0101 0402 0201 0102 0402 0201 0401 0401
102 , 0202 0203 0404 0204 0303 0203 0201 0401 0202 0303 0201 0304 0104 0102 0203 0400 0403 0304 0100 0101 0201 0401 0302 0402 0201 0401 0301 0202 0403 0103 0404 0302 0101 0402 0200 0102 0402 0201 0401 0401 0102 0203 0404 0204 0303 0201 0200 0401 0202 0303 0201 0304 0101 0102 0203 0403 0403 0304 0302 0304 0201 0401 0302 0102 0401 0401 0100 0202 0403 0103 0404 0004 0101 0402 0101 0101 0400 0201 0403 0401
103 , 0202 0203 0404 0204 0303 0201 0201 0401 0202 0303 0201 0304 0102 0102 0203 0402 0403 0304 0002 0300 0401 0401 0302 0402 0401 0402 0101 0202 0403 0104 0404 0302 0101 0402 0201 0102 0402 0201 0401 0401 0200 0204 0404 0103 0303 0201 0001 0402 0202 0103 0201 0304 0102 0102 0003 0402 0403 0304 0102 0304 0201 0401 0202 0402 0401 0401 0101 0202 0403 0103 0403 0002 0100 0402 0201 0102 0402 0201 0401 0401
104 , 0202 0002 0404 0204 0304 0201 0201 0401 0402 0303 0201 0304 0102 0102 0204 0402 0403 0304 0102 0004 0201 0301 0302 0402 0400 0403 0101 0202 0403 0103 0400 0302 0101 0402 0201 0102 0402 0201 0404 0401 0202 0203 0404 0204 0303 0201 0201 0401 0402 0303 0201 0304 0102 0102 0203 0002 0403 0304 0102 0304 0201 0401 0300 0402 0401 0401 0101 0202 0403 0103 0404 0302 0101 0402 0201 0102 0402 0001 0401 0401
105 , 0402 0003 0404 0204 0303 0201 0201 0401 0202 0303 0201 0300 0102 0102 0203 0402 0403 0304 0202 0304 0201 0401 0002 0404 0401 0401 0101 0202 0403 0103 0400 0302 0101 0402 0401 0102 0402 0201 0401 0401 0202 0203 0404 0104 0303 0201 0201 0401 0202 0303 0201 0304 0103 0102 0203 0402 0403 0304 0102 0304 0201 0401 0302 0402 0401 0201 0101 0202 0403 0103 0404 0302 0101 0102 0201 0102 0402 0201 0401 0401
106 , 0202 0403 0404 0204 0303 0201 0201 0001 0202 0303 0301 0304 0102 0102 0203 0402 0403 0304 0102 0304 0201 0401 0002 0402 0401 0401 0101 0202 0403 0103 0404 0302 0101 0401 0201 0100 0402 0201 0401 0401 0202 0203 0404 0204 0303 0201 0201 0401 0202 0303 0202 0004 0102 0102 0203 0302 0003 0304 0102 0304 0201 0401 0302 0402 0101 0403 0101 0202 0403 0103 0404 0302 0101 0402 0001 0102 0402 0201 0401 0401
107 , 0202 0203 0404 0202 0403 0201 0201 0401 0202 0303 0001 0304 0102 0102 0203 0402 0003 0304 0102 0304 0201 0403 0302 0402 0401 0401 0101 0202 0403 0103 0404 0302 0001 0402 0201 0102 0402 0201 0401 0401 0202 0203 0404 0204 0300 0301 0201 0401 0202 0303 0201 0304 0102 0102 0203 0402 0403 0304 0102 0304 0201 0401 0302 0402 0401 0401 0101 0202 0303 0103 0204 0302 0101 0402 0201 0102 0402 0001 0400 0401
108 , 0202 0203 0004 0204 0303 0203 0201 0401 0200 0303 0201 0304 0102 0102 0203 0002 0403 0004 0102 0304 0201 0101 0302 0402 0001 0401 0101 0202 0403 0103 0404 0302 0100 0404 0201 0102 0402 0201 0401 0401 0202 0203 0404 0204 0303 0201 0201 0401 0202 0303 0201 0302 0102 0402 0203 0302 0403 0304 0102 0304 0201 0400 0300 0002 0101 0200 0101 0202 0403 0103 0004 0302 0101 0402 0201 0102 0402 0001 0401 0401
109 , 0002 0203 0404 0204 0303 0201 0201 0401 0202 0303 0201 0304 0102 0102 0203 0402 0403 0304 0302 0304 0201 0401 0302 0402 0401 0401 0001 0202 0403 0103 0404 0102 0101 0402 0201 0102 0402 0201 0401 0402 0202 0203 0404 0204 0303 0200 0201 0201 0202 0303 0201 0304 0102 0102 0203 0402 0403 0304 0102 0104 0201 0403 0402 0402 0401 0401 0201 0202 0003 0403 0404 0402 0101 0402 0201 0302 0402 0201 0401 0401
110 , 0202 0203 0404 0204 0003 0201 0201 0401 0402 0303 0201 0304 0102 0102 0203 0402 0403 0304 0102 0304 0201 0401 0302 0000 0401 0401 0101 0202 0003 0103 0404 0302 0101 0402 0201 0102 0400 0200 0401 0401 0202 0203 0404 0204 0303 0200 0201 0401 0302 0303 0201 0304 0201 0102 0203 0402 0403 0302 0102 0304 0201 0401 0002 0402 0401 0401 0101 0202 0401 0104 0204 0302 0103 0404 0304 0102 0402 0001 0401 0401
111 , 0202 0003 0404 0204 0300 0201 0201 0401 0202 0303 0201 0304 0002 0102 0203 0002 0403 0304 0102 0304 0201 0401 0302 0402 0401 0401 0101 0202 0403 0102 0404 0002 0101 0400 0201 0102 0402 0001 0401 0401 0202 0203 0201 0100 0303 0001 0001 0401 0202 0303 0201 0304 0102 0100 0203 0402 0403 0004 0202 0304 0201 0400 0302 0402 0401 0402 0101 0202 0403 0102 0400 0302 0103 0402 0200 0001 0402 0201 0201 0401
112 , 0202 0303 0404 0204 0303 0201 0001 0401 0202 0303 0201 0304 0102 0102 0203 0402 0403 0304 0102 0304 0201 0401 0302 0402 0401 0401 0101 0202 0003 0103 0404 0300 0101 0202 0202 0302 0402 0101 0401 0401 0202 0203 0404 0204 0303 0203 0201 0401 0202 0303 0201 0304 0102 0102 0203 0400 0403 0304 0102 0304 0201 0101 0302 0402 0401 0401 0101 0202 0400 0103 0404 0302 0101 0402 0201 0102 0402 0201 0401 0401
113 , 0202 0203 0400 0204 0303 0200 0201 0401 0202 0303 0201 0304 0102 0102 0203 0402 0403 0304 0102 0304 0203 0401 0302 0402 0401 0401 0100 0202 0403 0103 0404 0302 0101 0402 0201 0102 0402 0201 0402 0401 0202 0203 0404 0204 0303 0201 0201 0401 0202 0302 0201 0304 0100 0100 0203 0403 0403 0304 0202 0304 0201 0401 0302 0402 0402 0401 0101 0202 0403 0103 0404 0302 0101 0402 0201 0402 0402 0201 0400 0401
114 , 0202 0203 0404 0201 0003 0200 0201 0401 0200 0303 0301 0304 0104 0102 0203 0402 0403 0304 0102 0104 0201 0401 0302 0402 0201 0401 0300 0202 0403 0103 0404 0302 0101 0402 0201 0302 0002 0201 0401 0401 0202 0203 0404 0204 0303 0201 0201 0401 0202 0303 0301 0304 0102 0102 0203 0402 0403 0304 0102 0304 0200 0403 0402 0402 0401 0401 0101 0202 0403 0103 0404 0302 0101 0402 0201 0102 0402 0201 0401 0401
115 , 0202 0203 0402 0204 0304 0201 0201 0401 0202 0303 0201 0304 0103 0102 0003 0202 0403 0304 0104 0304 0301 0401 0302 0402 0401 0401 0101 0202 0403 0103 0404 0302 0101 0403 0201 0102 0402 0201 0401 0401 0402 0203 0404 0004 0303 0201 0201 0401 0202 0303 0001 0304 0100 0102 0203 0402 0403 0304 0202 0304 0001 0401 0302 0404 0401 0401 0101 0202 0400 0103 0404 0002 0101 0402 0400 0102 0402 0201 0401 0401
116 , 0102 0203 0404 0204 0303 0201 0201 0201 0200 0303 0201 0404 0302 0102 0203 0402 0403 0304 0102 0404 0201 0403 0302 0401 0101 0401 0201 0202 0403 0103 0404 0402 0101 0402 0001 0102 0402 0201 0001 0401 0202 0203 0004 0204 0303 0201 0201 0401 0202 0303 0204 0304 0102 0102 0203 0402 0403 0304 0102 0304 0201 0001 0302 0402 0001 0401 0101 0202 0403 0103 0404 0002 0101 0402 0201 0100 0402 0201 0401 0401
117 , 0200 0203 0404 0204 0303 0200 0201 0301 0204 0303 0001 0304 0102 0102 0203 0402 0403 0303 0102 0304 0004 0400 0302 0402 0401 0401 0101 0200 0403 0103 0404 0301 0101 0402 0201 0102 0402 0201 0001 0401 0202 0203 0404 0204 0303 0001 0201 0401 0203 0303 0201 0304 0102 0102 0203 0401 0403 0304 0102 0304 0201 0401 0303 0402 0401 0401 0101 0203 0403 0103 0404 0002 0101 0402 0201 0102 0404 0201 0401 0401
118 , 0002 0203 0404 0201 0303 0201 0001 0401 0202 0303 0201 0304 0102 0102 0203 0402 0403 0303 0102 0004 0204 0401 0302 0402 0401 0401 0101 0202 0403 0103 0404 0001 0101 0402 0201 0100 0402 0201 0401 0001 0402 0203 0404 0204 0303 0201 0201 0401 0204 0003 0201 0404 0102 0102 0203 0402 0104 0304 0102 0304 0201 0403 0302 0402 0401 0400 0101 0202 0403 0103 0404 0300 0101 0402 0200 0102 0402 0201 0401 0201
119 , 0202 0203 0304 0203 0303 0201 0201 0400 0202 0303 0201 0304 0102 0100 0203 0002 0400 0304 0102 0304 0201 0401 0300 0400 0401 0401 0203 0202 0402 0103 0404 0302 0101 0402 0401 0102 0402 0201 0401 0401 0202 0203 0404 0204 0303 0200 0201 0401 0202 0303 0201 0304 0102 0102 0203 0402 0400 0304 0102 0304 0201 0401 0302 0402 0401 0401 0101 0202 0403 0304 0404 0302 0101 0401 0201 0102 0402 0201 0401 0401
120 , 0202 0203 0404 0104 0303 0201 0201 0401 0202 0303 0201 0304 0102 0102 0203 0402 0403 0304 0102 0304 0202 0401 0302 0402 0403 0401 0102 0402 0403 0103 0404 0302 0101 0402 0201 0102 0402 0201 0401 0401 0200 0203 0004 0204 0303 0201 0003 0401 0202 0303 0201 0304 0102 0103 0203 0402 0103 0304 0102 0004 0201 0401 0302 0402 0401 0401 0101 0201 0403 0003 0404 0302 0101 0402 0201 0102 0402 0201 0401 0200
121 , 0202 0203 0404 0204 0303 0201 0201 0401 0202 0303 0201 0304 0002 0102 0003 0402 0403 0303 0102 0304 0204 0401 0302 0402 0401 0401 0101 0204 0403 0103 0404 0301 0101 0402 0201 0102 0402 0201 0401 0401 0202 0203 0404 0204 0403 0001 0201 0401 0202 0303 0201 0304 0102 0102 0003 0402 0403 0304 0102 0304 0001 0001 0302 0400 0400 0401 0101 0202 0403 0103 0404 0400 0101 0002 0201 0202 0402 0201 0401 0401
122 , 0202 0203 0404 0204 0303 0201 0201 0401 0202 0303 0201 0204 0102 0102 0403 0402 0403 0304 0102 0304 0201 0401 0302 0402 0401 0401 0101 0202 0400 0103 0404 0302 0101 0402 0201 0102 0402 0201 0401 0401 0202 0203 0304 0201 0303 0201 0201 0401 0202 0303 0201 0304 0102 0102 0003 0402 0103 0304 0102 0304 0001 0401 0002 0402 0401 0401 0100 0202 0403 0103 0404 0302 0101 0402 0201 0102 0402 0200 0401 0400
123 , 0202 0203 0404 0201 0303 0201 0401 0401 0202 0303 0201 0004 0102 0102 0201 0402 0403 0304 0102 0304 0001 0401 0304 0404 0401 0401 0001 0202 0400 0103 0404 0302 0101 0402 0201 0102 0402 0201 0404 0101 0200 0203 0404 0204 0303 0201 0401 0401 0202 0303 0201 0304 0102 0102 0203 0402 0303 0104 0102 0304 0201 0401 0302 0402 0401 0401 0101 0202 0403 0103 0404 0302 0101 0402 0201 0102 0402 0201 0404 0101
124 , 0202 0203 0404 0204 0003 0201 0201 0401 0202 0303 0201 0304 0002 0402 0203 0402 0403 0301 0202 0304 0201 0401 0302 0402 0401 0403 0101 0202 0403 0103 0404 0302 0100 0402 0201 0302 0402 0201 0401 0401 0202 0203 0404 0304 0300 0101 0201 0401 0203 0303 0201 0304 0102 0102 0203 0402 0403 0304 0102 0304 0201 0401 0302 0402 0401 0401 0201 0202 0403 0103 0404 0302 0101 0202 0201 0102 0400 0202 0401 0001
125 , 0202 0203 0404 0204 0303 0101 0201 0401 0202 0301 0201 0304 0102 0002 0203 0402 0402 0304 0002 0204 0201 0201 0304 0202 0401 0401 0101 0102 0403 0103 0404 0304 0101 0402 0200 0102 0402 0201 0401 0401 0202 0203 0404 0204 0303 0201 0001 0404 0202 0303 0201 0304 0102 0102 0203 0402 0403 0304 0104 0304 0201 0401 0302 0402 0400 0401 0401 0202 0403 0003 0404 0302 0201 0402 0301 0402 0402 0203 0401 0001
126 , 0202 0203 0404 0200 0304 0201 0201 0400 0202 0003 0201 0304 0102 0102 0203 0403 0403 0304 0102 0304 0202 0401 0302 0402 0400 0401 0101 0202 0404 0103 0404 0302 0102 0402 0101 0102 0402 0201 0401 0201 0202 0203 0404 0204 0303 0001 0201 0401 0202 0303 0201 0304 0100 0102 0203 0102 0403 0304 0100 0304 0201 0401 0302 0402 0401 0401 0101 0202 0403 0103 0404 0302 0402 0400 0202 0402 0402 0201 0401 0401
127 , 0202 0203 0404 0204 0402 0201 0201 0401 0202 0303 0201 0304 0102 0102 0403 0400 0403 0304 0102 0304 0001 0401 0302 0402 0401 0401 0101 0202 0403 0003 0404 0002 0101 0404 0200 0102 0404 0201 0401 0201 0202 0203 0404 0201 0303 0201 0201 0401 0202 0303 0201 0304 0102 0102 0203 0402 0403 0304 0302 0300 0201 0201 0002 0402 0401 0401 0001 0202 0403 0003 0304 0302 0101 0402 0201 0102 0402 0201 0401 0401
128 , 0202 0201 0404 0204 0303 0201 0201 0401 0203 0303 0201 0304 0102 0104 0203 0402 0403 0004 0102 0304 0201 0401 0302 0402 0401 0101 0101 0202 0403 0103 0402 0202 0101 0402 0201 0102 0102 0201 0401 0401 0202 0203 0404 0304 0303 0101 0201 0401 0204 0003 0202 0304 0100 0101 0201 0404 0403 0304 0100 0304 0201 0401 0302 0402 0201 0401 0101 0202 0403 0103 0404 0302 0101 0402 0201 0102 0402 0404 0401 0401
129 , 0202 0203 0404 0201 0303 0201 0200 0401 0202 0303 0201 0304 0102 0102 0203 0402 0403 0304 0102 0304 0201 0401 0302 0402 0401 0400 0101 0202 0003 0103 0404 0300 0100 0402 0201 0102 0402 0201 0402 0401 0202 0203 0401 0400 0303 0201 0201 0401 0202 0303 0201 0304 0102 0104 0203 0402 0304 0304 0102 0304 0202 0404 0302 0402 0401 0401 0101 0202 0403 0103 0404 0302 0101 0202 0201 0102 0402 0201 0401 0401
130 , 0202 0203 0404 0201 0303 0201 0201 0401 0002 0303 0201 0304 0102 0100 0203 0402 0403 0300 0302 0004 0201 0201 0302 0402 0400 0401 0101 0202 0403 0103 0304 0302 0101 0402 0201 0102 0402 0201 0401 0401 0202 0103 0404 0204 0303 0001 0201 0401 0202 0303 0001 0004 0102 0402 0203 0402 0403 0304 0102 0304 0301 0401 0302 0102 0401 0400 0101 0202 0403 0103 0402 0302 0101 0400 0201 0102 0402 0201 0401 0401
131 , 0202 0203 0404 0004 0303 0201 0201 0001 0202 0301 0001 0004 0102 0102 0203 0400 0402 0304 0100 0204 0201 0001 0302 0002 0401 0001 0101 0102 0400 0103 0404 0000 0001 0402 0201 0102 0402 0201 0401 0401 0002 0403 0304 0201 0303 0200 0201 0401 0202 0303 0201 0302 0102 0102 0203 0402 0103 0304 0102 0304 0201 0401 0303 0402 0401 0401 0101 0200 0403 0103 0404 0302 0101 0402 0201 0102 0404 0201 0401 0401
132 , 0202 0203 0404 0204 0300 0203 0201 0401 0202 0303 0201 0304 0102 0102 0203 0402 0403 0304 0102 0004 0201 0401 0302 0402 0401 0401 0101 0202 0403 0203 0404 0302 0101 0402 0201 0102 0402 0202 0401 0401 0202 0203 0404 0204 0303 0201 0201 0401 0202 0303 0201 0304 0102 0302 0203 0402 0403 0304 0102 0304 0201 0401 0202 0402 0401 0401 0101 0202 0403 0103 0404 0302 0101 0402 0201 0102 0402 0201 0401 0401
133 , 0202 0203 0404 0204 0303 0201 0200 0401 0202 0303 0201 0300 0102 0402 0203 0402 0403 0301 0102 0304 0201 0001 0302 0402 0401 0403 0101 0202 0400 0103 0004 0300 0101 0402 0201 0302 0402 0201 0401 0401 0202 0203 0400 0204 0303 0201 0201 0401 0202 0303 0201 0304 0102 0302 0203 0402 0403 0300 0102 0302 0001 0401 0202 0400 0401 0400 0101 0202 0403 0103 0403 0302 0101 0402 0201 0102 0402 0201 0401 0401
134 , 0202 0203 0404 0204 0303 0201 0201 0404 0202 0303 0101 0004 0102 0102 0201 0402 0402 0304 0100 0001 0204 0401 0302 0402 0401 0400 0101 0202 0403 0103 0404 0302 0101 0402 0201 0102 0402 0201 0400 0401 0302 0203 0404 0204 0303 0201 0201 0401 0202 0303 0201 0104 0102 0102 0203 0402 0403 0004 0302 0304 0201 0401 0300 0402 0401 0401 0100 0202 0403 0101 0404 0302 0101 0402 0401 0202 0402 0301 0401 0401
135 , 0402 0203 0401 0204 0301 0201 0201 0401 0202 0203 0201 0304 0102 0102 0300 0402 0103 0304 0102 0304 0001 0400 0202 0002 0401 0401 0100 0202 0403 0103 0404 0302 0101 0402 0201 0102 0302 0201 0401 0201 0202 0203 0404 0104 0303 0001 0001 0401 0202 0303 0201 0304 0102 0102 0203 0202 0403 0304 0002 0304 0202 0404 0302 0402 0401 0401 0102 0402 0403 0103 0404 0302 0101 0402 0201 0102 0402 0201 0401 0401
136 , 0202 0201 0400 0204 0303 0201 0201 0401 0202 0303 0001 0300 0102 0100 0203 0402 0403 0304 0102 0304 0201 0001 0302 0402 0401 0401 0104 0002 0403 0103 0404 0302 0101 0402 0201 0102 0402 0201 0001 0402 0202 0203 0404 0304 0303 0101 0201 0401 0203 0003 0201 0304 0102 0002 0203 0402 0403 0304 0102 0304 0201 0401 0302 0402 0401 0401 0101 0202 0403 0103 0404 0302 0101 0202 0201 0102 0402 0202 0401 0401
137 , 0201 0203 0404 0204 0003 0201 0201 0001 0202 0303 0201 0304 0102 0202 0203 0403 0403 0304 0202 0304 0001 0401 0302 0402 0402 0101 0101 0400 0403 0103 0404 0302 0101 0402 0201 0402 0402 0201 0401 0401 0202 0203 0404 0204 0303 0201 0401 0401 0202 0303 0201 0304 0102 0102 0203 0402 0403 0300 0102 0304 0201 0401 0302 0402 0401 0401 0100 0202 0403 0103 0404 0302 0101 0402 0201 0102 0402 0201 0401 0401
138 , 0202 0203 0402 0204 0303 0201 0201 0001 0202 0300 0201 0304 0102 0102 0303 0402 0403 0304 0102 0304 0201 0401 0100 0202 0401 0402 0101 0202 0400 0103 0401 0302 0101 0400 0201 0102 0402 0201 0400 0404 0202 0203 0404 0204 0303 0200 0201 0401 0202 0303 0201 0304 0102 0102 0203 0402 0403 0000 0101 0304 0304 0401 0302 0402 0400 0401 0101 0204 0403 0103 0404 0304 0001 0402 0201 0104 0402 0201 0401 0401
139 , 0202 0203 0404 0204 0300 0201 0201 0001 0202 0303 0201 0004 0102 0102 0203 0402 0403 0300 0102 0302 0203 0001 0302 0402 0101 0401 0101 0202 0400 0100 0404 0300 0101 0402 0401 0102 0403 0201 0001 0404 0202 0100 0404 0201 0303 0201 0201 0401 0202 0303 0202 0304 0402 0102 0403 0402 0403 0004 0102 0304 0201 0401 0302 0402 0401 0401 0101 0202 0403 0103 0404 0302 0101 0402 0201 0002 0402 0201 0401 0401
140 , 0202 0203 0404 0204 0303 0201 0201 0001 0202 0303 0201 0304 0102 0102 0203 0403 0403 0304 0203 0304 0201 0401 0302 0402 0402 0001 0101 0202 0403 0103 0404 0302 0101 0402 0201 0402 0400 0001 0400 0201 0201 0203 0004 0204 0303 0201 0201 0400 0202 0303 0201 0304 0102 0102 0200 0400 0403 0301 0102 0304 0201 0401 0304 0102 0401 0401 0101 0202 0403 0103 0404 0002 0101 0302 0201 0102 0400 0201 0401 0401
141 , 0202 0203 0404 0204 0303 0201 0201 0401 0202 0003 0201 0304 0100 0102 0203 0402 0003 0303 0102 0204 0204 0401 0000 0403 0401 0401 0101 0202 0403 0103 0404 0301 0101 0402 0201 0102 0402 0201 0401 0001 0202 0403 0404 0204 0303 0001 0201 0401 0202 0303 0201 0304 0102 0101 0203 0302 0403 0404 0102 0204 0204 0401 0300 0402 0401 0401 0001 0202 0403 0103 0404 0302 0101 0401 0200 0102 0402 0201 0401 0401
142 , 0102 0203 0404 0204 0303 0201 0201 0201 0202 0303 0201 0304 0102 0102 0203 0402 0403 0304 0102 0304 0201 0400 0302 0401 0100 0401 0201 0202 0403 0103 0404 0402 0101 0400 0201 0000 0402 0201 0400 0402 0202 0403 0404 0204 0303 0201 0200 0401 0202 0303 0201 0304 0102 0102 0203 0402 0403 0304 0202 0304 0001 0401 0302 0402 0401 0301 0101 0202 0400 0103 0404 0302 0101 0402 0201 0102 0400 0201 0101 0201
143 , 0202 0203 0400 0002 0303 0201 0201 0401 0202 0303 0201 0304 0102 0102 0303 0402 0403 0303 0102 0304 0004 0401 0302 0403 0401 0401 0101 0202 0403 0103 0404 0301 0101 0402 0201 0102 0402 0201 0401 0401 0002 0203 0404 0204 0303 0201 0201 0401 0202 0303 0201 0304 0102 0102 0203 0402 0403 0304 0202 0304 0201 0400 0302 0404 0401 0401 0101 0202 0403 0103 0404 0302 0101 0402 0401 0002 0402 0201 0401 0001
144 , 0202 0203 0404 0201 0303 0201 0200 0400 0202 0303 0201 0304 0102 0102 0203 0402 0403 0304 0302 0304 0001 0201 0302 0402 0401 0401 0101 0202 0403 0103 0304 0302 0101 0402 0201 0102 0400 0201 0400 0401 0202 0203 0404 0204 0303 0201 0401 0401 0202 0303 0201 0304 0102 0102 0203 0302 0403 0304 0102 0304 0201 0401 0002 0402 0401 0401 0101 0202 0403 0103 0404 0302 0101 0402 0101 0102 0402 0201 0401 0401
145 , 0002 0201 0404 0202 0303 0201 0001 0201 0202 0303 0200 0304 0103 0102 0204 0402 0403 0304 0100 0304 0201 0401 0302 0300 0401 0401 0101 0202 0403 0103 0404 0302 0101 0402 0203 0102 0402 0201 0403 0402 0102 0200 0404 0204 0303 0201 0201 0201 0202 0303 0201 0304 0102 0102 0203 0402 0403 0304 0102 0304 0201 0403 0302 0401 0101 0401 0201 0202 0403 0103 0404 0402 0101 0402 0201 0102 0402 0201 0401 0001
146 , 0202 0203 0404 0204 0303 0101 0201 0301 0202 0303 0201 0404 0102 0102 0103 0102 0403 0304 0102 0304 0201 0401 0300 0402 0401 0401 0101 0202 0403 0103 0404 0002 0101 0400 0201 0102 0402 0201 0400 0403 0202 0203 0004 0204 0304 0201 0201 0401 0202 0303 0101 0304 0102 0101 0200 0202 0403 0304 0104 0304 0301 0401 0302 0002 0401 0401 0101 0202 0403 0103 0404 0302 0101 0403 0201 0002 0402 0201 0401 0401
147 , 0202 0201 0404 0202 0303 0201 0201 0001 0200 0303 0201 0304 0102 0102 0204 0402 0403 0304 0102 0304 0201 0401 0300 0302 0401 0401 0101 0200 0103 0103 0404 0302 0101 0402 0200 0102 0402 0201 0403 0402 0204 0200 0404 0202 0304 0201 0201 0401 0202 0301 0201 0304 0102 0102 0203 0402 0403 0304 0102 0300 0201 0401 0302 0402 0401 0401 0103 0202 0403 0303 0403 0302 0101 0402 0201 0102 0402 0201 0403 0401
148 , 0202 0403 0404 0204 0303 0203 0201 0401 0202 0302 0101 0304 0102 0102 0203 0402 0403 0304 0102 0304 0201 0401 0302 0402 0401 0301 0101 0202 0403 0103 0404 0302 0101 0402 0201 0102 0402 0204 0401 0401 0201 0203 0404 0204 0303 0201 0201 0401 0202 0303 0200 0301 0102 0102 0203 0402 0403 0301 0102 0304 0201 0401 0302 0102 0201 0401 0101 0200 0403 0103 0404 0302 0101 0402 0201 0102 0402 0201 0401 0401
149 , 0202 0003 0404 0204 0303 0201 0201 0401 0002 0303 0201 0304 0101 0102 0203 0402 0003 0304 0102 0300 0201 0401 0302 0402 0401 0402 0101 0202 0003 0103 0404 0302 0101 0402 0201 0102 0402 0201 0001 0401 0202 0203 0404 0203 0303 0201 0201 0401 0202 0303 0201 0304 0102 0102 0203 0402 0403 0304 0102 0304 0201 0401 0302 0402 0404 0401 0101 0202 0400 0304 0404 0302 0101 0402 0201 0102 0402 0201 0401 0401
150 , 0202 0203 0404 0104 0303 0203 0201 0401 0202 0403 0201 0304 0102 0102 0203 0403 0400 0200 0102 0303 0201 0401 0302 0402 0400 0401 0104 0202 0403 0003 0404 0002 0100 0401 0201 0102 0402 0201 0401 0401 0202 0403 0404 0204 0303 0201 0201 0401 0202 0303 0201 0304 0102 0100 0203 0302 0403 0004 0102 0204 0004 0401 0302 0402 0401 0401 0100 0202 0403 0103 0404 0302 0101 0402 0204 0102 0402 0201 0401 0401
151 , 0202 0203 0404 0204 0303 0001 0401 0401 0202 0303 0201 0304 0102 0102 0203 0402 0403 0304 0002 0304 0201 0401 0302 0402 0401 0401 0101 0202 0403 0103 0404 0302 0001 0402 0201 0102 0402 0001 0401 0401 0202 0203 0403 0204 0303 0201 0201 0401 0202 0203 0201 0302 0102 0102 0303 0402 0403 0304 0102 0304 0203 0401 0302 0402 0401 0401 0101 0202 0403 0103 0404 0302 0100 0400 0201 0102 0402 0201 0401 0401
152 , 0202 0203 0404 0204 0303 0201 0201 0001 0202 0302 0201 0304 0102 0102 0203 0400 0403 0304 0102 0301 0201 0401 0302 0402 0401 0401 0101 0203 0403 0103 0404 0302 0101 0400 0201 0102 0402 0201 0402 0401 0002 0203 0401 0204 0303 0201 0201 0300 0202 0303 0201 0304 0102 0102 0203 0202 0403 0303 0102 0304 0201 0401 0302 0404 0401 0404 0101 0202 0403 0103 0404 0302 0104 0402 0201 0102 0402 0200 0401 0401
153 , 0202 0203 0404 0204 0303 0201 0201 0401 0202 0303 0200 0304 0102 0102 0203 0401 0403 0304 0102 0304 0201 0401 0302 0203 0001 0401 0101 0202 0403 0103 0404 0302 0100 0402 0201 0402 0402 0201 0401 0301 0202 0203 0404 0201 0303 0201 0201 0401 0202 0303 0201 0304 0102 0202 0203 0402 0403 0301 0102 0304 0201 0401 0302 0102 0401 0401 0101 0202 0003 0103 0404 0302 0101 0402 0201 0102 0402 0201 0301 0403
154 , 0402 0203 0404 0204 0303 0201 0201 0401 0202 0303 0201 0304 0102 0102 0203 0402 0403 0303 0202 0304 0201 0401 0302 0404 0401 0401 0101 0202 0003 0103 0404 0302 0101 0402 0401 0102 0402 0201 0401 0401 0002 0200 0004 0204 0303 0201 0201 0401 0202 0303 0201 0304 0104 0202 0203 0400 0403 0304 0102 0304 0201 0301 0302 0402 0001 0401 0401 0202 0403 0103 0004 0302 0101 0402 0201 0202 0002 0201 0401 0401
155 , 0202 0203 0404 0204 0303 0201 0200 0301 0004 0303 0201 0304 0102 0102 0203 0402 0403 0303 0100 0304 0204 0401 0302 0402 0401 0401 0101 0202 0403 0103 0404 0301 0101 0402 0201 0102 0402 0201 0403 0400 0202 0203 0404 0204 0303 0201 0201 0401 0203 0303 0201 0304 0102 0102 0202 0401 0403 0304 0102 0304 0201 0401 0302 0402 0401 0401 0101 0202 0403 0103 0401 0302 0001 0402 0201 0102 0400 0201 0401 0401
156 , 0202 0203 0404 0200 0303 0201 0201 0401 0402 0303 0201 0304 0102 0102 0203 0402 0401 0304 0102 0304 0201 0401 0302 0302 0401 0401 0103 0202 0403 0103 0404 0302 0101 0402 0201 0102 0402 0201 0403 0201 0202 0203 0404 0204 0303 0201 0201 0401 0202 0303 0201 0304 0102 0102 0203 0402 0403 0304 0102 0301 0201 0401 0302 0402 0001 0401 0101 0203 0403 0103 0304 0302 0101 0400 0201 0100 0402 0200 0402 0401
157 , 0202 0203 0204 0204 0303 0201 0201 0401 0202 0303 0201 0404 0102 0102 0203 0302 0403 0304 0102 0304 0201 0401 0302 0402 0101 0403 0101 0202 0403 0103 0004 0302 0101 0400 0201 0102 0402 0201 0001 0401 0202 0103 0004 0204 0303 0201 0201 0401 0202 0403 0201 0004 0102 0402 0203 0402 0403 0304 0102 0302 0301 0401 0002 0402 0400 0400 0101 0202 0403 0103 0402 0302 0101 0402 0201 0102 0402 0201 0400 0401
158 , 0202 0203 0400 0004 0303 0201 0201 0401 0202 0301 0201 0204 0102 0102 0203 0402 0303 0304 0102 0304 0204 0401 0302 0202 0401 0401 0101 0302 0403 0103 0404 0304 0101 0402 0201 0102 0002 0201 0401 0401 0202 0203 0404 0204 0303 0201 0201 0301 0202 0303 0203 0304 0102 0102 0203 0402 0403 0101 0102 0304 0201 0401 0302 0402 0401 0401 0101 0302 0003 0103 0404 0002 0101 0402 0201 0102 0402 0001 0401 0402
159 , 0202 0203 0404 0204 0300 0201 0201 0401 0302 0302 0100 0304 0102 0302 0203 0202 0403 0304 0102 0304 0201 0401 0302 0402 0001 0401 0101 0202 0003 0103 0404 0302 0101 0402 0201 0102 0002 0201 0401 0401 0202 0203 0304 0203 0304 0201 0201 0004 0202 0300 0200 0304 0102 0102 0200 0402 0403 0300 0102 0303 0201 0404 0302 0402 0401 0401 0101 0202 0403 0103 0404 0002 0101 0402 0201 0402 0402 0202 0400 0401
160 , 0202 0203 0404 0204 0303 0201 0201 0101 0202 0300 0201 0304 0102 0102 0203 0402 0003 0304 0102 0304 0201 0401 0302 0402 0401 0001 0001 0202 0403 0103 0404 0300 0001 0402 0200 0102 0402 0201 0401 0401 0202 0202 0404 0204 0303 0201 0201 0400 0202 0303 0201 0304 0102 0102 0203 0301 0403 0204 0102 0304 0201 0401 0303 0402 0401 0001 0101 0202 0403 0103 0404 0302 0101 0402 0201 0102 0402 0201 0401 0401
161 , 0202 0003 0400 0004 0303 0201 0201 0401 0200 0303 0201 0304 0102 0002 0203 0402 0403 0304 0102 0304 0201 0401 0302 0402 0401 0001 0101 0200 0303 0104 0404 0302 0101 0402 0203 0102 0402 0201 0401 0401 0202 0203 0404 0204 0303 0200 0201 0401 0202 0300 0201 0304 0103 0102 0203 0402 0403 0304 0100 0304 0101 0402 0302 0402 0401 0200 0101 0202 0403 0103 0404 0302 0101 0102 0201 0102 0002 0200 0401 0401
162 , 0202 0400 0404 0204 0303 0201 0001 0401 0202 0302 0201 0304 0302 0102 0203 0002 0403 0304 0102 0004 0202 0404 0302 0402 0404 0401 0101 0204 0403 0103 0404 0304 0101 0402 0201 0102 0402 0201 0401 0401 0202 0203 0004 0204 0303 0201 0101 0401 0202 0303 0201 0302 0102 0102 0200 0402 0403 0304 0402 0004 0201 0400 0300 0402 0401 0001 0101 0203 0403 0103 0104 0302 0101 0402 0002 0002 0402 0201 0401 0400
163 , 0202 0003 0404 0004 0303 0201 0201 0401 0202 0303 0201 0304 0103 0102 0203 0402 0403 0304 0102 0304 0201 0401 0302 0402 0002 0201 0101 0200 0403 0103 0004 0302 0101 0102 0201 0102 0402 0201 0400 0401 0202 0203 0404 0204 0303 0200 0201 0401 0202 0303 0202 0004 0102 0102 0003 0403 0403 0304 0002 0304 0203 0401 0302 0402 0401 0401 0101 0202 0403 0103 0404 0302 0101 0402 0001 0102 0400 0201 0401 0401
164 , 0402 0203 0404 0200 0303 0201 0201 0401 0102 0303 0201 0304 0102 0002 0203 0402 0403 0104 0200 0304 0001 0401 0302 0404 0401 0401 0100 0002 0403 0103 0404 0302 0101 0402 0401 0102 0402 0201 0401 0401 0202 0203 0404 0203 0303 0201 0201 0101 0202 0303 0201 0304 0102 0102 0303 0402 0403 0304 0102 0304 0201 0401 0302 0402 0401 0401 0101 0202 0403 0103 0404 0302 0101 0402 0201 0102 0002 0101 0301 0401
165 , 0202 0203 0404 0204 0403 0201 0201 0401 0200 0203 0001 0304 0102 0102 0403 0402 0403 0304 0100 0304 0201 0401 0302 0402 0201 0401 0101 0202 0403 0103 0404 0302 0101 0402 0201 0102 0402 0201 0401 0401 0202 0403 0401 0204 0003 0201 0201 0401 0202 0303 0201 0304 0102 0002 0200 0400 0403 0304 0102 0304 0201 0401 0300 0402 0401 0401 0101 0202 0403 0103 0404 0302 0101 0402 0201 0102 0402 0201 0401 0401
166 , 0202 0203 0404 0204 0303 0201 0200 0404 0302 0303 0201 0304 0102 0102 0200 0402 0003 0304 0102 0304 0201 0401 0302 0402 0401 0401 0101 0202 0403 0103 0404 0302 0101 0402 0201 0102 0402 0202 0401 0401 0202 0203 0404 0204 0303 0201 0201 0401 0202 0303 0204 0204 0102 0102 0203 0402 0403 0304 0102 0304 0201 0401 0300 0402 0401 0401 0101 0202 0403 0103 0404 0302 0100 0402 0201 0102 0402 0201 0404 0401
167 , 0202 0203 0404 0204 0303 0201 0401 0401 0202 0303 0201 0204 0100 0102 0203 0402 0403 0304 0102 0304 0201 0001 0300 0402 0401 0401 0101 0202 0403 0103 0404 0302 0101 0402 0201 0102 0402 0201 0401 0401 0202 0203 0404 0204 0303 0001 0201 0401 0201 0300 0001 0004 0102 0102 0203 0402 0403 0303 0402 0304 0304 0401 0302 0402 0201 0401 0100 0204 0403 0103 0404 0304 0101 0402 0201 0102 0402 0200 0401 0401
168 , 0202 0203 0404 0204 0003 0201 0201 0401 0202 0303 0201 0304 0102 0102 0203 0402 0403 0304 0102 0304 0201 0001 0302 0002 0001 0400 0101 0202 0403 0103 0404 0002 0101 0402 0101 0102 0402 0201 0401 0401 0201 0203 0404 0204 0303 0201 0201 0401 0002 0303 0201 0304 0102 0102 0200 0402 0403 0301 0000 0304 0201 0401 0302 0102 0401 0401 0101 0202 0403 0103 0004 0302 0101 0402 0201 0102 0402 0201 0401 0401
169 , 0302 0203 0404 0204 0302 0001 0201 0401 0202 0303 0201 0304 0002 0202 0203 0402 0403 0304 0102 0304 0201 0401 0302 0402 0401 0401 0101 0202 0403 0101 0404 0302 0101 0302 0201 0102 0402 0201 0401 0401 0202 0403 0404 0204 0303 0201 0201 0401 0202 0303 0001 0304 0102 0102 0203 0401 0403 0304 0102 0304 0201 0401 0302 0403 0200 0401 0101 0202 0403 0103 0404 0302 0101 0402 0200 0402 0402 0201 0401 0301
170 , 0202 0203 0400 0204 0003 0201 0201 0301 0202 0303 0200 0304 0102 0102 0203 0402 0403 0301 0102 0304 0001 0401 0302 0402 0401 0401 0100 0302 0403 0103 0404 0302 0101 0402 0201 0100 0402 0201 0401 0402 0202 0203 0404 0204 0303 0201 0200 0401 0202 0303 0201 0304 0103 0102 0203 0402 0403 0304 0102 0304 0001 0401 0302 0402 0401 0301 0001 0202 0403 0103 0404 0302 0201 0100 0003 0102 0402 0201 0401 0401
171 , 0200 0203 0404 0204 0303 0201 0201 0400 0202 0303 0201 0304 0102 0102 0203 0301 0003 0204 0102 0304 0001 0401 0302 0402 0401 0401 0101 0202 0403 0103 0404 0302 0101 0402 0201 0102 0402 0201 0401 0401 0202 0303 0404 0200 0303 0201 0201 0401 0202 0303 0001 0304 0102 0102 0203 0302 0403 0304 0102 0304 0202 0400 0302 0002 0404 0401 0100 0204 0400 0103 0404 0302 0101 0402 0201 0103 0002 0201 0401 0401
172 , 0202 0203 0304 0204 0303 0201 0201 0401 0200 0303 0201 0304 0102 0102 0200 0302 0403 0304 0102 0303 0201 0401 0302 0402 0401 0401 0101 0202 0403 0103 0404 0302 0101 0402 0201 0002 0402 0201 0301 0101 0102 0203 0404 0204 0200 0201 0201 0400 0200 0303 0201 0304 0102 0102 0203 0402 0403 0304 0002 0304 0204 0001 0302 0404 0401 0402 0101 0202 0403 0103 0404 0302 0101 0402 0201 0102 0402 0001 0401 0401
173 , 0202 0203 0404 0004 0303 0201 0201 0401 0202 0303 0301 0304 0102 0102 0203 0402 0403 0304 0102 0304 0201 0401 0402 0402 0401 0401 0101 0200 0403 0403 0404 0302 0001 0402 0201 0102 0400 0001 0401 0401 0202 0203 0404 0004 0303 0203 0201 0401 0202 0400 0201 0304 0102 0100 0203 0402 0403 0204 0102 0304 0201 0401 0102 0102 0401 0401 0104 0202 0400 0003 0404 0302 0100 0401 0201 0102 0402 0201 0401 0101
174 , 0002 0203 0304 0204 0300 0201 0201 0401 0202 0303 0201 0304 0102 0102 0203 0402 0403 0304 0102 0303 0000 0401 0302 0400 0401 0401 0101 0202 0303 0103 0400 0302 0101 0402 0201 0102 0402 0201 0301 0001 0202 0203 0404 0104 0303 0201 0201 0401 0202 0103 0201 0302 0102 0102 0203 0402 0403 0304 0102 0304 0201 0401 0302 0002 0401 0401 0101 0202 0404 0103 0403 0302 0101 0402 0201 0102 0402 0201 0401 0401
175 , 0202 0203 0404 0204 0303 0203 0201 0401 0202 0303 0203 0304 0104 0102 0203 0402 0403 0304 0102 0104 0201 0401 0302 0102 0201 0401 0101 0202 0403 0103 0404 0300 0101 0402 0201 0102 0402 0201 0401 0401 0204 0003 0404 0202 0103 0201 0201 0401 0202 0303 0401 0304 0102 0102 0203 0402 0403 0304 0102 0304 0201 0404 0302 0402 0401 0101 0101 0202 0403 0103 0404 0102 0101 0402 0201 0102 0402 0201 0401 0401
176 , 0202 0303 0402 0202 0303 0201 0001 0403 0202 0303 0100 0304 0102 0102 0203 0402 0403 0304 0101 0004 0201 0401 0302 0400 0401 0401 0101 0102 0403 0403 0404 0302 0101 0402 0204 0102 0402 0201 0003 0401 0202 0003 0404 0204 0303 0201 0203 0401 0202 0403 0201 0304 0102 0102 0203 0402 0403 0304 0102 0304 0201 0400 0302 0302 0001 0401 0101 0202 0403 0103 0404 0002 0201 0403 0204 0102 0402 0201 0401 0401
177 , 0202 0203 0404 0204 0303 0201 0401 0400 0202 0303 0000 0302 0102 0102 0103 0402 0403 0304 0102 0300 0101 0401 0302 0404 0401 0401 0101 0202 0203 0103 0404 0302 0101 0402 0201 0102 0402 0201 0401 0400 0202 0003 0404 0204 0303 0201 0201 0401 0202 0303 0201 0304 0102 0102 0203 0403 0400 0304 0202 0304 0203 0001 0302 0402 0401 0401 0101 0202 0403 0103 0404 0302 0101 0402 0001 0100 0402 0201 0401 0401
178 , 0202 0201 0004 0204 0303 0201 0201 0401 0202 0300 0204 0304 0102 0102 0203 0401 0403 0304 0102 0304 0201 0401 0002 0302 0401 0401 0101 0202 0403 0103 0404 0302 0201 0403 0204 0002 0002 0200 0401 0001 0202 0203 0002 0204 0303 0201 0401 0401 0202 0303 0201 0304 0102 0102 0203 0202 0403 0204 0102 0304 0201 0401 0302 0402 0400 0401 0301 0202 0403 0104 0404 0302 0104 0402 0201 0101 0402 0203 0200 0401
179 , 0202 0203 0401 0004 0303 0201 0201 0401 0202 0303 0201 0304 0102 0102 0203 0202 0304 0304 0102 0304 0202 0404 0302 0402 0401 0401 0101 0202 0403 0103 0400 0302 0101 0202 0201 0102 0402 0401 0401 0401 0202 0203 0304 0204 0303 0201 0201 0401 0202 0303 0201 0304 0102 0102 0203 0402 0400 0304 0102 0303 0201 0401 0302 0402 0401 0401 0101 0202 0403 0003 0404 0302 0100 0402 0101 0102 0402 0201 0001 0401
180 , 0202 0200 0400 0204 0303 0201 0201 0401 0200 0303 0201 0300 0100 0102 0203 0402 0400 0304 0102 0304 0201 0201 0302 0401 0401 0401 0101 0202 0403 0103 0404 0304 0101 0402 0101 0102 0402 0201 0403 0401 0204 0203 0404 0204 0303 0200 0201 0401 0202 0303 0201 0301 0102 0102 0204 0402 0403 0001 0102 0304 0201 0401 0302 0102 0201 0400 0101 0202 0403 0103 0404 0302 0101 0402 0201 0102 0404 0401 0401 0401
181 , 0202 0203 0401 0204 0303 0200 0201 0001 0202 0303 0201 0304 0103 0102 0203 0402 0403 0300 0102 0304 0201 0402 0302 0402 0401 0401 0201 0202 0403 0403 0404 0401 0101 0402 0201 0102 0402 0201 0400 0401 0400 0203 0404 0004 0303 0201 0201 0401 0202 0303 0201 0304 0102 0402 0203 0400 0403 0304 0202 0304 0201 0001 0302 0404 0401 0401 0101 0202 0003 0103 0404 0302 0101 0402 0400 0102 0402 0201 0001 0401
182 , 0202 0203 0401 0404 0303 0201 0201 0401 0202 0303 0201 0304 0102 0102 0003 0402 0304 0304 0102 0304 0202 0404 0302 0402 0401 0401 0101 0202 0403 0103 0404 0302 0101 0202 0201 0102 0402 0200 0401 0401 0202 0203 0404 0204 0303 0401 0201 0101 0201 0300 0201 0304 0102 0101 0201 0002 0403 0304 0102 0304 0201 0401 0302 0402 0401 0401 0101 0202 0403 0201 0404 0302 0101 0402 0201 0102 0402 0401 0401 0401
183 , 0202 0200 0304 0204 0303 0201 0201 0401 0002 0303 0201 0304 0002 0102 0203 0402 0403 0304 0102 0304 0201 0401 0302 0402 0401 0401 0101 0203 0403 0104 0400 0302 0101 0402 0200 0100 0001 0201 0401 0401 0202 0203 0404 0204 0303 0203 0201 0401 0202 0303 0201 0304 0100 0102 0203 0400 0403 0304 0202 0304 0201 0401 0302 0402 0401 0401 0101 0202 0403 0003 0404 0302 0101 0402 0201 0102 0402 0201 0401 0404
184 , 0202 0203 0404 0202 0301 0201 0201 0400 0202 0303 0201 0304 0102 0102 0203 0402 0403 0304 0102 0304 0201 0401 0302 0402 0201 0001 0101 0202 0401 0100 0404 0301 0101 0402 0201 0102 0403 0204 0401 0401 0202 0203 0404 0304 0203 0301 0201 0401 0202 0303 0203 0304 0102 0102 0203 0402 0403 0304 0102 0004 0201 0401 0302 0102 0401 0401 0101 0202 0402 0003 0404 0302 0101 0402 0201 0102 0402 0201 0401 0403
185 , 0202 0201 0404 0202 0303 0201 0201 0401 0202 0303 0301 0304 0102 0102 0204 0402 0403 0304 0102 0304 0201 0401 0302 0302 0401 0401 0301 0202 0403 0103 0404 0302 0104 0002 0203 0102 0402 0201 0403 0400 0202 0203 0404 0202 0103 0201 0200 0001 0202 0303 0401 0304 0102 0102 0203 0402 0403 0304 0102 0304 0201 0404 0302 0402 0401 0101 0101 0202 0403 0103 0404 0102 0101 0402 0201 0102 0402 0001 0401 0401
186 , 0202 0203 0404 0204 0303 0201 0201 0400 0202 0303 0201 0304 0102 0102 0203 0402 0403 0304 0102 0301 0201 0401 0302 0402 0401 0401 0101 0203 0403 0103 0404 0300 0101 0402 0201 0102 0402 0201 0402 0400 0204 0303 0404 0104 0301 0201 0201 0401 0302 0303 0201 0301 0100 0102 0203 0402 0403 0304 0102 0304 0201 0401 0302 0402 0201 0400 0101 0202 0403 0103 0404 0301 0101 0402 0201 0001 0403 0204 0401 0001
187 , 0202 0203 0404 0204 0303 0201 0201 0401 0202 0303 0201 0304 0102 0102 0203 0402 0403 0304 0100 0300 0201 0401 0302 0403 0401 0401 0101 0203 0403 0103 0404 0302 0100 0402 0200 0102 0402 0201 0400 0401 0202 0203 0404 0204 0303 0201 0201 0401 0202 0303 0301 0304 0402 0102 0203 0402 0403 0304 0102 0304 0201 0401 0102 0403 0401 0401 0104 0202 0403 0203 0404 0302 0401 0402 0301 0102 0402 0201 0401 0401
188 , 0402 0203 0400 0204 0303 0201 0201 0401 0202 0203 0201 0404 0102 0100 0203 0402 0103 0304 0102 0304 0201 0403 0302 0402 0401 0401 0101 0104 0003 0103 0404 0302 0103 0402 0201 0102 0402 0201 0401 0201 0202 0203 0404 0204 0303 0201 0201 0401 0202 0303 0201 0300 0102 0102 0203 0402 0403 0300 0102 0302 0201 0401 0002 0402 0401 0402 0101 0202 0403 0103 0404 0302 0101 0002 0201 0102 0402 0201 0401 0401
189 , 0202 0203 0404 0204 0304 0201 0201 0404 0202 0302 0201 0304 0102 0102 0203 0002 0403 0304 0102 0300 0201 0401 0302 0402 0401 0401 0101 0002 0403 0103 0404 0302 0101 0402 0201 0401 0402 0202 0401 0401 0102 0203 0201 0104 0303 0201 0201 0401 0202 0303 0001 0304 0102 0204 0203 0402 0403 0304 0202 0304 0200 0402 0302 0402 0401 0402 0101 0202 0403 0103 0404 0302 0103 0400 0201 0101 0402 0201 0200 0401
190 , 0202 0203 0404 0204 0303 0201 0401 0401 0202 0303 0201 0304 0102 0002 0200 0402 0403 0304 0102 0304 0201 0401 0302 0402 0401 0401 0101 0202 0403 0103 0404 0302 0101 0402 0201 0102 0402 0201 0401 0401 0202 0203 0404 0204 0303 0201 0201 0401 0202 0303 0201 0304 0102 0102 0203 0402 0401 0304 0102 0304 0201 0201 0302 0402 0401 0401 0103 0202 0403 0103 0404 0302 0100 0402 0201 0102 0402 0201 0403 0201
191 , 0302 0003 0404 0204 0303 0401 0200 0101 0200 0303 0201 0304 0102 0101 0201 0402 0003 0304 0002 0304 0201 0401 0302 0402 0104 0401 0101 0202 0403 0201 0404 0302 0001 0400 0200 0102 0402 0401 0401 0402 0202 0203 0304 0204 0303 0203 0201 0401 0202 0303 0403 0304 0102 0102 0203 0402 0403 0304 0102 0304 0201 0400 0302 0404 0400 0101 0101 0202 0403 0103 0404 0302 0101 0402 0200 0102 0002 0001 0401 0401
192 , 0202 0003 0404 0204 0303 0201 0401 0401 0202 0303 0201 0304 0102 0102 0203 0402 0400 0304 0102 0304 0200 0401 0302 0402 0401 0401 0101 0202 0403 0103 0004 0302 0101 0402 0101 0103 0402 0001 0401 0401 0400 0203 0401 0200 0303 0201 0201 0401 0202 0203 0201 0004 0002 0300 0203 0002 0103 0304 0002 0304 0201 0403 0202 0402 0401 0401 0101 0202 0403 0100 0404 0302 0101 0402 0201 0102 0302 0200 0401 0201
193 , 0202 0203 0404 0000 0300 0401 0201 0401 0201 0303 0201 0304 0102 0101 0201 0402 0403 0304 0102 0304 0001 0401 0302 0402 0401 0401 0101 0202 0403 0203 0404 0302 0101 0402 0201 0102 0402 0401 0401 0401 0202 0201 0404 0202 0303 0201 0201 0401 0202 0303 0201 0304 0102 0102 0204 0402 0003 0304 0102 0304 0000 0001 0302 0302 0401 0401 0101 0202 0400 0103 0404 0302 0101 0402 0200 0102 0402 0201 0403 0402
194 , 0202 0303 0404 0204 0303 0201 0201 0401 0202 0303 0401 0300 0102 0102 0003 0402 0403 0304 0100 0304 0201 0401 0302 0402 0401 0401 0101 0202 0403 0103 0404 0302 0101 0402 0201 0102 0402 0201 0301 0401 0202 0203 0404 0004 0303 0201 0400 0401 0202 0303 0201 0304 0102 0102 0203 0402 0403 0004 0100 0304 0101 0401 0302 0004 0401 0401 0101 0202 0403 0103 0404 0302 0201 0402 0201 0102 0402 0201 0401 0401
195 , 0202 0203 0404 0004 0303 0201 0201 0401 0202 0303 0201 0304 0102 0102 0203 0402 0403 0304 0102 0304 0201 0403 0302 0102 0301 0401 0101 0200 0403 0103 0404 0302 0101 0402 0001 0102 0402 0200 0400 0301 0402 0103 0404 0204 0303 0201 0001 0401 0202 0303 0201 0304 0102 0102 0203 0402 0403 0304 0202 0304 0001 0401 0302 0404 0401 0401 0101 0202 0403 0103 0404 0302 0101 0402 0401 0102 0402 0201 0401 0401
196 , 0202 0201 0404 0204 0303 0201 0201 0401 0202 0303 0201 0304 0102 0102 0203 0400 0003 0304 0102 0304 0201 0404 0302 0402 0401 0404 0104 0204 0403 0103 0404 0302 0101 0402 0201 0102 0402 0201 0201 0402 0202 0203 0404 0204 0003 0201 0201 0401 0202 0304 0201 0304 0102 0102 0203 0403 0403 0304 0400 0404 0201 0402 0302 0402 0401 0401 0101 0002 0403 0103 0404 0302 0101 0402 0201 0402 0402 0201 0401 0401
197 , 0202 0201 0404 0204 0303 0201 0201 0401 0200 0303 0201 0304 0102 0002 0203 0402 0403 0304 0102 0304 0201 0404 0302 0402 0401 0400 0104 0204 0403 0103 0400 0302 0101 0402 0200 0402 0402 0201 0201 0402 0202 0201 0404 0200 0303 0201 0201 0401 0202 0303 0201 0304 0102 0102 0204 0402 0403 0304 0102 0304 0001 0400 0302 0302 0401 0401 0101 0202 0103 0103 0404 0302 0101 0402 0203 0102 0402 0201 0403 0002
198 , 0202 0203 0204 0204 0303 0201 0201 0404 0002 0303 0201 0304 0102 0102 0203 0402 0403 0304 0102 0304 0202 0401 0302 0402 0401 0403 0401 0202 0403 0103 0404 0302 0201 0402 0201 0402 0404 0201 0401 0401 0202 0203 0404 0104 0303 0203 0201 0401 0202 0403 0201 0304 0102 0102 0203 0402 0400 0204 0102 0004 0201 0401 0302 0402 0401 0401 0104 0202 0403 0103 0404 0302 0101 0401 0201 0102 0402 0201 0401 0401
199 , 0202 0203 0404 0104 0303 0400 0203 0401 0204 0303 0200 0304 0102 0101 0201 0404 0403 0304 0102 0304 0201 0401 0202 0402 0200 0401 0101 0202 0403 0103 0404 0302 0101 0402 0201 0402 0404 0404 0401 0401 0202 0203 0404 0204 0303 0201 0201 0401 0202 0003 0201 0304 0102 0102 0203 0002 0403 0304 0102 0301 0201 0401 0302 0402 0401 0401 0101 0003 0403 0103 0004 0302 0101 0402 0201 0302 0402 0201 0002 0401
200 , 0202 0203 0404 0404 0303 0201 0200 0301 0202 0303 0201 0304 0102 0102 0003 0402 0402 0004 0002 0000 0201 0401 0302 0402 0401 0401 0101 0202 0403 0103 0404 0304 0101 0402 0201 0102 0401 0201 0401 0401 0202 0201 0400 0200 0303 0201 0201 0401 0202 0303 0201 0304 0102 0102 0203 0402 0403 0304 0102 0304 0201 0401 0302 0402 0401 0101 0101 0202 0403 0103 0004 0202 0101 0402 0201 0102 0102 0201 0401 0401