Generated genotype output
1
2
3
4
5
6
7
8
9
10
11
12
13
14
15
16
17
18
19
20
21
22
23
24
25
26
27
28
29
30
31
32
33
34
35
36
37
38
39
40
Pop
1 , 0404 0204 0303 0304 0104 0203 0101 0101 0301 0404 0301 0102 0104 0202 0302 0104 0303 0103 0104 0203 0204 0301 0304 0303 0204 0101 0101 0303 0304 0201 0101 0103 0202 0202 0202 0301 0101 0404
2 , 0403 0204 0303 0204 0104 0204 0104 0101 0301 0404 0201 0102 0403 0202 0302 0304 0301 0303 0104 0403 0203 0302 0103 0303 0204 0101 0103 0303 0304 0302 0201 0103 0202 0203 0203 0203 0104 0401
3 , 0404 0204 0303 0304 0104 0203 0101 0101 0301 0404 0301 0102 0104 0202 0302 0204 0303 0103 0104 0403 0201 0101 0303 0304 0204 0401 0103 0301 0104 0303 0201 0303 0202 0204 0102 0301 0101 0402
4 , 0403 0204 0303 0204 0104 0204 0104 0101 0301 0404 0201 0102 0103 0202 0302 0301 0301 0303 0104 0402 0201 0301 0303 0304 0404 0301 0103 0301 0104 0303 0201 0303 0202 0204 0103 0301 0401 0302
5 , 0403 0204 0303 0204 0104 0204 0104 0101 0301 0404 0201 0102 0103 0202 0302 0304 0301 0303 0104 0403 0201 0302 0303 0303 0204 0101 0104 0303 0304 0301 0401 0103 0302 0202 0203 0201 0104 0401
6 , 0404 0204 0303 0204 0104 0204 0104 0101 0301 0404 0201 0102 0103 0202 0302 0301 0301 0303 0104 0403 0201 0302 0303 0303 0204 0101 0104 0303 0304 0301 0401 0103 0202 0202 0203 0201 0104 0401
7 , 0403 0104 0303 0204 0104 0204 0101 0101 0301 0404 0204 0102 0103 0202 0302 0304 0301 0303 0304 0403 0201 0302 0303 0303 0204 0101 0104 0303 0304 0301 0401 0103 0202 0202 0203 0201 0104 0401
8 , 0203 0204 0301 0304 0303 0204 0101 0101 0303 0304 0201 0101 0103 0202 0202 0203 0301 0103 0404 0403 0204 0303 0204 0104 0204 0101 0101 0301 0404 0201 0102 0103 0202 0302 0304 0301 0303 0404
9 , 0403 0204 0303 0204 0104 0204 0101 0101 0301 0404 0201 0102 0103 0202 0302 0304 0301 0303 0104 0403 0204 0303 0204 0104 0204 0104 0101 0301 0404 0201 0102 0103 0202 0302 0304 0301 0303 0104
10 , 0403 0204 0303 0204 0104 0204 0104 0101 0301 0404 0201 0102 0103 0202 0302 0304 0301 0303 0104 0403 0204 0303 0204 0104 0204 0101 0101 0301 0404 0201 0102 0103 0202 0302 0304 0301 0303 0104
11 , 0403 0104 0303 0204 0104 0204 0101 0101 0301 0404 0204 0102 0103 0202 0302 0304 0301 0303 0303 0403 0204 0303 0204 0104 0204 0104 0101 0301 0404 0201 0102 0103 0202 0302 0304 0301 0303 0104
12 , 0403 0104 0301 0304 0302 0204 0101 0104 0301 0404 0201 0101 0103 0202 0202 0203 0301 0101 0204 0203 0204 0301 0304 0303 0204 0101 0101 0303 0304 0201 0101 0103 0202 0202 0203 0301 0101 0404
13 , 0403 0204 0303 0204 0104 0204 0101 0101 0301 0404 0201 0102 0103 0202 0302 0304 0301 0303 0104 0403 0204 0303 0204 0104 0204 0104 0101 0301 0404 0201 0102 0103 0202 0302 0304 0301 0303 0104
14 , 0404 0204 0303 0304 0104 0203 0101 0301 0301 0404 0301 0102 0104 0202 0302 0204 0303 0103 0104 0403 0201 0302 0303 0303 0204 0101 0104 0303 0304 0301 0401 0103 0302 0202 0203 0201 0104 0401
15 , 0203 0204 0301 0304 0303 0204 0101 0101 0303 0304 0201 0101 0103 0202 0202 0203 0403 0101 0404 0403 0204 0303 0204 0104 0204 0101 0101 0301 0404 0201 0102 0103 0202 0302 0304 0301 0303 0104
16 , 0404 0204 0303 0304 0104 0203 0101 0101 0301 0404 0303 0102 0104 0202 0302 0204 0303 0103 0104 0203 0204 0301 0304 0303 0204 0101 0101 0303 0304 0201 0101 0103 0202 0202 0203 0301 0103 0404
17 , 0203 0204 0301 0304 0303 0204 0101 0101 0303 0304 0201 0101 0103 0202 0202 0203 0301 0101 0404 0403 0204 0303 0204 0104 0204 0101 0101 0301 0404 0201 0102 0103 0202 0302 0304 0301 0303 0104
18 , 0203 0204 0301 0304 0303 0104 0101 0101 0303 0304 0201 0101 0103 0202 0202 0202 0301 0101 0404 0403 0201 0302 0303 0303 0204 0101 0104 0303 0304 0301 0401 0103 0302 0202 0203 0201 0104 0401
19 , 0404 0204 0303 0304 0304 0203 0101 0101 0301 0404 0301 0102 0104 0202 0302 0204 0303 0103 0104 0403 0204 0303 0204 0104 0204 0104 0101 0301 0404 0201 0102 0103 0202 0302 0304 0301 0303 0104
20 , 0403 0104 0301 0304 0302 0204 0101 0104 0301 0404 0201 0101 0103 0202 0202 0203 0301 0101 0204 0404 0204 0303 0304 0104 0203 0101 0101 0301 0404 0303 0102 0104 0202 0302 0204 0303 0103 0104
21 , 0403 0204 0303 0204 0104 0204 0104 0101 0301 0404 0201 0102 0103 0202 0302 0304 0301 0303 0104 0403 0204 0303 0204 0104 0204 0101 0101 0301 0404 0201 0102 0103 0202 0302 0304 0301 0303 0104
22 , 0403 0204 0303 0204 0104 0204 0104 0101 0301 0404 0201 0102 0103 0202 0302 0304 0301 0303 0104 0404 0204 0303 0304 0104 0203 0101 0101 0301 0404 0303 0102 0104 0202 0302 0204 0303 0103 0104
23 , 0203 0204 0302 0304 0303 0204 0101 0101 0303 0304 0201 0101 0103 0202 0202 0203 0301 0101 0404 0404 0204 0303 0304 0104 0203 0101 0301 0301 0404 0301 0102 0104 0202 0302 0204 0303 0103 0104
24 , 0403 0104 0303 0204 0104 0204 0101 0101 0401 0404 0204 0102 0103 0202 0302 0304 0101 0303 0303 0404 0204 0303 0304 0104 0203 0101 0101 0301 0404 0301 0102 0104 0202 0302 0204 0303 0103 0104
25 , 0404 0204 0303 0304 0104 0203 0101 0101 0301 0404 0301 0102 0104 0202 0302 0204 0303 0103 0104 0404 0204 0303 0304 0104 0203 0101 0101 0301 0404 0301 0102 0104 0202 0302 0104 0303 0103 0104
26 , 0403 0201 0302 0303 0303 0204 0101 0104 0303 0304 0301 0401 0103 0202 0202 0203 0201 0104 0401 0403 0201 0101 0303 0304 0204 0401 0103 0301 0104 0303 0201 0303 0202 0204 0102 0301 0201 0402
27 , 0402 0201 0301 0303 0304 0404 0301 0103 0301 0104 0303 0201 0303 0202 0204 0103 0301 0401 0302 0403 0204 0303 0204 0104 0204 0101 0101 0301 0404 0201 0102 0103 0202 0302 0304 0301 0303 0104
28 , 0403 0204 0303 0204 0104 0204 0101 0101 0301 0404 0201 0102 0103 0202 0302 0304 0301 0303 0104 0403 0204 0303 0204 0104 0204 0101 0101 0301 0404 0201 0102 0103 0202 0302 0304 0301 0303 0104
29 , 0404 0204 0303 0304 0104 0203 0101 0101 0301 0404 0301 0102 0104 0202 0302 0204 0303 0103 0104 0403 0201 0302 0303 0303 0204 0101 0104 0303 0304 0301 0401 0103 0202 0202 0203 0201 0104 0401
30 , 0403 0104 0301 0304 0302 0204 0101 0104 0301 0404 0201 0101 0103 0202 0202 0203 0301 0101 0204 0403 0204 0303 0204 0104 0204 0101 0101 0301 0404 0201 0102 0103 0202 0302 0304 0301 0303 0104
31 , 0404 0204 0303 0304 0104 0203 0101 0301 0301 0404 0301 0102 0104 0202 0302 0204 0303 0103 0104 0403 0204 0103 0204 0104 0204 0104 0101 0301 0404 0201 0102 0103 0202 0303 0304 0301 0303 0104
32 , 0403 0204 0303 0204 0104 0204 0101 0101 0301 0404 0201 0102 0103 0202 0302 0304 0301 0303 0104 0402 0201 0301 0303 0304 0404 0301 0103 0301 0104 0303 0201 0303 0202 0204 0103 0301 0401 0302
33 , 0403 0204 0303 0204 0104 0204 0104 0101 0301 0404 0201 0102 0103 0202 0302 0304 0301 0303 0104 0403 0203 0302 0103 0303 0204 0101 0103 0303 0304 0302 0201 0103 0202 0203 0203 0203 0104 0401
34 , 0203 0204 0301 0304 0303 0204 0101 0101 0303 0304 0201 0101 0103 0202 0202 0203 0301 0101 0404 0403 0204 0303 0204 0104 0204 0104 0101 0301 0404 0201 0102 0103 0202 0302 0304 0301 0303 0104
35 , 0403 0201 0302 0303 0303 0204 0101 0103 0303 0304 0101 0401 0103 0202 0202 0203 0201 0104 0401 0403 0201 0302 0303 0303 0204 0101 0104 0303 0304 0301 0401 0103 0302 0202 0203 0201 0104 0401
36 , 0403 0104 0301 0304 0302 0204 0101 0104 0301 0404 0201 0101 0103 0202 0202 0203 0301 0101 0204 0404 0204 0303 0304 0104 0203 0101 0301 0301 0404 0301 0102 0104 0202 0302 0204 0303 0103 0104
37 , 0403 0204 0303 0204 0104 0204 0101 0101 0301 0404 0201 0102 0103 0202 0302 0304 0301 0303 0104 0403 0204 0303 0204 0104 0204 0101 0101 0301 0404 0201 0102 0103 0202 0302 0304 0301 0303 0104
38 , 0403 0204 0303 0204 0104 0204 0104 0101 0301 0404 0201 0102 0103 0202 0302 0304 0301 0303 0104 0404 0204 0303 0304 0104 0203 0102 0401 0301 0104 0301 0102 0104 0302 0302 0204 0303 0103 0104
39 , 0403 0203 0302 0103 0303 0204 0101 0103 0303 0304 0302 0201 0103 0202 0203 0203 0203 0104 0401 0404 0204 0303 0304 0304 0203 0101 0101 0301 0404 0301 0102 0104 0202 0302 0204 0303 0103 0104
40 , 0403 0201 0302 0303 0303 0204 0101 0104 0303 0304 0301 0401 0103 0302 0202 0203 0201 0104 0401 0403 0104 0303 0204 0104 0204 0101 0101 0301 0404 0204 0102 0103 0202 0302 0304 0301 0303 0303
41 , 0404 0204 0303 0304 0104 0203 0101 0101 0301 0404 0301 0102 0104 0202 0302 0204 0303 0103 0104 0402 0201 0301 0303 0304 0404 0301 0103 0301 0104 0303 0201 0303 0202 0204 0103 0301 0401 0302
42 , 0403 0104 0303 0204 0104 0204 0101 0101 0301 0404 0204 0102 0103 0202 0302 0304 0301 0303 0303 0403 0201 0302 0303 0303 0204 0101 0104 0303 0304 0301 0401 0103 0302 0202 0203 0201 0104 0401
43 , 0404 0204 0303 0304 0104 0203 0101 0101 0301 0404 0301 0102 0104 0202 0302 0104 0303 0103 0104 0403 0201 0101 0303 0304 0204 0401 0103 0301 0104 0303 0201 0303 0202 0204 0103 0301 0201 0302
44 , 0403 0201 0101 0303 0304 0204 0401 0103 0301 0104 0303 0201 0303 0202 0204 0103 0301 0201 0302 0403 0204 0303 0204 0104 0204 0104 0101 0301 0404 0201 0102 0103 0202 0302 0304 0301 0303 0104
45 , 0203 0204 0302 0304 0303 0204 0101 0101 0303 0304 0201 0101 0103 0202 0202 0203 0301 0101 0404 0403 0204 0303 0204 0104 0204 0101 0101 0301 0404 0201 0102 0103 0202 0302 0304 0301 0303 0104
46 , 0404 0204 0303 0204 0104 0204 0104 0101 0301 0404 0201 0102 0103 0202 0302 0301 0301 0303 0104 0403 0204 0303 0204 0104 0204 0104 0101 0301 0404 0201 0102 0103 0202 0302 0304 0301 0303 0104
47 , 0404 0204 0303 0304 0104 0203 0101 0301 0301 0404 0301 0102 0104 0202 0302 0204 0303 0103 0104 0402 0201 0301 0303 0304 0404 0301 0103 0301 0104 0303 0201 0303 0202 0204 0103 0301 0401 0302
48 , 0403 0204 0303 0204 0104 0204 0104 0101 0301 0404 0201 0102 0103 0202 0302 0304 0301 0303 0104 0403 0204 0303 0204 0104 0204 0101 0101 0301 0404 0201 0102 0103 0202 0302 0304 0301 0303 0104
49 , 0403 0104 0303 0204 0104 0204 0101 0101 0301 0404 0204 0102 0103 0202 0302 0304 0301 0303 0304 0403 0201 0302 0303 0303 0204 0101 0103 0303 0304 0101 0401 0103 0202 0202 0203 0201 0104 0401
50 , 0403 0204 0103 0204 0104 0204 0104 0101 0301 0404 0201 0102 0103 0202 0303 0304 0301 0303 0104 0403 0204 0303 0304 0104 0203 0101 0101 0401 0404 0301 0102 0104 0202 0302 0304 0301 0103 0104
51 , 0403 0104 0303 0204 0104 0204 0101 0101 0301 0404 0204 0102 0103 0202 0302 0304 0301 0303 0303 0403 0104 0303 0204 0104 0204 0101 0101 0301 0404 0204 0102 0103 0202 0302 0304 0301 0303 0303
52 , 0403 0204 0303 0204 0104 0204 0101 0101 0301 0404 0201 0102 0103 0202 0302 0304 0301 0303 0104 0403 0201 0302 0303 0303 0204 0101 0104 0303 0304 0301 0401 0203 0202 0202 0203 0201 0104 0401
53 , 0403 0204 0303 0204 0104 0204 0101 0101 0301 0404 0203 0102 0103 0202 0302 0304 0301 0303 0304 0403 0204 0303 0204 0104 0204 0101 0101 0301 0404 0201 0102 0103 0202 0302 0304 0301 0303 0104
54 , 0403 0201 0302 0303 0303 0204 0101 0104 0303 0304 0301 0401 0203 0202 0202 0203 0201 0104 0401 0403 0204 0303 0204 0104 0204 0104 0101 0301 0404 0201 0102 0103 0202 0302 0304 0301 0303 0104
55 , 0403 0201 0302 0303 0303 0204 0101 0104 0303 0304 0301 0401 0203 0202 0202 0203 0201 0104 0401 0403 0204 0303 0204 0104 0204 0101 0101 0301 0404 0201 0102 0103 0202 0302 0304 0301 0303 0104
56 , 0403 0104 0301 0304 0302 0204 0101 0104 0301 0404 0201 0101 0103 0202 0202 0203 0301 0101 0204 0403 0204 0303 0204 0104 0204 0104 0101 0301 0404 0201 0102 0103 0202 0302 0304 0301 0303 0104
57 , 0403 0201 0302 0303 0303 0204 0101 0104 0303 0304 0301 0401 0103 0202 0202 0203 0201 0104 0401 0403 0204 0303 0204 0104 0204 0101 0101 0301 0404 0203 0102 0103 0202 0302 0304 0301 0303 0304
58 , 0404 0204 0303 0304 0104 0203 0101 0101 0301 0404 0301 0302 0104 0202 0302 0204 0303 0103 0104 0403 0204 0103 0204 0104 0204 0104 0101 0301 0404 0201 0102 0103 0202 0303 0304 0301 0303 0104
59 , 0403 0204 0303 0304 0104 0203 0101 0101 0401 0403 0301 0102 0104 0202 0302 0304 0301 0103 0104 0403 0104 0301 0304 0302 0204 0101 0104 0301 0404 0201 0101 0103 0202 0202 0203 0301 0101 0204
60 , 0403 0201 0302 0303 0303 0204 0101 0104 0303 0304 0301 0401 0103 0202 0202 0203 0201 0104 0401 0403 0104 0303 0204 0104 0204 0101 0101 0301 0404 0204 0102 0103 0202 0302 0304 0301 0303 0303
61 , 0403 0104 0303 0204 0104 0204 0101 0101 0401 0404 0204 0102 0103 0202 0302 0304 0101 0303 0303 0404 0204 0303 0304 0104 0203 0101 0101 0301 0404 0301 0102 0104 0202 0302 0204 0303 0103 0104
62 , 0203 0204 0301 0304 0303 0204 0101 0101 0303 0304 0201 0101 0103 0202 0202 0202 0301 0101 0404 0403 0201 0302 0303 0303 0204 0101 0204 0303 0304 0301 0401 0103 0302 0202 0203 0201 0104 0401
63 , 0403 0204 0303 0204 0104 0204 0101 0201 0301 0404 0201 0102 0103 0202 0302 0304 0301 0303 0104 0404 0204 0303 0304 0104 0203 0101 0301 0301 0404 0301 0102 0104 0202 0302 0204 0303 0103 0104
64 , 0403 0201 0302 0303 0303 0204 0101 0104 0303 0304 0301 0401 0103 0202 0202 0203 0201 0104 0401 0404 0204 0303 0304 0104 0203 0101 0301 0301 0404 0301 0102 0104 0202 0302 0204 0303 0103 0104
65 , 0403 0204 0303 0204 0104 0204 0104 0101 0301 0404 0201 0102 0103 0202 0302 0304 0301 0303 0104 0403 0204 0303 0204 0104 0204 0104 0101 0301 0404 0201 0102 0103 0202 0302 0304 0301 0303 0104
66 , 0403 0204 0303 0204 0104 0204 0104 0101 0301 0404 0201 0102 0103 0202 0302 0304 0301 0303 0104 0404 0204 0303 0304 0104 0203 0101 0301 0301 0404 0301 0102 0104 0202 0302 0204 0303 0103 0104
67 , 0404 0204 0303 0304 0104 0203 0101 0301 0301 0404 0301 0102 0104 0202 0302 0204 0303 0103 0104 0403 0204 0303 0204 0104 0204 0104 0101 0301 0404 0201 0102 0103 0202 0302 0304 0301 0303 0104
68 , 0404 0204 0303 0304 0104 0203 0101 0101 0301 0404 0301 0102 0104 0202 0302 0104 0303 0103 0104 0403 0204 0303 0304 0104 0203 0101 0101 0401 0404 0301 0102 0104 0202 0302 0304 0301 0103 0104
69 , 0403 0104 0301 0304 0302 0204 0101 0104 0301 0404 0201 0101 0103 0202 0202 0203 0301 0101 0204 0404 0204 0303 0304 0104 0203 0101 0101 0304 0404 0301 0102 0104 0202 0302 0204 0303 0103 0104
70 , 0403 0204 0303 0204 0104 0204 0104 0101 0301 0404 0201 0102 0103 0202 0302 0304 0301 0303 0104 0203 0204 0301 0304 0303 0204 0101 0101 0303 0304 0201 0101 0103 0202 0202 0203 0301 0101 0404
71 , 0403 0104 0301 0304 0302 0204 0101 0104 0301 0404 0201 0101 0103 0202 0202 0203 0301 0101 0204 0403 0104 0301 0304 0302 0204 0101 0104 0301 0404 0201 0101 0103 0202 0202 0203 0301 0101 0204
72 , 0403 0204 0303 0204 0104 0204 0101 0101 0301 0404 0201 0102 0103 0202 0302 0304 0301 0303 0104 0402 0201 0301 0303 0304 0404 0301 0103 0301 0104 0303 0201 0303 0202 0204 0103 0301 0401 0302
73 , 0403 0204 0303 0204 0104 0204 0101 0101 0301 0404 0201 0102 0103 0202 0302 0304 0301 0303 0104 0403 0201 0302 0303 0303 0204 0101 0104 0303 0304 0301 0401 0103 0202 0202 0203 0201 0104 0401
74 , 0404 0204 0303 0304 0104 0203 0101 0101 0301 0404 0301 0102 0104 0202 0302 0204 0303 0103 0104 0403 0204 0303 0204 0104 0204 0104 0101 0301 0404 0201 0102 0103 0202 0302 0304 0301 0303 0104
75 , 0404 0204 0303 0304 0304 0203 0101 0101 0301 0404 0301 0102 0104 0202 0302 0204 0303 0103 0103 0203 0204 0301 0304 0303 0204 0101 0101 0303 0304 0201 0101 0103 0202 0202 0203 0301 0101 0404
76 , 0203 0204 0301 0304 0303 0204 0101 0101 0303 0304 0201 0101 0103 0202 0202 0203 0301 0103 0404 0403 0104 0303 0204 0104 0204 0101 0101 0301 0404 0204 0102 0103 0202 0302 0304 0301 0303 0303
77 , 0403 0201 0101 0303 0304 0204 0401 0103 0301 0104 0303 0201 0303 0202 0204 0103 0301 0201 0302 0403 0201 0302 0303 0303 0204 0101 0104 0303 0304 0301 0401 0103 0302 0202 0203 0201 0104 0401
78 , 0404 0204 0303 0304 0104 0203 0101 0101 0301 0404 0301 0102 0104 0203 0302 0204 0303 0103 0104 0403 0201 0302 0303 0303 0204 0101 0104 0303 0304 0301 0401 0203 0202 0202 0203 0201 0104 0401
79 , 0403 0204 0103 0204 0104 0204 0104 0101 0301 0404 0201 0102 0103 0202 0303 0304 0301 0303 0104 0403 0204 0303 0204 0104 0204 0101 0101 0301 0404 0201 0102 0103 0202 0302 0304 0301 0303 0104
80 , 0403 0204 0303 0204 0104 0204 0104 0101 0301 0404 0201 0102 0103 0202 0302 0301 0301 0303 0104 0402 0201 0301 0303 0304 0404 0301 0103 0301 0104 0303 0201 0303 0202 0204 0103 0301 0401 0302
81 , 0403 0204 0103 0204 0104 0204 0104 0101 0301 0404 0201 0102 0103 0202 0303 0304 0301 0303 0104 0403 0201 0302 0303 0303 0204 0101 0104 0303 0304 0301 0401 0103 0302 0202 0203 0201 0104 0401
82 , 0403 0201 0302 0303 0303 0204 0101 0104 0303 0304 0301 0401 0103 0302 0202 0203 0201 0104 0401 0404 0204 0303 0304 0104 0203 0101 0101 0301 0404 0301 0102 0104 0202 0302 0204 0303 0103 0104
83 , 0404 0204 0303 0304 0104 0203 0101 0101 0301 0404 0301 0102 0104 0202 0302 0204 0303 0103 0104 0403 0204 0303 0204 0104 0204 0104 0101 0301 0404 0201 0102 0103 0202 0302 0304 0301 0303 0104
84 , 0403 0201 0302 0303 0303 0204 0101 0103 0303 0304 0101 0401 0103 0202 0202 0203 0201 0104 0401 0403 0104 0303 0204 0104 0204 0101 0101 0301 0404 0204 0102 0103 0202 0302 0304 0301 0303 0304
85 , 0403 0204 0303 0204 0104 0204 0101 0101 0301 0404 0201 0102 0103 0202 0302 0304 0301 0303 0104 0403 0203 0302 0103 0303 0204 0101 0103 0303 0304 0302 0201 0103 0202 0203 0203 0203 0104 0401
86 , 0403 0104 0303 0201 0104 0204 0101 0101 0301 0404 0204 0102 0103 0202 0302 0304 0301 0303 0304 0404 0204 0303 0304 0104 0203 0101 0101 0301 0404 0303 0102 0104 0202 0302 0204 0303 0103 0104
87 , 0404 0204 0303 0304 0104 0203 0101 0101 0301 0404 0303 0102 0104 0202 0302 0204 0303 0103 0104 0403 0201 0101 0303 0304 0204 0201 0103 0301 0104 0303 0201 0303 0202 0204 0103 0301 0201 0302
88 , 0404 0204 0303 0304 0104 0203 0101 0101 0301 0404 0301 0102 0104 0202 0302 0204 0303 0103 0104 0403 0204 0303 0204 0104 0204 0101 0101 0301 0404 0201 0102 0103 0202 0302 0304 0301 0303 0104
89 , 0403 0204 0303 0204 0104 0204 0104 0101 0301 0404 0201 0102 0103 0202 0302 0304 0301 0303 0104 0404 0204 0303 0304 0104 0203 0101 0101 0301 0404 0301 0102 0104 0202 0302 0204 0303 0103 0104
90 , 0203 0204 0301 0304 0303 0204 0101 0101 0303 0304 0201 0101 0103 0202 0202 0203 0301 0101 0404 0404 0204 0303 0304 0104 0203 0101 0301 0301 0404 0301 0102 0104 0202 0302 0204 0303 0103 0104
91 , 0403 0104 0303 0201 0104 0204 0101 0101 0301 0404 0204 0102 0103 0202 0302 0304 0301 0303 0304 0404 0204 0303 0304 0104 0203 0101 0301 0301 0404 0301 0102 0104 0202 0302 0204 0303 0103 0104
92 , 0403 0204 0303 0204 0104 0204 0104 0101 0301 0404 0201 0102 0103 0202 0302 0304 0301 0303 0104 0403 0201 0302 0303 0303 0204 0101 0104 0303 0304 0301 0401 0103 0302 0202 0203 0201 0104 0401
93 , 0403 0204 0103 0204 0104 0204 0104 0101 0301 0404 0201 0102 0103 0202 0303 0304 0301 0303 0104 0403 0201 0302 0303 0303 0204 0101 0104 0303 0304 0301 0401 0103 0202 0202 0203 0201 0104 0401
94 , 0403 0201 0302 0303 0303 0204 0101 0104 0303 0304 0301 0401 0103 0202 0202 0203 0201 0104 0401 0403 0104 0301 0304 0302 0204 0101 0104 0301 0404 0201 0101 0103 0202 0202 0203 0301 0101 0204
95 , 0403 0204 0103 0204 0104 0204 0104 0101 0301 0404 0201 0102 0103 0202 0303 0304 0301 0303 0104 0403 0204 0303 0204 0104 0204 0104 0101 0301 0404 0201 0102 0103 0202 0302 0304 0301 0303 0104
96 , 0403 0204 0303 0204 0104 0204 0104 0101 0301 0404 0201 0102 0103 0202 0302 0304 0301 0303 0104 0404 0204 0303 0304 0104 0203 0101 0101 0301 0404 0301 0102 0104 0202 0302 0204 0303 0103 0104
97 , 0404 0204 0303 0304 0104 0203 0101 0101 0301 0404 0301 0102 0104 0202 0302 0204 0303 0103 0104 0403 0201 0302 0303 0303 0204 0101 0104 0303 0304 0301 0401 0103 0302 0202 0203 0201 0104 0401
98 , 0404 0204 0303 0304 0104 0203 0101 0101 0304 0404 0301 0102 0104 0202 0302 0204 0303 0103 0104 0403 0204 0303 0204 0104 0204 0104 0101 0301 0404 0201 0102 0103 0202 0302 0301 0301 0303 0104
99 , 0403 0201 0302 0303 0303 0204 0101 0104 0303 0304 0301 0401 0103 0202 0202 0203 0201 0104 0401 0404 0204 0303 0304 0104 0203 0101 0101 0301 0404 0301 0102 0104 0202 0302 0204 0303 0103 0104
100 , 0404 0204 0303 0304 0104 0203 0101 0101 0301 0404 0301 0102 0104 0202 0302 0204 0303 0103 0104 0403 0204 0303 0204 0104 0204 0101 0101 0301 0404 0201 0102 0103 0202 0302 0304 0301 0303 0104
101 , 0404 0204 0303 0304 0104 0203 0101 0101 0301 0404 0301 0102 0104 0202 0302 0204 0303 0103 0104 0403 0201 0302 0303 0303 0204 0101 0104 0303 0304 0301 0401 0203 0202 0202 0203 0201 0104 0401
102 , 0403 0204 0303 0204 0104 0204 0104 0101 0301 0404 0201 0102 0103 0202 0302 0304 0301 0303 0104 0203 0204 0301 0304 0303 0204 0101 0101 0303 0304 0201 0101 0103 0202 0202 0203 0301 0103 0404
103 , 0404 0204 0303 0304 0104 0203 0101 0301 0301 0404 0301 0102 0104 0202 0302 0204 0303 0103 0104 0404 0204 0303 0304 0104 0203 0101 0101 0301 0404 0303 0102 0104 0202 0302 0204 0303 0103 0104
104 , 0404 0204 0303 0204 0104 0204 0104 0101 0301 0404 0201 0102 0103 0202 0302 0301 0301 0303 0104 0404 0204 0303 0304 0104 0203 0101 0301 0301 0404 0301 0102 0104 0202 0302 0204 0303 0103 0104
105 , 0403 0204 0303 0204 0104 0204 0101 0101 0301 0404 0201 0102 0103 0202 0302 0304 0301 0303 0104 0401 0104 0303 0204 0104 0204 0101 0101 0301 0404 0204 0102 0103 0102 0302 0304 0301 0303 0303
106 , 0404 0204 0303 0304 0104 0203 0101 0101 0301 0404 0301 0102 0104 0202 0302 0204 0303 0103 0104 0403 0104 0301 0304 0302 0204 0101 0104 0301 0404 0201 0101 0103 0202 0202 0203 0301 0101 0204
107 , 0403 0204 0303 0204 0104 0204 0101 0101 0301 0404 0201 0102 0103 0202 0302 0304 0301 0303 0104 0403 0104 0301 0304 0302 0204 0101 0104 0301 0404 0201 0101 0103 0202 0202 0203 0301 0101 0204
108 , 0404 0204 0303 0304 0104 0203 0101 0101 0301 0404 0301 0102 0104 0202 0302 0204 0303 0103 0104 0403 0104 0303 0204 0104 0204 0101 0101 0401 0404 0204 0102 0103 0202 0302 0304 0101 0303 0303
109 , 0403 0204 0103 0204 0104 0204 0104 0101 0301 0404 0201 0102 0103 0202 0303 0304 0301 0303 0104 0402 0201 0301 0303 0304 0404 0301 0103 0301 0104 0303 0201 0303 0202 0204 0103 0301 0401 0302
110 , 0403 0201 0101 0303 0304 0204 0401 0103 0301 0104 0303 0201 0303 0202 0204 0102 0301 0201 0402 0403 0204 0303 0204 0104 0204 0104 0101 0301 0404 0201 0102 0103 0202 0302 0301 0301 0303 0104
111 , 0404 0204 0303 0304 0101 0203 0101 0101 0301 0404 0301 0102 0104 0202 0302 0204 0303 0103 0104 0403 0204 0303 0204 0104 0204 0104 0101 0301 0404 0201 0102 0103 0202 0302 0301 0301 0303 0104
112 , 0403 0201 0302 0303 0303 0204 0101 0104 0303 0304 0301 0401 0203 0202 0202 0203 0201 0104 0401 0404 0204 0303 0304 0104 0203 0101 0301 0301 0404 0301 0102 0104 0202 0302 0204 0303 0103 0104
113 , 0402 0201 0301 0303 0304 0404 0301 0103 0301 0104 0303 0201 0303 0202 0204 0103 0301 0401 0302 0203 0204 0301 0304 0303 0204 0101 0101 0303 0304 0201 0101 0103 0202 0202 0203 0301 0101 0404
114 , 0403 0204 0303 0204 0104 0204 0101 0101 0301 0404 0201 0102 0103 0202 0302 0304 0301 0303 0104 0403 0204 0303 0204 0104 0204 0104 0101 0301 0404 0201 0102 0103 0202 0302 0304 0301 0303 0104
115 , 0404 0204 0303 0304 0104 0203 0101 0101 0301 0404 0301 0102 0104 0202 0302 0204 0303 0103 0104 0403 0201 0302 0303 0303 0204 0101 0104 0303 0304 0301 0401 0103 0302 0202 0203 0201 0104 0401
116 , 0403 0101 0302 0303 0303 0204 0101 0104 0303 0304 0301 0401 0103 0202 0202 0203 0201 0104 0401 0404 0204 0303 0304 0104 0203 0101 0101 0301 0404 0301 0102 0104 0202 0302 0204 0303 0103 0104
117 , 0402 0201 0301 0303 0304 0404 0301 0103 0301 0104 0303 0201 0303 0202 0204 0103 0301 0401 0302 0403 0201 0302 0303 0303 0204 0101 0204 0303 0304 0301 0401 0103 0302 0202 0203 0201 0104 0401
118 , 0403 0204 0303 0204 0104 0204 0104 0101 0301 0404 0201 0102 0103 0202 0302 0304 0301 0303 0404 0404 0204 0303 0304 0104 0203 0101 0101 0301 0404 0301 0102 0104 0202 0302 0204 0303 0103 0104
119 , 0403 0201 0302 0303 0303 0204 0101 0104 0303 0304 0301 0401 0103 0302 0202 0203 0201 0104 0401 0403 0104 0301 0304 0302 0204 0101 0104 0301 0404 0201 0101 0103 0202 0202 0203 0301 0101 0204
120 , 0403 0104 0303 0204 0104 0204 0101 0101 0301 0404 0204 0102 0103 0202 0302 0304 0301 0303 0303 0403 0104 0301 0304 0302 0204 0101 0104 0301 0404 0201 0101 0103 0202 0202 0203 0301 0101 0204
121 , 0403 0203 0302 0103 0303 0204 0101 0103 0303 0304 0302 0201 0103 0202 0203 0203 0203 0104 0401 0403 0204 0303 0204 0104 0204 0104 0101 0301 0404 0201 0102 0103 0202 0302 0304 0301 0303 0104
122 , 0403 0104 0301 0304 0302 0204 0101 0104 0301 0404 0201 0101 0103 0202 0202 0203 0301 0101 0204 0403 0204 0303 0204 0104 0204 0101 0101 0301 0404 0201 0102 0103 0202 0302 0304 0301 0303 0104
123 , 0403 0204 0303 0204 0104 0204 0104 0101 0301 0404 0201 0102 0103 0202 0302 0304 0301 0303 0104 0403 0201 0302 0303 0303 0204 0101 0104 0303 0304 0301 0401 0103 0302 0202 0203 0201 0104 0401
124 , 0403 0204 0303 0204 0104 0204 0104 0101 0301 0404 0201 0102 0103 0202 0302 0304 0301 0303 0104 0403 0104 0303 0204 0104 0204 0101 0101 0301 0404 0204 0102 0103 0202 0302 0304 0301 0303 0303
125 , 0403 0204 0303 0204 0104 0204 0104 0101 0301 0404 0201 0102 0103 0202 0302 0304 0301 0303 0104 0403 0204 0303 0204 0104 0204 0101 0101 0301 0404 0201 0102 0103 0202 0302 0304 0301 0303 0104
126 , 0403 0104 0301 0304 0302 0204 0101 0104 0301 0404 0201 0101 0103 0202 0202 0203 0301 0101 0204 0403 0204 0303 0204 0104 0204 0104 0101 0301 0404 0201 0102 0403 0202 0302 0304 0301 0303 0104
127 , 0403 0104 0303 0204 0104 0204 0101 0101 0301 0404 0204 0102 0103 0202 0302 0304 0301 0303 0303 0404 0204 0303 0304 0104 0203 0101 0101 0301 0404 0301 0102 0104 0202 0302 0204 0303 0103 0104
128 , 0403 0204 0303 0304 0104 0203 0101 0101 0401 0403 0301 0102 0104 0202 0302 0304 0301 0103 0104 0404 0204 0303 0304 0104 0203 0101 0101 0301 0404 0301 0102 0104 0202 0302 0204 0303 0103 0104
129 , 0403 0204 0303 0204 0104 0204 0101 0101 0301 0404 0201 0102 0103 0202 0302 0304 0301 0303 0104 0403 0201 0302 0303 0303 0204 0101 0104 0303 0304 0301 0401 0103 0202 0202 0203 0201 0104 0401
130 , 0403 0204 0303 0204 0104 0204 0101 0101 0301 0404 0201 0102 0103 0202 0302 0303 0301 0303 0104 0403 0204 0303 0204 0104 0204 0101 0101 0301 0404 0203 0102 0103 0202 0302 0304 0301 0303 0304
131 , 0203 0204 0301 0304 0303 0204 0101 0101 0303 0304 0201 0101 0103 0202 0202 0203 0301 0101 0404 0404 0204 0303 0304 0104 0203 0101 0101 0301 0404 0301 0102 0104 0202 0302 0204 0303 0103 0104
132 , 0403 0201 0302 0303 0303 0204 0101 0104 0303 0304 0301 0401 0103 0302 0202 0203 0201 0104 0401 0403 0204 0103 0204 0104 0204 0104 0101 0301 0404 0201 0102 0103 0202 0303 0304 0301 0303 0104
133 , 0403 0203 0302 0103 0303 0204 0101 0103 0303 0304 0302 0201 0103 0202 0203 0203 0203 0104 0401 0404 0204 0303 0304 0104 0203 0101 0301 0301 0404 0301 0102 0104 0202 0302 0204 0303 0103 0104
134 , 0403 0204 0303 0204 0104 0204 0101 0101 0301 0404 0201 0102 0103 0202 0302 0304 0301 0303 0104 0404 0204 0303 0304 0104 0203 0101 0301 0301 0404 0301 0102 0104 0202 0302 0204 0303 0103 0104
135 , 0404 0204 0303 0304 0104 0203 0101 0101 0301 0404 0301 0102 0104 0202 0302 0104 0303 0103 0104 0403 0201 0302 0303 0303 0204 0101 0104 0303 0304 0301 0401 0103 0202 0202 0203 0201 0104 0401
136 , 0403 0204 0303 0204 0104 0204 0101 0101 0301 0404 0201 0102 0103 0202 0302 0304 0301 0303 0104 0403 0104 0303 0204 0104 0204 0101 0101 0301 0404 0204 0102 0103 0202 0302 0304 0301 0303 0303
137 , 0404 0204 0303 0304 0104 0203 0101 0101 0301 0404 0301 0102 0104 0202 0302 0204 0303 0103 0104 0403 0104 0303 0201 0104 0204 0101 0101 0301 0404 0204 0102 0103 0202 0302 0304 0301 0303 0304
138 , 0403 0104 0303 0204 0104 0204 0101 0101 0301 0404 0204 0102 0103 0202 0302 0304 0301 0303 0303 0403 0204 0303 0204 0104 0204 0104 0101 0301 0404 0201 0102 0103 0202 0302 0304 0301 0303 0104
139 , 0404 0204 0303 0304 0104 0203 0101 0101 0301 0404 0301 0102 0104 0202 0302 0204 0303 0103 0104 0403 0204 0103 0204 0104 0204 0104 0101 0301 0404 0201 0102 0103 0202 0303 0304 0301 0303 0104
140 , 0403 0204 0303 0204 0104 0204 0101 0101 0301 0404 0201 0102 0103 0202 0302 0304 0301 0303 0104 0203 0204 0301 0304 0303 0204 0101 0101 0303 0304 0201 0101 0103 0202 0202 0203 0301 0101 0404
141 , 0403 0203 0302 0103 0303 0204 0101 0103 0303 0304 0302 0201 0103 0202 0203 0203 0203 0104 0401 0403 0204 0303 0204 0104 0204 0101 0101 0301 0404 0201 0102 0103 0202 0302 0304 0301 0303 0104
142 , 0403 0201 0302 0303 0303 0204 0101 0104 0303 0304 0301 0401 0103 0302 0202 0203 0202 0104 0401 0403 0204 0303 0204 0104 0204 0104 0101 0301 0404 0201 0102 0103 0202 0302 0304 0301 0303 0104
143 , 0404 0204 0303 0304 0104 0203 0101 0301 0301 0404 0301 0102 0104 0202 0302 0204 0303 0103 0104 0404 0204 0303 0304 0104 0203 0101 0301 0301 0404 0301 0102 0104 0202 0302 0204 0303 0103 0104
144 , 0404 0204 0303 0304 0104 0203 0101 0301 0301 0404 0301 0102 0104 0202 0302 0204 0303 0103 0104 0403 0204 0303 0204 0104 0204 0101 0101 0301 0404 0201 0102 0103 0202 0302 0303 0301 0303 0104
145 , 0403 0104 0303 0204 0104 0204 0101 0101 0301 0404 0204 0102 0103 0202 0302 0304 0301 0303 0304 0403 0204 0303 0204 0104 0204 0104 0101 0301 0404 0201 0102 0103 0202 0302 0304 0301 0303 0104
146 , 0404 0204 0303 0304 0104 0203 0101 0101 0301 0404 0301 0102 0104 0202 0302 0204 0303 0103 0104 0403 0201 0302 0303 0303 0204 0101 0104 0303 0304 0301 0401 0103 0302 0202 0203 0201 0104 0401
147 , 0403 0203 0302 0103 0303 0204 0101 0103 0303 0304 0302 0201 0103 0202 0203 0203 0203 0104 0401 0403 0204 0303 0204 0104 0204 0101 0101 0301 0404 0201 0102 0103 0202 0302 0304 0301 0303 0104
148 , 0403 0204 0103 0204 0104 0204 0104 0101 0301 0404 0201 0102 0103 0202 0303 0304 0301 0303 0104 0404 0204 0303 0304 0104 0203 0101 0101 0301 0404 0301 0102 0104 0202 0302 0204 0303 0103 0104
149 , 0203 0204 0301 0304 0303 0204 0101 0101 0303 0304 0201 0101 0103 0202 0202 0202 0301 0101 0404 0404 0204 0303 0204 0104 0204 0104 0101 0301 0404 0201 0102 0103 0202 0302 0301 0301 0303 0104
150 , 0403 0104 0303 0204 0104 0204 0101 0101 0404 0404 0204 0102 0103 0202 0302 0304 0101 0303 0303 0403 0203 0302 0103 0303 0204 0101 0103 0303 0304 0302 0201 0103 0202 0203 0203 0203 0104 0401
151 , 0403 0204 0303 0204 0104 0204 0104 0101 0301 0404 0201 0102 0103 0202 0302 0301 0301 0303 0104 0403 0201 0302 0303 0303 0204 0101 0103 0303 0304 0101 0401 0103 0202 0202 0203 0201 0104 0401
152 , 0403 0204 0303 0204 0104 0204 0101 0101 0301 0404 0201 0102 0103 0202 0302 0304 0301 0303 0404 0403 0201 0302 0303 0303 0204 0101 0104 0303 0304 0301 0401 0103 0202 0202 0203 0201 0104 0401
153 , 0403 0204 0303 0204 0104 0204 0104 0101 0301 0404 0201 0102 0103 0202 0302 0304 0301 0303 0104 0403 0104 0303 0204 0104 0204 0101 0101 0301 0404 0204 0102 0103 0202 0302 0304 0301 0303 0303
154 , 0403 0104 0301 0304 0302 0204 0101 0104 0301 0404 0201 0101 0103 0202 0202 0203 0301 0101 0204 0404 0204 0303 0304 0104 0203 0101 0101 0301 0404 0301 0102 0104 0202 0302 0204 0303 0103 0104
155 , 0403 0201 0302 0303 0303 0204 0101 0204 0303 0304 0301 0401 0103 0302 0202 0203 0201 0104 0401 0403 0204 0303 0204 0104 0204 0101 0101 0301 0404 0201 0102 0103 0202 0302 0302 0301 0303 0104
156 , 0403 0204 0303 0204 0104 0204 0101 0101 0301 0404 0201 0102 0103 0202 0302 0304 0301 0303 0104 0403 0204 0303 0204 0104 0204 0104 0101 0301 0404 0201 0102 0103 0202 0302 0304 0301 0303 0104
157 , 0403 0201 0302 0303 0303 0204 0101 0103 0303 0304 0101 0401 0103 0202 0202 0203 0201 0104 0401 0403 0204 0303 0204 0104 0204 0104 0101 0301 0404 0201 0102 0103 0202 0302 0304 0301 0303 0104
158 , 0404 0204 0303 0304 0104 0203 0101 0101 0301 0404 0301 0102 0104 0202 0302 0204 0303 0103 0104 0404 0204 0303 0304 0104 0203 0101 0101 0301 0404 0301 0102 0104 0202 0302 0204 0303 0103 0104
159 , 0403 0204 0303 0204 0104 0204 0101 0101 0301 0404 0201 0102 0103 0202 0302 0304 0301 0303 0104 0403 0201 0302 0303 0303 0204 0101 0103 0303 0304 0101 0401 0103 0202 0202 0203 0201 0104 0401
160 , 0404 0204 0303 0304 0104 0203 0101 0101 0301 0404 0301 0102 0104 0202 0302 0204 0303 0103 0104 0404 0204 0303 0304 0104 0203 0102 0401 0301 0104 0301 0102 0104 0302 0302 0204 0303 0103 0104
161 , 0403 0201 0302 0303 0303 0204 0101 0104 0303 0304 0301 0401 0103 0302 0202 0203 0202 0104 0401 0403 0204 0303 0204 0104 0204 0104 0101 0301 0404 0201 0102 0103 0202 0302 0304 0301 0303 0104
162 , 0403 0104 0301 0304 0302 0204 0101 0104 0301 0404 0201 0101 0103 0202 0202 0203 0301 0101 0204 0403 0204 0303 0204 0104 0204 0104 0101 0301 0404 0201 0102 0103 0202 0302 0304 0301 0303 0104
163 , 0403 0204 0303 0204 0104 0204 0104 0101 0301 0404 0201 0102 0103 0202 0302 0304 0301 0303 0404 0403 0104 0301 0304 0302 0204 0101 0104 0301 0404 0201 0101 0103 0202 0202 0203 0301 0101 0204
164 , 0403 0204 0303 0204 0104 0204 0101 0101 0301 0404 0201 0102 0103 0202 0302 0304 0301 0303 0104 0203 0204 0301 0304 0303 0204 0101 0101 0303 0304 0201 0101 0103 0202 0202 0203 0301 0101 0404
165 , 0403 0104 0303 0201 0104 0204 0101 0101 0301 0404 0204 0102 0103 0202 0302 0304 0301 0303 0304 0404 0204 0303 0304 0104 0203 0101 0301 0301 0404 0301 0102 0104 0202 0302 0204 0303 0103 0104
166 , 0404 0204 0303 0304 0104 0203 0101 0301 0301 0404 0301 0102 0104 0202 0302 0204 0303 0103 0104 0203 0204 0301 0304 0303 0204 0101 0101 0303 0304 0201 0101 0103 0202 0202 0203 0301 0103 0404
167 , 0404 0204 0303 0304 0101 0203 0101 0101 0301 0404 0301 0102 0104 0202 0302 0204 0303 0103 0104 0203 0204 0301 0304 0303 0204 0101 0101 0303 0304 0201 0101 0103 0202 0202 0203 0301 0101 0404
168 , 0203 0204 0301 0304 0303 0204 0101 0101 0303 0304 0201 0101 0103 0202 0202 0203 0301 0101 0404 0203 0204 0301 0304 0303 0204 0101 0101 0303 0304 0201 0101 0103 0202 0202 0203 0301 0101 0404
169 , 0404 0204 0303 0304 0104 0203 0101 0101 0301 0404 0301 0102 0104 0202 0302 0204 0303 0103 0104 0404 0204 0303 0304 0104 0203 0101 0101 0301 0404 0301 0102 0104 0202 0302 0204 0303 0103 0104
170 , 0403 0104 0301 0304 0302 0204 0101 0104 0301 0404 0201 0101 0103 0202 0202 0203 0301 0101 0204 0404 0204 0303 0304 0104 0203 0101 0301 0301 0404 0301 0102 0104 0202 0302 0204 0303 0103 0104
171 , 0203 0204 0301 0304 0303 0204 0101 0101 0303 0304 0201 0101 0103 0202 0202 0203 0301 0101 0404 0403 0201 0302 0303 0303 0204 0101 0104 0303 0304 0301 0401 0103 0202 0202 0203 0201 0104 0401
172 , 0404 0204 0303 0204 0104 0204 0104 0101 0301 0404 0201 0102 0103 0202 0302 0301 0301 0303 0104 0203 0204 0301 0304 0303 0204 0101 0101 0303 0304 0201 0101 0103 0202 0202 0203 0301 0101 0404
173 , 0404 0204 0303 0304 0104 0203 0101 0301 0301 0404 0301 0102 0104 0202 0302 0204 0303 0103 0104 0403 0201 0302 0303 0103 0204 0101 0104 0303 0304 0301 0401 0103 0202 0202 0203 0201 0104 0401
174 , 0403 0204 0303 0204 0104 0204 0104 0101 0301 0404 0201 0102 0103 0202 0302 0304 0301 0303 0104 0402 0201 0301 0303 0304 0404 0301 0103 0301 0104 0303 0201 0303 0202 0204 0103 0301 0401 0302
175 , 0404 0204 0303 0304 0104 0203 0101 0101 0301 0404 0303 0102 0104 0202 0302 0204 0303 0103 0104 0203 0204 0301 0304 0303 0204 0101 0101 0303 0304 0201 0101 0103 0202 0202 0203 0301 0101 0404
176 , 0403 0201 0302 0303 0303 0204 0101 0104 0303 0304 0301 0401 0103 0302 0202 0203 0201 0104 0401 0403 0203 0302 0103 0303 0204 0101 0103 0303 0304 0302 0201 0103 0202 0203 0203 0203 0104 0401
177 , 0404 0204 0303 0204 0104 0204 0104 0101 0301 0404 0201 0102 0103 0202 0302 0301 0301 0303 0104 0403 0204 0303 0204 0104 0204 0104 0101 0301 0404 0201 0102 0103 0202 0302 0304 0301 0303 0104
178 , 0403 0104 0301 0304 0302 0204 0101 0104 0301 0404 0201 0101 0103 0202 0202 0203 0301 0101 0204 0403 0201 0302 0303 0303 0204 0101 0103 0303 0304 0101 0401 0103 0202 0202 0203 0201 0104 0401
179 , 0404 0204 0303 0304 0304 0203 0101 0101 0301 0404 0301 0102 0104 0202 0302 0204 0303 0103 0104 0403 0101 0302 0303 0303 0204 0101 0104 0303 0304 0301 0401 0103 0202 0202 0203 0201 0104 0401
180 , 0403 0204 0303 0204 0104 0204 0104 0101 0301 0404 0201 0102 0103 0202 0302 0301 0301 0303 0104 0403 0104 0301 0304 0302 0204 0101 0104 0301 0404 0201 0101 0103 0202 0202 0203 0301 0101 0204
181 , 0404 0204 0303 0304 0104 0203 0101 0301 0301 0404 0301 0102 0104 0202 0302 0204 0303 0103 0104 0403 0104 0301 0304 0302 0204 0101 0104 0301 0404 0201 0101 0103 0202 0202 0203 0301 0101 0204
182 , 0403 0104 0301 0304 0302 0204 0101 0104 0301 0404 0201 0101 0103 0202 0202 0203 0301 0101 0204 0403 0104 0301 0304 0302 0204 0101 0104 0301 0404 0201 0101 0103 0202 0202 0203 0301 0101 0204
183 , 0403 0204 0303 0204 0104 0204 0104 0101 0301 0404 0201 0102 0103 0202 0302 0304 0301 0303 0104 0404 0204 0303 0304 0104 0203 0101 0101 0301 0404 0301 0102 0104 0202 0302 0204 0303 0103 0104
184 , 0404 0204 0303 0304 0104 0203 0101 0101 0304 0404 0301 0102 0104 0202 0302 0204 0303 0103 0104 0403 0204 0303 0204 0104 0204 0101 0101 0301 0404 0201 0102 0103 0202 0302 0304 0301 0303 0104
185 , 0402 0201 0301 0303 0304 0404 0301 0103 0301 0104 0303 0201 0303 0202 0204 0103 0301 0401 0302 0403 0204 0303 0204 0104 0204 0101 0101 0301 0404 0201 0102 0103 0202 0302 0304 0301 0303 0104
186 , 0403 0204 0303 0204 0104 0204 0101 0101 0301 0404 0201 0102 0103 0202 0302 0304 0301 0303 0404 0402 0201 0301 0303 0304 0404 0301 0103 0301 0104 0303 0201 0303 0202 0204 0103 0301 0401 0302
187 , 0203 0204 0301 0304 0303 0204 0101 0101 0303 0304 0201 0101 0103 0202 0202 0203 0301 0103 0404 0403 0204 0303 0204 0104 0204 0101 0101 0301 0404 0201 0102 0103 0202 0302 0304 0301 0303 0104
188 , 0404 0204 0303 0304 0104 0203 0101 0301 0301 0404 0301 0102 0104 0202 0302 0204 0303 0103 0104 0403 0204 0103 0204 0104 0204 0104 0101 0301 0404 0201 0102 0103 0202 0303 0304 0301 0303 0104
189 , 0203 0204 0301 0304 0303 0204 0101 0101 0303 0304 0201 0101 0103 0202 0202 0203 0301 0101 0404 0403 0104 0301 0304 0302 0204 0101 0104 0301 0404 0201 0101 0103 0202 0202 0203 0301 0101 0204
190 , 0403 0201 0302 0303 0303 0204 0101 0104 0303 0304 0301 0401 0103 0202 0202 0203 0201 0104 0401 0403 0204 0303 0204 0104 0204 0101 0101 0301 0404 0201 0102 0103 0202 0302 0304 0301 0303 0104
191 , 0403 0204 0302 0303 0303 0204 0101 0104 0303 0304 0301 0201 0203 0202 0202 0203 0201 0104 0401 0404 0204 0303 0304 0104 0203 0101 0301 0301 0404 0301 0102 0104 0202 0302 0204 0303 0103 0104
192 , 0403 0204 0303 0204 0104 0204 0104 0101 0301 0404 0201 0102 0103 0202 0302 0304 0301 0303 0104 0403 0201 0302 0303 0303 0204 0101 0104 0303 0304 0301 0401 0103 0202 0202 0203 0201 0104 0401
193 , 0403 0104 0303 0204 0104 0204 0101 0101 0301 0404 0204 0102 0103 0202 0302 0304 0301 0303 0303 0403 0101 0302 0303 0303 0204 0101 0103 0303 0304 0301 0401 0103 0202 0202 0203 0201 0104 0401
194 , 0404 0204 0303 0304 0104 0203 0101 0301 0301 0404 0301 0102 0104 0202 0302 0204 0303 0103 0104 0404 0204 0303 0304 0104 0203 0101 0301 0301 0404 0301 0102 0104 0202 0302 0204 0303 0103 0104
195 , 0403 0201 0302 0303 0303 0204 0101 0104 0303 0304 0301 0401 0103 0302 0202 0203 0201 0104 0401 0403 0104 0301 0304 0302 0204 0101 0104 0301 0404 0201 0101 0103 0202 0202 0203 0301 0101 0204
196 , 0403 0104 0303 0204 0104 0204 0101 0101 0301 0404 0204 0102 0103 0202 0302 0304 0301 0303 0304 0403 0204 0303 0204 0104 0204 0104 0101 0301 0404 0201 0102 0103 0202 0302 0304 0301 0303 0104
197 , 0403 0204 0303 0204 0104 0204 0101 0101 0301 0404 0201 0102 0103 0202 0302 0304 0301 0303 0104 0403 0104 0301 0304 0302 0204 0101 0104 0301 0404 0201 0101 0103 0202 0202 0203 0301 0101 0204
198 , 0403 0204 0303 0204 0104 0204 0101 0101 0301 0404 0201 0102 0103 0202 0302 0304 0301 0303 0104 0403 0204 0303 0204 0104 0204 0101 0101 0301 0404 0203 0102 0103 0202 0302 0304 0301 0303 0304
199 , 0404 0204 0303 0304 0104 0203 0101 0301 0301 0404 0301 0102 0104 0202 0302 0204 0303 0103 0104 0203 0204 0301 0303 0303 0204 0101 0101 0303 0304 0201 0101 0103 0202 0202 0203 0301 0103 0404
200 , 0404 0204 0303 0304 0104 0203 0101 0101 0301 0404 0301 0102 0104 0202 0302 0204 0303 0103 0104 0203 0204 0301 0304 0303 0204 0101 0101 0303 0304 0201 0101 0103 0202 0202 0203 0301 0101 0404