Generated genotype output
1
2
3
4
5
6
7
8
9
10
11
12
13
14
15
16
17
18
19
20
21
22
23
24
25
26
27
28
29
30
31
32
33
34
35
36
37
38
39
40
41
42
43
44
45
46
47
48
49
50
51
52
53
54
55
56
57
58
59
60
61
62
63
64
65
66
67
68
69
70
71
72
73
74
75
76
77
78
79
80
Pop
1 , 0404 0103 0403 0203 0201 0104 0104 0102 0103 0204 0403 0201 0301 0203 0103 0403 0104 0304 0104 0401 0304 0101 0404 0201 0301 0403 0201 0302 0402 0201 0304 0103 0201 0102 0303 0404 0102 0401 0402 0203 0404 0101 0402 0204 0104 0104 0204 0104 0103 0204 0303 0101 0302 0302 0103 0403 0104 0104 0104 0402 0404 0104 0404 0201 0304 0103 0301 0104 0102 0301 0304 0103 0104 0104 0304 0404 0102 0304 0402 0403
2 , 0404 0201 0403 0203 0201 0104 0204 0102 0103 0204 0403 0201 0301 0303 0103 0403 0104 0104 0104 0402 0104 0101 0401 0101 0301 0403 0301 0303 0402 0301 0304 0103 0201 0102 0303 0404 0102 0101 0402 0403 0403 0103 0301 0402 0303 0203 0201 0104 0103 0303 0403 0104 0302 0104 0103 0403 0403 0103 0404 0401 0404 0102 0404 0201 0203 0202 0304 0204 0302 0101 0101 0202 0302 0101 0201 0303 0102 0404 0202 0401
3 , 0403 0103 0204 0403 0102 0204 0202 0104 0103 0304 0103 0101 0303 0104 0403 0103 0203 0104 0404 0402 0304 0204 0303 0201 0201 0202 0301 0303 0102 0103 0303 0203 0204 0101 0201 0304 0102 0403 0202 0301 0404 0101 0403 0204 0201 0104 0204 0102 0103 0204 0403 0201 0201 0301 0103 0403 0104 0104 0104 0402 0304 0101 0404 0201 0301 0403 0301 0302 0402 0301 0304 0103 0201 0102 0303 0404 0102 0401 0402 0103
4 , 0404 0102 0403 0203 0201 0104 0204 0102 0103 0203 0103 0201 0101 0303 0103 0403 0104 0304 0104 0402 0304 0101 0404 0201 0301 0403 0201 0302 0402 0201 0304 0103 0201 0102 0303 0404 0102 0401 0403 0403 0404 0102 0403 0203 0201 0104 0204 0102 0103 0203 0103 0201 0101 0303 0103 0403 0104 0304 0104 0402 0304 0101 0404 0201 0301 0403 0201 0302 0402 0201 0304 0103 0201 0102 0303 0404 0102 0401 0403 0403
5 , 0404 0203 0301 0302 0203 0403 0304 0104 0301 0302 0203 0103 0403 0202 0202 0301 0404 0101 0401 0301 0404 0404 0304 0404 0303 0301 0303 0302 0202 0302 0301 0103 0304 0204 0401 0401 0302 0102 0204 0302 0404 0101 0403 0202 0201 0104 0204 0102 0103 0204 0403 0201 0101 0303 0103 0403 0104 0104 0104 0402 0304 0103 0404 0201 0301 0404 0401 0302 0404 0301 0304 0103 0401 0102 0303 0404 0102 0401 0402 0403
6 , 0403 0103 0204 0403 0102 0204 0202 0104 0103 0304 0103 0101 0303 0104 0403 0104 0203 0104 0404 0402 0301 0204 0303 0201 0201 0202 0301 0403 0102 0103 0303 0203 0204 0101 0201 0304 0102 0403 0202 0301 0404 0203 0301 0302 0203 0403 0304 0104 0301 0302 0203 0103 0403 0202 0202 0301 0404 0101 0401 0301 0404 0404 0304 0404 0303 0301 0303 0302 0202 0302 0301 0103 0304 0204 0401 0401 0302 0102 0204 0302
7 , 0404 0102 0403 0203 0201 0104 0204 0101 0103 0204 0103 0201 0101 0303 0103 0403 0104 0304 0104 0404 0104 0101 0404 0401 0301 0403 0201 0302 0402 0201 0304 0104 0201 0102 0303 0404 0102 0401 0402 0403 0403 0103 0204 0403 0102 0204 0202 0104 0103 0304 0103 0101 0303 0104 0403 0104 0203 0104 0404 0402 0301 0204 0303 0201 0201 0202 0301 0403 0102 0103 0303 0203 0204 0101 0201 0304 0102 0403 0202 0301
8 , 0404 0201 0403 0204 0201 0104 0204 0402 0103 0204 0403 0202 0301 0303 0403 0403 0104 0104 0104 0402 0304 0101 0404 0101 0301 0403 0301 0302 0402 0301 0304 0103 0201 0102 0302 0404 0102 0401 0402 0403 0404 0101 0402 0204 0104 0104 0204 0104 0103 0204 0304 0101 0302 0302 0103 0403 0104 0104 0104 0402 0404 0104 0404 0201 0303 0103 0301 0104 0402 0301 0304 0103 0104 0104 0304 0404 0102 0304 0402 0303
9 , 0404 0201 0403 0204 0201 0103 0204 0102 0103 0204 0403 0201 0301 0303 0103 0403 0104 0104 0104 0402 0103 0101 0404 0101 0301 0403 0301 0302 0402 0301 0302 0101 0202 0102 0303 0204 0102 0401 0402 0403 0403 0101 0202 0101 0104 0404 0204 0104 0104 0203 0303 0103 0302 0303 0103 0201 0104 0104 0104 0401 0304 0403 0104 0401 0303 0403 0301 0104 0402 0302 0304 0103 0204 0101 0301 0404 0102 0401 0102 0403
10 , 0404 0101 0402 0204 0104 0104 0204 0104 0103 0204 0303 0101 0302 0303 0103 0403 0104 0104 0104 0402 0404 0104 0104 0201 0303 0103 0301 0104 0402 0301 0304 0103 0104 0104 0304 0404 0102 0304 0403 0402 0404 0101 0402 0204 0104 0104 0204 0104 0103 0204 0303 0101 0302 0302 0103 0403 0104 0104 0104 0402 0404 0104 0404 0201 0303 0103 0301 0104 0102 0301 0304 0103 0104 0104 0304 0404 0102 0304 0402 0403
11 , 0403 0403 0204 0203 0102 0204 0204 0104 0103 0304 0103 0101 0303 0404 0403 0103 0403 0101 0404 0402 0304 0204 0202 0201 0201 0202 0301 0404 0102 0103 0303 0203 0204 0101 0201 0304 0102 0403 0302 0101 0403 0103 0204 0403 0102 0204 0202 0104 0103 0304 0103 0101 0303 0104 0403 0104 0203 0104 0404 0402 0301 0204 0303 0201 0201 0202 0301 0403 0102 0103 0303 0203 0204 0101 0201 0304 0102 0403 0202 0301
12 , 0404 0203 0301 0302 0203 0403 0304 0104 0201 0302 0203 0103 0403 0202 0202 0301 0404 0101 0401 0301 0404 0404 0304 0404 0303 0301 0303 0302 0202 0302 0301 0103 0304 0204 0401 0401 0302 0102 0304 0302 0404 0203 0301 0302 0202 0403 0304 0104 0201 0302 0203 0103 0404 0202 0202 0301 0404 0101 0401 0301 0404 0404 0304 0404 0303 0301 0303 0202 0102 0302 0301 0103 0304 0204 0401 0401 0302 0102 0204 0302
13 , 0404 0201 0403 0204 0201 0103 0204 0102 0103 0204 0403 0201 0301 0303 0103 0403 0104 0104 0104 0403 0102 0101 0304 0101 0301 0403 0301 0302 0402 0301 0301 0101 0202 0102 0303 0204 0102 0401 0402 0403 0404 0203 0301 0302 0203 0403 0301 0104 0301 0102 0203 0103 0403 0202 0202 0301 0404 0101 0401 0301 0404 0404 0304 0404 0303 0301 0303 0302 0202 0302 0301 0103 0304 0204 0401 0401 0302 0102 0204 0202
14 , 0404 0102 0403 0203 0201 0104 0204 0101 0103 0204 0103 0201 0103 0303 0103 0403 0104 0304 0104 0404 0204 0101 0404 0401 0301 0403 0201 0302 0402 0301 0304 0104 0201 0102 0303 0404 0102 0401 0402 0403 0403 0103 0204 0403 0102 0204 0202 0104 0103 0304 0103 0101 0303 0104 0403 0104 0203 0104 0404 0402 0301 0204 0303 0201 0201 0203 0301 0403 0102 0103 0303 0203 0204 0101 0201 0404 0102 0403 0202 0301
15 , 0404 0201 0403 0204 0201 0103 0204 0102 0103 0204 0403 0201 0301 0303 0103 0403 0104 0104 0104 0402 0103 0101 0404 0101 0301 0403 0301 0302 0402 0301 0304 0101 0202 0102 0303 0204 0102 0401 0402 0403 0404 0201 0403 0203 0201 0104 0204 0102 0103 0204 0403 0201 0301 0303 0103 0403 0104 0104 0104 0402 0104 0101 0401 0101 0301 0403 0301 0303 0402 0301 0304 0103 0201 0102 0303 0404 0102 0101 0402 0403
16 , 0404 0103 0403 0203 0201 0104 0104 0102 0103 0204 0403 0201 0301 0203 0103 0403 0104 0304 0104 0402 0304 0101 0404 0201 0101 0403 0203 0302 0402 0201 0304 0103 0201 0102 0303 0404 0102 0401 0402 0303 0404 0102 0403 0203 0201 0104 0204 0101 0103 0204 0103 0201 0103 0303 0103 0403 0104 0304 0104 0404 0204 0101 0404 0401 0301 0403 0201 0302 0402 0201 0304 0104 0201 0102 0303 0404 0102 0401 0402 0403
17 , 0404 0102 0403 0203 0201 0104 0204 0102 0103 0203 0103 0201 0101 0303 0103 0403 0104 0304 0104 0402 0304 0101 0404 0201 0301 0403 0201 0302 0402 0201 0304 0103 0201 0102 0303 0404 0102 0401 0403 0403 0403 0103 0301 0402 0303 0203 0204 0104 0103 0303 0403 0104 0102 0104 0103 0403 0403 0103 0404 0401 0304 0102 0404 0201 0203 0202 0304 0204 0301 0104 0101 0202 0302 0101 0201 0303 0102 0404 0202 0401
18 , 0404 0203 0301 0302 0203 0403 0301 0104 0301 0102 0203 0103 0403 0202 0202 0301 0404 0101 0401 0301 0404 0404 0304 0404 0303 0301 0303 0302 0202 0302 0301 0103 0304 0204 0401 0401 0302 0102 0204 0202 0404 0103 0403 0203 0201 0104 0104 0102 0103 0204 0403 0201 0301 0203 0103 0403 0104 0304 0104 0402 0304 0101 0404 0201 0301 0403 0203 0302 0402 0201 0304 0103 0201 0102 0303 0404 0102 0401 0402 0303
19 , 0404 0103 0403 0203 0201 0104 0104 0102 0103 0204 0403 0201 0301 0203 0103 0403 0104 0304 0104 0402 0304 0101 0404 0201 0101 0403 0203 0302 0402 0201 0304 0103 0201 0102 0303 0404 0102 0401 0402 0303 0404 0101 0402 0204 0104 0104 0204 0104 0103 0204 0303 0101 0302 0302 0103 0403 0104 0104 0104 0402 0404 0104 0404 0201 0303 0103 0301 0104 0102 0301 0304 0103 0104 0104 0304 0404 0102 0304 0402 0403
20 , 0403 0103 0204 0403 0102 0204 0202 0104 0103 0304 0103 0101 0303 0104 0403 0104 0203 0104 0404 0402 0301 0204 0303 0201 0201 0202 0301 0403 0102 0103 0303 0203 0204 0101 0201 0304 0102 0403 0202 0301 0401 0101 0403 0204 0201 0104 0204 0302 0103 0204 0403 0201 0301 0303 0103 0403 0104 0104 0104 0401 0304 0101 0404 0201 0301 0404 0301 0302 0102 0301 0304 0104 0201 0103 0303 0404 0102 0401 0402 0403
21 , 0401 0101 0403 0204 0201 0104 0204 0302 0103 0204 0403 0201 0301 0303 0103 0403 0104 0104 0104 0401 0304 0101 0404 0201 0301 0404 0301 0302 0102 0301 0304 0104 0201 0103 0303 0404 0102 0401 0402 0403 0401 0101 0403 0204 0201 0104 0204 0302 0103 0204 0403 0201 0301 0303 0103 0403 0104 0104 0104 0401 0304 0101 0404 0201 0301 0404 0301 0302 0102 0301 0304 0104 0201 0103 0303 0404 0102 0401 0402 0403
22 , 0404 0101 0402 0204 0104 0104 0204 0104 0103 0204 0303 0101 0302 0302 0103 0403 0104 0104 0104 0402 0404 0104 0404 0201 0303 0103 0301 0104 0402 0301 0304 0103 0104 0104 0304 0404 0102 0304 0402 0403 0403 0101 0102 0201 0104 0404 0204 0104 0102 0203 0303 0103 0303 0303 0103 0201 0104 0104 0104 0401 0303 0201 0104 0401 0301 0403 0301 0104 0402 0302 0304 0103 0204 0101 0101 0404 0102 0401 0102 0303
23 , 0404 0102 0403 0203 0201 0104 0204 0102 0103 0203 0103 0201 0101 0303 0103 0403 0104 0304 0104 0402 0304 0101 0404 0201 0301 0403 0201 0302 0402 0201 0304 0103 0201 0102 0303 0404 0102 0401 0403 0403 0404 0203 0301 0302 0203 0403 0304 0104 0201 0302 0203 0103 0403 0202 0202 0301 0404 0101 0401 0301 0404 0404 0304 0404 0303 0301 0303 0302 0202 0302 0301 0103 0304 0204 0401 0401 0302 0102 0204 0302
24 , 0403 0101 0102 0201 0104 0404 0204 0104 0103 0203 0303 0103 0303 0303 0103 0201 0104 0104 0104 0401 0303 0201 0104 0401 0301 0403 0301 0104 0402 0302 0304 0103 0204 0101 0101 0404 0102 0401 0102 0303 0404 0203 0301 0302 0203 0403 0301 0104 0301 0102 0201 0103 0403 0202 0202 0301 0404 0101 0401 0301 0404 0404 0304 0404 0303 0302 0303 0302 0202 0302 0301 0103 0304 0204 0401 0401 0302 0102 0204 0202
25 , 0404 0101 0402 0204 0104 0104 0204 0104 0103 0204 0303 0101 0302 0302 0103 0403 0104 0104 0104 0402 0404 0104 0404 0201 0303 0103 0301 0104 0402 0301 0304 0103 0104 0104 0304 0104 0102 0304 0402 0403 0401 0101 0403 0204 0201 0104 0204 0302 0103 0204 0403 0201 0301 0303 0103 0403 0104 0104 0104 0401 0304 0101 0404 0201 0301 0404 0301 0302 0102 0301 0304 0104 0201 0103 0303 0404 0102 0401 0402 0403
26 , 0404 0101 0402 0204 0104 0104 0204 0104 0103 0204 0303 0101 0302 0302 0103 0403 0104 0104 0104 0402 0404 0104 0404 0201 0303 0103 0301 0104 0102 0301 0304 0103 0104 0104 0304 0404 0102 0304 0402 0403 0403 0101 0202 0101 0104 0404 0204 0104 0104 0203 0303 0103 0302 0303 0103 0201 0104 0104 0104 0401 0304 0403 0104 0401 0303 0403 0301 0104 0402 0302 0304 0103 0204 0101 0301 0404 0102 0401 0102 0403
27 , 0404 0203 0301 0302 0202 0403 0304 0104 0201 0302 0203 0103 0404 0202 0202 0301 0404 0101 0401 0301 0404 0404 0304 0404 0303 0301 0303 0302 0202 0302 0301 0103 0304 0204 0401 0401 0302 0102 0204 0302 0404 0203 0301 0302 0203 0403 0304 0104 0201 0302 0203 0103 0403 0202 0203 0301 0404 0101 0401 0301 0404 0404 0304 0404 0303 0301 0303 0302 0202 0302 0301 0103 0304 0204 0401 0401 0302 0102 0204 0302
28 , 0404 0101 0403 0204 0104 0104 0204 0104 0103 0204 0303 0101 0202 0202 0103 0403 0104 0104 0104 0402 0404 0104 0404 0201 0303 0103 0301 0104 0102 0301 0304 0103 0104 0104 0304 0404 0102 0304 0402 0403 0404 0201 0403 0204 0201 0104 0201 0102 0103 0204 0403 0202 0201 0303 0403 0403 0104 0104 0104 0402 0304 0101 0404 0101 0301 0403 0301 0302 0402 0301 0304 0103 0201 0102 0302 0404 0102 0401 0402 0403
29 , 0404 0203 0301 0302 0202 0403 0304 0104 0201 0302 0203 0103 0404 0202 0202 0301 0404 0101 0401 0301 0404 0404 0304 0404 0303 0301 0303 0302 0102 0302 0301 0103 0304 0204 0401 0401 0302 0102 0204 0302 0401 0101 0403 0204 0201 0104 0204 0302 0103 0204 0403 0201 0301 0303 0103 0403 0104 0104 0104 0401 0304 0101 0404 0201 0301 0404 0301 0302 0102 0301 0304 0104 0201 0102 0303 0404 0102 0401 0402 0403
30 , 0404 0203 0301 0302 0203 0403 0301 0104 0301 0102 0203 0103 0403 0202 0202 0301 0404 0101 0401 0301 0404 0404 0304 0404 0303 0301 0303 0302 0202 0302 0301 0103 0304 0204 0401 0401 0402 0102 0204 0202 0404 0203 0304 0302 0203 0403 0304 0104 0201 0302 0203 0103 0403 0202 0203 0301 0404 0101 0401 0301 0404 0404 0304 0404 0303 0301 0303 0302 0202 0302 0301 0103 0304 0204 0401 0401 0302 0102 0204 0302
31 , 0403 0101 0102 0201 0104 0404 0204 0104 0103 0203 0303 0103 0303 0303 0103 0201 0104 0104 0104 0401 0203 0201 0104 0401 0301 0403 0301 0104 0402 0302 0304 0103 0204 0101 0301 0404 0102 0401 0102 0303 0403 0403 0204 0203 0102 0204 0204 0104 0103 0304 0103 0101 0303 0404 0403 0103 0403 0101 0404 0402 0304 0204 0202 0201 0201 0202 0301 0404 0102 0103 0303 0203 0204 0101 0201 0304 0102 0403 0302 0101
32 , 0404 0203 0301 0302 0203 0403 0301 0104 0301 0102 0203 0103 0403 0202 0202 0301 0404 0101 0401 0301 0404 0402 0304 0404 0303 0301 0303 0302 0202 0302 0301 0103 0304 0404 0401 0401 0302 0102 0204 0202 0404 0201 0403 0204 0201 0104 0204 0102 0103 0204 0403 0202 0301 0303 0403 0403 0104 0104 0104 0402 0304 0101 0404 0101 0301 0303 0301 0302 0402 0301 0304 0103 0201 0102 0304 0404 0102 0401 0402 0403
33 , 0403 0103 0301 0402 0303 0203 0204 0104 0103 0303 0403 0104 0302 0104 0103 0403 0403 0103 0404 0401 0404 0102 0404 0201 0203 0202 0304 0204 0302 0101 0101 0202 0302 0101 0201 0303 0102 0404 0202 0401 0404 0203 0301 0302 0203 0403 0304 0104 0201 0302 0203 0103 0403 0202 0202 0301 0404 0101 0401 0301 0402 0404 0304 0404 0303 0301 0303 0302 0202 0302 0301 0103 0304 0204 0401 0401 0302 0102 0204 0302
34 , 0403 0103 0204 0403 0102 0204 0202 0104 0103 0304 0103 0101 0303 0104 0403 0104 0203 0104 0404 0402 0301 0204 0303 0201 0201 0202 0301 0403 0102 0103 0303 0203 0204 0101 0201 0304 0102 0403 0202 0301 0403 0103 0204 0403 0102 0204 0202 0104 0103 0304 0103 0101 0303 0104 0403 0104 0203 0104 0404 0402 0301 0204 0303 0201 0201 0202 0301 0403 0102 0103 0303 0203 0204 0101 0201 0304 0102 0403 0202 0301
35 , 0404 0101 0403 0203 0201 0104 0204 0102 0103 0204 0403 0201 0301 0303 0103 0403 0104 0104 0104 0402 0304 0103 0404 0201 0301 0404 0401 0302 0404 0301 0304 0103 0201 0102 0303 0404 0102 0401 0402 0403 0404 0203 0301 0302 0203 0403 0304 0104 0201 0303 0203 0103 0403 0202 0202 0301 0404 0101 0401 0301 0404 0404 0304 0404 0303 0301 0303 0302 0202 0302 0301 0103 0304 0204 0401 0401 0302 0102 0204 0302
36 , 0404 0203 0301 0302 0203 0403 0301 0104 0301 0102 0201 0103 0403 0202 0202 0301 0404 0101 0401 0301 0404 0404 0304 0404 0303 0302 0303 0302 0202 0302 0301 0103 0304 0204 0401 0401 0302 0102 0204 0202 0403 0203 0202 0304 0102 0204 0403 0101 0103 0303 0403 0201 0102 0303 0203 0203 0403 0104 0202 0402 0303 0201 0204 0204 0101 0203 0301 0102 0402 0201 0304 0103 0102 0102 0204 0303 0102 0302 0103 0101
37 , 0403 0103 0301 0402 0303 0203 0204 0104 0103 0303 0403 0104 0302 0104 0103 0403 0403 0103 0404 0401 0404 0102 0404 0201 0203 0202 0304 0204 0302 0101 0101 0202 0302 0101 0201 0303 0102 0404 0202 0401 0404 0203 0301 0302 0203 0403 0304 0104 0201 0302 0203 0103 0403 0202 0202 0301 0404 0101 0401 0301 0404 0404 0304 0404 0303 0301 0303 0302 0202 0302 0301 0103 0304 0204 0401 0401 0302 0102 0204 0302
38 , 0403 0103 0204 0403 0102 0204 0202 0104 0103 0303 0103 0101 0303 0104 0403 0103 0203 0104 0404 0402 0304 0204 0303 0201 0201 0202 0301 0303 0102 0103 0303 0203 0204 0101 0201 0304 0102 0403 0202 0301 0404 0203 0301 0302 0203 0403 0301 0104 0301 0102 0203 0103 0403 0202 0202 0301 0404 0101 0401 0301 0404 0402 0304 0404 0303 0301 0303 0302 0202 0302 0301 0103 0304 0204 0401 0401 0302 0102 0204 0202
39 , 0401 0101 0403 0203 0201 0104 0204 0102 0103 0204 0403 0201 0301 0303 0103 0403 0104 0104 0104 0402 0104 0103 0404 0201 0301 0403 0401 0302 0404 0301 0304 0103 0201 0102 0303 0404 0102 0401 0402 0403 0404 0401 0403 0204 0201 0103 0204 0102 0103 0204 0403 0201 0301 0303 0103 0403 0104 0104 0104 0402 0103 0101 0404 0101 0301 0403 0301 0302 0402 0301 0304 0101 0202 0102 0303 0204 0102 0401 0402 0403
40 , 0404 0101 0403 0204 0201 0104 0204 0102 0103 0204 0403 0101 0101 0303 0102 0403 0104 0104 0104 0202 0304 0101 0404 0101 0301 0404 0304 0302 0102 0301 0304 0304 0201 0102 0303 0404 0102 0202 0404 0403 0404 0101 0402 0204 0104 0104 0204 0104 0103 0204 0303 0101 0302 0302 0103 0403 0104 0104 0104 0402 0404 0104 0404 0201 0303 0103 0301 0104 0402 0301 0304 0103 0104 0104 0304 0104 0102 0304 0402 0403
41 , 0403 0103 0204 0403 0102 0204 0202 0104 0103 0304 0103 0101 0303 0104 0403 0103 0203 0104 0404 0402 0304 0204 0303 0201 0201 0202 0301 0303 0102 0103 0303 0203 0204 0101 0201 0304 0102 0403 0202 0301 0403 0103 0204 0403 0102 0204 0202 0104 0103 0304 0103 0101 0303 0104 0403 0103 0203 0104 0404 0402 0304 0204 0303 0201 0201 0202 0301 0303 0102 0103 0303 0203 0204 0101 0201 0304 0102 0403 0202 0301
42 , 0404 0101 0402 0204 0104 0104 0204 0104 0103 0204 0303 0101 0302 0302 0103 0402 0104 0103 0104 0402 0404 0104 0404 0201 0303 0103 0301 0104 0102 0301 0304 0103 0104 0104 0304 0404 0102 0304 0402 0403 0404 0201 0403 0204 0201 0104 0201 0102 0103 0204 0403 0202 0201 0303 0403 0403 0104 0104 0104 0402 0304 0101 0404 0101 0301 0403 0301 0302 0402 0301 0304 0103 0201 0102 0302 0404 0102 0401 0402 0403
43 , 0403 0203 0202 0304 0102 0204 0403 0101 0103 0303 0403 0201 0102 0303 0203 0203 0403 0104 0202 0402 0303 0201 0204 0204 0101 0203 0301 0102 0402 0201 0304 0103 0102 0102 0204 0303 0102 0302 0103 0101 0404 0201 0403 0204 0201 0103 0204 0102 0103 0204 0403 0201 0301 0303 0102 0403 0104 0104 0104 0402 0103 0101 0404 0101 0301 0303 0301 0302 0402 0401 0304 0103 0201 0102 0303 0204 0102 0401 0402 0403
44 , 0403 0103 0204 0403 0102 0204 0202 0104 0103 0304 0103 0101 0303 0104 0403 0403 0203 0104 0404 0402 0304 0204 0303 0201 0201 0202 0301 0403 0102 0103 0303 0203 0204 0101 0101 0304 0102 0403 0202 0301 0404 0203 0301 0302 0203 0403 0304 0104 0201 0302 0203 0103 0403 0202 0202 0301 0404 0301 0401 0301 0404 0404 0304 0404 0303 0301 0303 0302 0202 0302 0301 0103 0304 0204 0401 0401 0302 0102 0304 0302
45 , 0404 0101 0403 0204 0201 0104 0204 0102 0103 0204 0403 0101 0101 0303 0102 0403 0104 0104 0104 0202 0304 0101 0404 0101 0301 0404 0304 0302 0102 0301 0304 0304 0201 0102 0303 0404 0102 0202 0404 0403 0403 0203 0202 0304 0102 0204 0403 0101 0103 0303 0403 0201 0102 0303 0203 0203 0403 0104 0202 0402 0303 0201 0204 0204 0201 0203 0301 0102 0402 0201 0304 0103 0102 0102 0204 0303 0102 0202 0103 0101
46 , 0404 0201 0403 0204 0201 0104 0204 0402 0103 0204 0403 0202 0301 0303 0403 0403 0104 0104 0104 0402 0304 0101 0404 0101 0301 0403 0301 0302 0402 0301 0304 0103 0201 0102 0302 0404 0102 0401 0402 0403 0404 0201 0403 0204 0201 0103 0204 0102 0103 0204 0403 0201 0301 0303 0102 0403 0104 0104 0104 0402 0103 0101 0404 0101 0301 0303 0301 0302 0402 0401 0304 0103 0201 0102 0303 0204 0102 0401 0402 0403
47 , 0404 0203 0301 0302 0202 0403 0304 0104 0201 0302 0203 0103 0404 0202 0202 0301 0404 0101 0401 0301 0404 0404 0304 0404 0303 0301 0303 0302 0202 0302 0301 0103 0304 0204 0401 0401 0302 0102 0204 0302 0403 0404 0204 0203 0102 0204 0204 0104 0103 0304 0103 0101 0303 0104 0403 0103 0403 0101 0401 0402 0304 0204 0303 0201 0201 0202 0301 0404 0102 0103 0304 0203 0204 0101 0201 0304 0102 0403 0202 0303
48 , 0404 0201 0403 0204 0201 0103 0204 0102 0103 0204 0403 0201 0301 0303 0103 0403 0104 0104 0104 0402 0103 0101 0404 0101 0301 0403 0301 0302 0402 0301 0304 0101 0202 0102 0303 0204 0102 0401 0402 0403 0404 0101 0403 0203 0201 0104 0204 0102 0103 0204 0403 0201 0301 0303 0103 0403 0104 0104 0104 0402 0304 0103 0404 0201 0301 0404 0401 0302 0404 0301 0304 0103 0201 0102 0303 0404 0102 0401 0402 0403
49 , 0404 0101 0403 0204 0201 0104 0204 0102 0103 0204 0403 0101 0101 0303 0102 0403 0104 0104 0104 0202 0304 0101 0404 0101 0301 0404 0304 0302 0102 0301 0304 0304 0201 0102 0303 0404 0102 0202 0404 0403 0404 0101 0402 0204 0104 0104 0204 0104 0103 0204 0304 0101 0302 0302 0103 0403 0104 0104 0104 0402 0404 0104 0404 0201 0303 0103 0301 0104 0402 0301 0304 0103 0104 0104 0304 0404 0102 0304 0402 0303
50 , 0404 0101 0402 0204 0104 0104 0204 0104 0103 0204 0303 0101 0302 0302 0103 0403 0104 0104 0102 0402 0404 0104 0404 0201 0303 0103 0301 0104 0402 0301 0304 0103 0104 0104 0304 0104 0102 0304 0402 0403 0404 0203 0301 0302 0203 0403 0301 0104 0301 0102 0203 0103 0403 0202 0202 0301 0404 0101 0401 0301 0404 0404 0304 0404 0303 0301 0303 0302 0202 0302 0301 0103 0304 0204 0401 0401 0402 0102 0204 0202