Generated genotype output
1
2
3
4
5
6
7
8
9
10
11
12
13
14
15
16
17
18
19
20
21
22
23
24
25
26
27
28
29
30
31
32
33
34
35
36
37
38
39
40
Pop
1 , 0104 0204 0102 0403 0403 0203 0203 0202 0202 0103 0404 0203 0201 0301 0203 0302 0401 0103 0201 0201 0302 0201 0404 0301 0304 0402 0103 0202 0301 0304 0204 0402 0404 0301 0303 0202 0104 0302 0101
2 , 0103 0202 0103 0403 0103 0203 0401 0202 0202 0103 0404 0203 0201 0303 0203 0302 0401 0403 0202 0201 0304 0103 0103 0101 0202 0404 0202 0201 0404 0203 0302 0103 0104 0303 0103 0403 0104 0104 0103
3 , 0103 0204 0102 0403 0103 0203 0203 0202 0202 0103 0404 0203 0201 0303 0203 0302 0401 0103 0201 0201 0302 0403 0303 0201 0202 0104 0402 0103 0204 0303 0402 0202 0104 0302 0203 0203 0101 0304 0104
4 , 0303 0202 0102 0403 0103 0203 0401 0202 0202 0103 0104 0203 0201 0303 0203 0302 0401 0403 0201 0201 0302 0303 0403 0201 0202 0102 0102 0103 0202 0103 0402 0202 0304 0302 0203 0203 0101 0304 0103
5 , 0103 0202 0103 0403 0103 0203 0401 0202 0202 0103 0404 0203 0201 0303 0203 0302 0401 0403 0202 0201 0401 0103 0103 0202 0202 0104 0202 0201 0404 0203 0202 0102 0104 0302 0103 0403 0104 0304 0103
6 , 0303 0202 0103 0403 0103 0203 0401 0202 0202 0103 0404 0203 0201 0303 0202 0302 0401 0403 0201 0201 0404 0103 0103 0202 0202 0104 0204 0201 0404 0203 0202 0102 0104 0302 0103 0403 0104 0304 0103
7 , 0103 0202 0103 0403 0103 0203 0201 0203 0202 0103 0404 0203 0201 0303 0203 0302 0401 0403 0201 0201 0401 0103 0103 0202 0202 0104 0204 0201 0404 0203 0202 0102 0104 0302 0103 0403 0104 0304 0103
8 , 0103 0202 0104 0403 0103 0404 0201 0302 0203 0103 0402 0404 0204 0403 0103 0302 0201 0403 0201 0101 0302 0201 0304 0301 0302 0302 0302 0402 0401 0304 0402 0302 0103 0302 0303 0204 0104 0202 0102
9 , 0103 0202 0103 0403 0103 0202 0201 0202 0202 0103 0104 0203 0201 0403 0203 0302 0401 0403 0201 0201 0302 0201 0304 0301 0302 0304 0102 0202 0201 0304 0402 0302 0103 0302 0303 0204 0104 0302 0202
10 , 0103 0202 0103 0403 0103 0203 0401 0202 0202 0103 0404 0203 0201 0303 0204 0302 0401 0403 0201 0201 0302 0201 0304 0301 0302 0302 0102 0202 0201 0204 0402 0302 0103 0302 0303 0204 0104 0302 0102
11 , 0103 0202 0103 0403 0103 0203 0201 0202 0202 0103 0404 0203 0201 0303 0203 0302 0401 0403 0201 0201 0302 0201 0304 0301 0302 0304 0102 0202 0201 0304 0402 0302 0103 0302 0303 0204 0104 0302 0202
12 , 0101 0201 0203 0403 0101 0103 0201 0203 0203 0103 0104 0203 0201 0304 0203 0302 0201 0103 0201 0201 0302 0401 0404 0301 0302 0402 0104 0202 0301 0304 0204 0401 0403 0301 0303 0202 0104 0302 0101
13 , 0103 0202 0103 0403 0103 0203 0203 0204 0204 0103 0404 0203 0201 0303 0203 0302 0401 0402 0201 0201 0302 0201 0304 0301 0302 0304 0102 0202 0201 0304 0402 0302 0103 0302 0303 0204 0104 0302 0202
14 , 0103 0204 0102 0403 0103 0203 0203 0202 0202 0103 0404 0203 0201 0303 0203 0302 0401 0103 0201 0201 0401 0103 0103 0202 0202 0104 0202 0201 0404 0203 0202 0102 0104 0302 0103 0403 0104 0304 0103
15 , 0103 0204 0104 0403 0103 0204 0201 0402 0203 0104 0402 0404 0104 0303 0103 0302 0201 0403 0201 0301 0302 0201 0304 0301 0402 0302 0102 0201 0201 0204 0402 0302 0103 0302 0303 0204 0104 0302 0102
16 , 0103 0204 0102 0403 0103 0203 0203 0202 0202 0103 0404 0203 0201 0303 0203 0302 0401 0103 0201 0201 0302 0201 0404 0301 0304 0402 0103 0202 0301 0304 0204 0402 0404 0301 0303 0202 0104 0302 0101
17 , 0103 0204 0104 0403 0103 0204 0201 0302 0203 0103 0402 0204 0204 0303 0104 0302 0301 0403 0101 0401 0302 0201 0304 0301 0301 0302 0302 0402 0401 0304 0402 0302 0103 0302 0303 0204 0104 0202 0102
18 , 0103 0202 0104 0403 0103 0404 0201 0302 0203 0103 0402 0404 0204 0403 0103 0302 0201 0403 0201 0101 0401 0103 0103 0202 0202 0104 0202 0201 0404 0203 0202 0102 0104 0302 0103 0403 0104 0304 0103
19 , 0103 0204 0102 0403 0103 0203 0203 0202 0402 0403 0404 0203 0201 0303 0203 0302 0401 0103 0303 0301 0302 0201 0304 0301 0302 0304 0102 0202 0201 0304 0402 0302 0103 0302 0303 0204 0104 0102 0202
20 , 0101 0201 0203 0403 0101 0103 0201 0202 0203 0103 0104 0203 0201 0304 0203 0302 0201 0103 0201 0201 0302 0401 0204 0301 0302 0302 0302 0202 0201 0304 0402 0302 0103 0302 0303 0204 0101 0302 0102
21 , 0103 0202 0103 0403 0103 0203 0401 0202 0202 0103 0304 0203 0201 0303 0203 0302 0401 0403 0202 0201 0302 0201 0304 0301 0302 0302 0102 0102 0201 0204 0402 0302 0101 0302 0303 0204 0104 0302 0102
22 , 0103 0202 0103 0403 0203 0203 0401 0202 0202 0103 0404 0203 0201 0303 0203 0302 0401 0403 0201 0201 0302 0401 0204 0301 0302 0302 0302 0202 0201 0304 0402 0302 0103 0302 0303 0204 0101 0302 0102
23 , 0103 0204 0104 0403 0103 0204 0201 0402 0203 0103 0402 0404 0104 0303 0103 0302 0201 0403 0201 0101 0302 0401 0204 0301 0302 0304 0302 0202 0201 0304 0402 0302 0103 0302 0303 0204 0101 0302 0102
24 , 0103 0202 0403 0403 0103 0203 0201 0202 0202 0103 0404 0203 0201 0303 0203 0302 0401 0403 0201 0201 0302 0401 0204 0301 0302 0302 0302 0202 0202 0304 0402 0302 0103 0302 0303 0204 0101 0302 0102
25 , 0103 0204 0102 0403 0103 0203 0203 0202 0202 0103 0404 0203 0201 0303 0203 0302 0401 0103 0201 0201 0302 0101 0204 0304 0302 0301 0302 0202 0201 0304 0402 0302 0103 0302 0303 0203 0101 0302 0102
26 , 0104 0101 0301 0302 0202 0201 0402 0402 0104 0402 0302 0201 0201 0403 0201 0304 0301 0403 0401 0301 0302 0403 0303 0201 0202 0104 0402 0103 0204 0303 0402 0202 0104 0302 0203 0203 0101 0304 0104
27 , 0103 0203 0303 0302 0102 0201 0201 0201 0302 0201 0304 0202 0203 0403 0302 0302 0301 0103 0401 0301 0302 0201 0304 0301 0302 0302 0102 0202 0201 0304 0402 0303 0103 0303 0303 0304 0104 0302 0102
28 , 0103 0202 0103 0403 0103 0103 0203 0204 0204 0103 0404 0203 0201 0303 0203 0302 0401 0402 0201 0201 0302 0201 0304 0301 0302 0302 0102 0202 0201 0304 0402 0303 0103 0302 0303 0204 0104 0302 0102
29 , 0103 0204 0102 0403 0103 0203 0203 0202 0202 0103 0404 0203 0201 0303 0203 0302 0401 0103 0201 0101 0401 0103 0103 0202 0202 0104 0204 0201 0404 0203 0202 0102 0104 0302 0103 0403 0104 0304 0103
30 , 0101 0201 0203 0403 0101 0103 0201 0202 0203 0103 0104 0203 0201 0304 0203 0302 0201 0103 0201 0201 0302 0201 0304 0301 0302 0302 0102 0202 0201 0304 0402 0303 0103 0302 0303 0204 0104 0302 0102
31 , 0103 0204 0102 0403 0103 0203 0403 0202 0202 0103 0404 0203 0201 0303 0203 0302 0401 0103 0201 0201 0302 0201 0304 0301 0302 0204 0102 0202 0201 0304 0402 0302 0103 0302 0303 0204 0104 0302 0102
32 , 0103 0202 0103 0403 0103 0203 0201 0202 0402 0103 0404 0203 0301 0403 0303 0302 0401 0403 0201 0201 0302 0303 0403 0201 0202 0102 0102 0103 0202 0103 0402 0202 0304 0302 0203 0203 0101 0304 0103
33 , 0103 0202 0103 0403 0103 0203 0401 0202 0202 0103 0404 0203 0201 0303 0203 0302 0401 0403 0202 0201 0304 0103 0103 0101 0202 0404 0202 0201 0404 0203 0302 0103 0104 0303 0103 0403 0104 0104 0103
34 , 0104 0204 0104 0403 0103 0204 0301 0302 0203 0103 0402 0404 0204 0303 0103 0302 0201 0403 0201 0101 0302 0201 0304 0301 0302 0304 0102 0202 0201 0304 0402 0302 0103 0302 0303 0204 0104 0102 0202
35 , 0104 0101 0301 0302 0202 0201 0402 0202 0104 0402 0302 0201 0201 0403 0201 0304 0301 0403 0401 0301 0401 0103 0103 0202 0202 0104 0202 0201 0404 0203 0202 0102 0104 0302 0103 0403 0104 0304 0103
36 , 0101 0201 0203 0403 0101 0103 0201 0203 0203 0103 0104 0203 0201 0304 0203 0302 0201 0103 0201 0201 0302 0401 0204 0301 0302 0302 0302 0202 0201 0304 0402 0302 0103 0302 0303 0204 0101 0302 0102
37 , 0103 0202 0103 0403 0103 0202 0201 0202 0202 0103 0104 0203 0201 0403 0203 0302 0401 0403 0201 0201 0302 0201 0304 0301 0302 0302 0302 0402 0401 0304 0402 0302 0103 0302 0303 0204 0104 0202 0102
38 , 0103 0202 0103 0403 0103 0203 0401 0202 0202 0103 0404 0203 0201 0303 0203 0302 0401 0403 0202 0201 0302 0401 0204 0301 0302 0302 0302 0302 0201 0304 0402 0302 0103 0302 0303 0202 0101 0302 0302
39 , 0103 0401 0301 0301 0102 0204 0402 0202 0104 0402 0303 0201 0301 0403 0301 0304 0301 0401 0401 0301 0302 0401 0204 0301 0302 0302 0302 0204 0204 0304 0402 0302 0103 0302 0303 0204 0101 0303 0303
40 , 0104 0101 0301 0302 0202 0201 0402 0202 0104 0402 0302 0201 0201 0403 0201 0304 0301 0403 0401 0301 0302 0202 0304 0301 0302 0302 0102 0202 0201 0304 0402 0302 0103 0302 0303 0204 0104 0302 0102
41 , 0103 0204 0102 0403 0103 0203 0203 0202 0202 0203 0404 0203 0201 0303 0203 0302 0401 0103 0201 0201 0302 0303 0403 0301 0202 0102 0102 0103 0202 0103 0402 0202 0304 0302 0203 0203 0101 0304 0103
42 , 0103 0202 0103 0403 0103 0203 0201 0202 0202 0103 0404 0203 0201 0303 0203 0302 0401 0403 0201 0201 0401 0103 0103 0202 0202 0104 0202 0201 0404 0203 0202 0102 0104 0302 0103 0403 0104 0304 0103
43 , 0103 0204 0102 0403 0403 0203 0203 0202 0202 0103 0404 0203 0201 0303 0203 0302 0401 0103 0201 0201 0302 0403 0303 0201 0202 0102 0402 0103 0204 0303 0402 0202 0104 0302 0203 0203 0101 0304 0104
44 , 0103 0204 0303 0302 0102 0201 0204 0201 0302 0403 0304 0202 0204 0403 0202 0302 0301 0103 0401 0401 0302 0201 0304 0301 0302 0304 0102 0202 0201 0304 0402 0302 0103 0302 0303 0204 0104 0302 0202
45 , 0103 0204 0104 0403 0103 0204 0201 0402 0203 0103 0402 0404 0104 0303 0103 0302 0201 0403 0201 0101 0302 0201 0304 0301 0302 0302 0302 0402 0401 0304 0402 0302 0103 0302 0303 0204 0104 0202 0102
46 , 0303 0202 0103 0403 0103 0203 0401 0202 0202 0103 0404 0203 0201 0303 0203 0302 0401 0403 0201 0201 0302 0201 0304 0301 0302 0304 0102 0202 0201 0304 0402 0302 0103 0302 0303 0204 0104 0302 0202
47 , 0103 0204 0102 0403 0103 0203 0403 0202 0202 0103 0404 0203 0201 0303 0203 0302 0401 0103 0201 0201 0302 0303 0303 0201 0202 0102 0102 0103 0202 0103 0402 0202 0304 0302 0203 0203 0101 0304 0103
48 , 0103 0202 0103 0403 0103 0203 0401 0203 0202 0103 0404 0203 0201 0303 0203 0302 0401 0403 0202 0201 0302 0201 0304 0301 0302 0202 0102 0202 0201 0301 0402 0302 0104 0302 0303 0204 0104 0302 0102
49 , 0103 0202 0103 0403 0103 0203 0201 0203 0202 0103 0404 0203 0201 0303 0203 0302 0401 0403 0201 0201 0401 0103 0103 0202 0202 0104 0202 0201 0404 0203 0202 0102 0104 0302 0103 0403 0104 0304 0103
50 , 0103 0202 0103 0403 0103 0202 0401 0202 0202 0103 0404 0203 0201 0303 0203 0302 0401 0403 0201 0201 0302 0401 0204 0301 0302 0302 0102 0203 0201 0204 0402 0302 0403 0302 0301 0204 0101 0302 0102
51 , 0103 0202 0103 0403 0103 0203 0201 0202 0202 0103 0404 0203 0201 0303 0203 0302 0401 0403 0201 0201 0302 0201 0304 0301 0302 0302 0102 0202 0201 0304 0402 0302 0103 0302 0303 0204 0104 0302 0102
52 , 0103 0202 0103 0403 0103 0203 0201 0202 0402 0103 0404 0203 0301 0403 0303 0302 0401 0403 0201 0201 0401 0103 0103 0202 0202 0104 0204 0201 0404 0201 0202 0102 0104 0302 0103 0403 0104 0304 0103
53 , 0103 0202 0103 0403 0103 0202 0201 0202 0202 0103 0104 0203 0201 0103 0203 0302 0401 0403 0201 0201 0302 0201 0304 0301 0302 0202 0102 0202 0201 0301 0402 0302 0104 0302 0103 0204 0104 0302 0102
54 , 0104 0101 0301 0302 0202 0201 0402 0402 0104 0402 0102 0201 0201 0403 0201 0304 0301 0403 0401 0301 0302 0201 0304 0301 0302 0304 0102 0202 0201 0304 0402 0302 0103 0302 0303 0204 0104 0302 0202
55 , 0104 0101 0301 0302 0202 0201 0402 0402 0104 0402 0102 0201 0201 0403 0201 0304 0301 0403 0401 0301 0302 0201 0304 0301 0302 0302 0102 0202 0201 0304 0402 0303 0103 0302 0303 0204 0104 0302 0102
56 , 0101 0201 0203 0403 0101 0103 0201 0203 0203 0103 0104 0203 0201 0304 0203 0302 0201 0103 0201 0201 0302 0201 0304 0301 0302 0304 0102 0202 0201 0304 0402 0302 0103 0302 0303 0204 0104 0302 0202
57 , 0104 0401 0301 0302 0202 0201 0402 0402 0104 0402 0302 0201 0201 0403 0201 0304 0301 0403 0401 0301 0302 0201 0304 0301 0302 0202 0102 0202 0201 0301 0402 0302 0104 0302 0303 0204 0104 0302 0102
58 , 0103 0204 0102 0403 0103 0203 0203 0202 0202 0103 0404 0103 0201 0303 0203 0302 0401 0103 0201 0201 0302 0201 0304 0301 0302 0204 0102 0202 0201 0304 0402 0302 0103 0302 0303 0204 0104 0302 0102
59 , 0103 0204 0102 0403 0103 0203 0203 0202 0302 0102 0404 0203 0204 0303 0303 0103 0401 0103 0201 0201 0102 0102 0304 0301 0101 0302 0102 0202 0301 0301 0402 0302 0103 0402 0303 0202 0101 0302 0102
60 , 0104 0401 0301 0302 0202 0201 0402 0402 0104 0402 0302 0201 0201 0403 0201 0304 0301 0403 0401 0301 0302 0201 0304 0301 0302 0302 0102 0202 0201 0304 0402 0302 0103 0302 0303 0204 0104 0302 0102
61 , 0103 0202 0403 0403 0103 0203 0201 0202 0202 0103 0404 0203 0201 0303 0203 0302 0401 0403 0201 0201 0302 0401 0204 0301 0302 0302 0302 0202 0201 0304 0402 0302 0103 0302 0303 0204 0101 0302 0102
62 , 0103 0202 0104 0403 0103 0404 0201 0302 0203 0103 0402 0404 0204 0403 0103 0302 0201 0403 0201 0101 0401 0103 0103 0202 0202 0104 0202 0201 0404 0203 0202 0102 0104 0302 0103 0403 0104 0304 0103
63 , 0103 0202 0103 0403 0103 0203 0201 0202 0402 0103 0404 0203 0301 0403 0303 0302 0401 0403 0201 0201 0302 0401 0204 0301 0302 0304 0302 0202 0201 0304 0402 0302 0103 0302 0303 0204 0101 0302 0102
64 , 0104 0401 0301 0302 0202 0201 0402 0402 0104 0402 0302 0201 0201 0403 0201 0304 0301 0403 0401 0301 0302 0401 0204 0301 0302 0302 0302 0202 0201 0304 0402 0302 0103 0302 0303 0204 0101 0302 0102
65 , 0103 0202 0103 0403 0103 0203 0401 0202 0202 0103 0404 0203 0201 0303 0203 0302 0401 0403 0202 0201 0302 0201 0304 0301 0302 0304 0102 0202 0201 0304 0402 0302 0103 0302 0303 0204 0104 0302 0202
66 , 0103 0202 0103 0403 0103 0203 0401 0202 0202 0103 0304 0203 0201 0303 0203 0302 0401 0403 0202 0201 0302 0401 0204 0301 0302 0302 0302 0202 0201 0304 0402 0302 0103 0302 0303 0204 0101 0302 0102
67 , 0103 0204 0102 0403 0103 0203 0203 0202 0202 0103 0404 0203 0201 0303 0203 0302 0401 0103 0201 0201 0302 0201 0304 0301 0302 0304 0102 0202 0201 0304 0402 0302 0103 0302 0303 0204 0104 0302 0102
68 , 0103 0204 0102 0403 0403 0203 0203 0202 0202 0103 0404 0203 0201 0303 0203 0302 0301 0103 0201 0201 0302 0401 0204 0301 0302 0302 0102 0203 0201 0204 0402 0302 0403 0302 0301 0204 0101 0302 0102
69 , 0101 0201 0203 0403 0101 0103 0201 0203 0203 0103 0104 0203 0201 0304 0203 0302 0201 0103 0204 0201 0302 0401 0204 0301 0303 0302 0302 0202 0202 0304 0402 0302 0103 0302 0303 0204 0101 0302 0102
70 , 0103 0202 0103 0403 0103 0203 0401 0202 0202 0103 0404 0203 0201 0103 0203 0302 0401 0403 0202 0201 0302 0201 0404 0301 0304 0402 0103 0202 0301 0304 0204 0402 0404 0301 0303 0202 0104 0302 0101
71 , 0101 0201 0203 0403 0101 0103 0201 0202 0203 0103 0104 0203 0201 0304 0203 0302 0201 0103 0201 0201 0102 0102 0304 0301 0101 0302 0102 0202 0301 0301 0402 0302 0103 0402 0303 0202 0101 0302 0102
72 , 0103 0202 0103 0403 0103 0203 0201 0202 0202 0103 0404 0203 0301 0303 0203 0302 0401 0403 0201 0201 0302 0303 0303 0201 0202 0102 0102 0103 0202 0103 0402 0202 0304 0303 0203 0203 0101 0304 0103
73 , 0103 0202 0103 0403 0103 0203 0203 0204 0204 0103 0404 0203 0201 0303 0203 0302 0401 0402 0201 0201 0401 0103 0103 0202 0202 0104 0204 0201 0404 0203 0202 0102 0104 0302 0103 0403 0104 0304 0103
74 , 0103 0204 0102 0403 0103 0203 0203 0202 0202 0203 0404 0203 0201 0303 0203 0302 0401 0103 0201 0201 0302 0201 0304 0301 0302 0304 0102 0202 0201 0303 0402 0302 0103 0302 0303 0204 0104 0302 0202
75 , 0103 0204 0102 0403 0103 0203 0203 0202 0402 0403 0404 0203 0201 0303 0203 0302 0401 0103 0203 0201 0302 0401 0404 0301 0302 0402 0104 0202 0301 0304 0204 0401 0403 0301 0303 0202 0104 0302 0101
76 , 0103 0202 0104 0403 0103 0404 0201 0302 0203 0103 0402 0404 0204 0403 0103 0302 0201 0403 0201 0101 0302 0201 0304 0301 0302 0302 0102 0202 0201 0304 0402 0302 0103 0302 0303 0204 0104 0302 0102
77 , 0103 0204 0303 0302 0102 0201 0204 0201 0302 0403 0304 0202 0204 0403 0202 0302 0301 0103 0401 0401 0401 0103 0103 0202 0202 0104 0202 0201 0404 0203 0202 0102 0104 0302 0103 0403 0104 0304 0103
78 , 0103 0204 0102 0403 0103 0303 0203 0202 0202 0103 0404 0203 0201 0303 0203 0302 0401 0103 0201 0201 0401 0103 0103 0202 0202 0104 0204 0201 0404 0201 0202 0102 0104 0302 0103 0403 0104 0304 0103
79 , 0103 0202 0103 0403 0103 0202 0401 0202 0202 0103 0404 0203 0201 0303 0203 0302 0401 0403 0201 0201 0302 0201 0304 0301 0302 0302 0302 0402 0401 0304 0402 0302 0103 0302 0303 0204 0104 0202 0102
80 , 0303 0202 0102 0403 0103 0203 0401 0202 0202 0103 0104 0203 0201 0303 0203 0302 0401 0403 0201 0201 0302 0303 0303 0201 0202 0102 0102 0103 0202 0103 0402 0202 0304 0302 0203 0203 0101 0304 0103
81 , 0103 0202 0103 0403 0103 0202 0401 0202 0202 0103 0404 0203 0201 0303 0203 0302 0401 0403 0201 0201 0401 0103 0103 0202 0202 0104 0202 0201 0404 0203 0202 0102 0104 0302 0103 0403 0104 0304 0103
82 , 0104 0101 0301 0302 0202 0201 0402 0202 0104 0402 0302 0201 0201 0403 0201 0304 0301 0403 0401 0301 0302 0401 0204 0301 0302 0302 0302 0202 0101 0304 0401 0302 0103 0302 0303 0204 0201 0302 0102
83 , 0103 0204 0102 0403 0103 0203 0203 0202 0202 0203 0404 0203 0201 0303 0203 0302 0401 0103 0201 0201 0302 0201 0304 0301 0302 0304 0102 0202 0201 0304 0402 0302 0103 0302 0303 0204 0104 0302 0202
84 , 0104 0101 0301 0302 0202 0201 0402 0202 0104 0402 0302 0201 0201 0403 0201 0304 0301 0403 0401 0301 0302 0201 0304 0301 0302 0302 0102 0302 0201 0304 0402 0302 0103 0302 0303 0204 0104 0302 0102
85 , 0103 0202 0103 0403 0103 0203 0201 0201 0202 0102 0404 0203 0201 0103 0203 0302 0401 0403 0201 0201 0304 0103 0103 0101 0202 0404 0202 0201 0304 0203 0302 0103 0104 0303 0103 0403 0104 0104 0403
86 , 0103 0202 0103 0403 0103 0203 0201 0203 0202 0103 0404 0203 0201 0303 0203 0302 0401 0403 0201 0201 0302 0401 0204 0301 0302 0302 0302 0202 0201 0304 0402 0302 0103 0302 0303 0204 0101 0302 0102
87 , 0103 0204 0102 0403 0103 0203 0203 0202 0202 0103 0404 0203 0201 0303 0203 0302 0401 0103 0201 0201 0302 0403 0303 0201 0202 0102 0402 0103 0204 0303 0402 0202 0404 0301 0203 0203 0101 0304 0104
88 , 0103 0204 0102 0403 0103 0203 0203 0202 0202 0103 0404 0203 0201 0303 0203 0302 0401 0103 0201 0201 0302 0201 0304 0301 0302 0302 0102 0202 0201 0304 0402 0303 0103 0302 0303 0204 0104 0302 0102
89 , 0103 0202 0103 0403 0103 0203 0401 0202 0202 0103 0304 0203 0201 0303 0203 0302 0401 0403 0202 0201 0302 0401 0204 0301 0302 0302 0302 0202 0202 0304 0402 0302 0103 0302 0303 0204 0101 0302 0102
90 , 0104 0204 0104 0403 0103 0204 0301 0302 0203 0103 0402 0404 0204 0303 0103 0302 0201 0403 0201 0101 0302 0401 0204 0301 0302 0302 0302 0202 0201 0304 0402 0302 0103 0302 0303 0204 0101 0302 0102
91 , 0103 0202 0103 0403 0103 0203 0201 0203 0202 0103 0404 0203 0201 0303 0203 0302 0401 0403 0201 0201 0302 0401 0204 0301 0302 0302 0302 0202 0201 0304 0402 0302 0103 0302 0303 0204 0101 0302 0102
92 , 0103 0202 0103 0403 0203 0203 0401 0202 0202 0203 0404 0203 0201 0303 0203 0302 0401 0403 0201 0201 0401 0103 0103 0202 0202 0104 0202 0201 0404 0203 0202 0102 0104 0302 0103 0403 0104 0304 0103
93 , 0103 0202 0103 0403 0103 0202 0401 0202 0202 0103 0404 0203 0201 0303 0203 0302 0401 0403 0201 0201 0404 0103 0103 0202 0202 0104 0204 0201 0404 0203 0202 0102 0104 0302 0103 0403 0104 0304 0103
94 , 0104 0101 0301 0302 0202 0201 0402 0402 0104 0402 0302 0201 0201 0403 0201 0304 0301 0403 0401 0301 0102 0102 0304 0201 0101 0302 0102 0202 0301 0301 0402 0302 0103 0402 0303 0202 0101 0302 0102
95 , 0103 0202 0103 0403 0103 0202 0401 0202 0202 0103 0404 0203 0201 0303 0203 0302 0401 0403 0201 0201 0302 0201 0304 0301 0302 0304 0102 0202 0201 0304 0402 0302 0103 0302 0303 0204 0104 0102 0202
96 , 0103 0202 0103 0403 0103 0203 0401 0202 0202 0103 0404 0203 0201 0303 0203 0302 0401 0403 0202 0201 0302 0401 0204 0301 0302 0302 0302 0202 0202 0304 0402 0302 0103 0302 0303 0204 0101 0302 0102
97 , 0103 0204 0102 0403 0103 0203 0203 0202 0203 0203 0404 0203 0201 0303 0203 0302 0401 0103 0201 0201 0401 0103 0103 0202 0202 0104 0202 0201 0404 0203 0202 0102 0104 0302 0103 0403 0104 0304 0103
98 , 0103 0204 0102 0403 0103 0303 0203 0202 0202 0203 0404 0203 0201 0303 0203 0302 0401 0103 0201 0203 0302 0201 0204 0301 0302 0304 0102 0202 0201 0301 0402 0302 0103 0302 0303 0204 0104 0302 0102
99 , 0104 0401 0301 0302 0202 0201 0402 0402 0104 0402 0302 0201 0201 0403 0201 0304 0301 0403 0401 0301 0302 0401 0204 0301 0302 0302 0302 0202 0201 0304 0402 0302 0103 0302 0303 0204 0101 0302 0102
100 , 0103 0204 0102 0403 0103 0203 0203 0202 0202 0103 0404 0203 0201 0303 0203 0302 0401 0103 0101 0201 0302 0201 0304 0301 0302 0302 0102 0204 0201 0304 0402 0303 0403 0303 0303 0204 0104 0302 0102
101 , 0103 0204 0102 0403 0103 0203 0203 0202 0202 0103 0404 0203 0201 0303 0203 0302 0401 0103 0201 0201 0401 0103 0103 0202 0202 0104 0204 0201 0404 0201 0202 0102 0104 0302 0103 0403 0104 0304 0103
102 , 0103 0202 0103 0403 0103 0203 0401 0202 0202 0103 0404 0203 0201 0303 0203 0302 0401 0401 0202 0201 0302 0201 0404 0301 0304 0402 0103 0202 0301 0304 0204 0402 0404 0301 0303 0202 0104 0302 0201
103 , 0103 0204 0102 0403 0103 0203 0403 0202 0202 0103 0404 0203 0201 0303 0203 0302 0401 0103 0201 0201 0302 0401 0204 0301 0302 0302 0302 0202 0201 0304 0402 0302 0103 0302 0303 0204 0101 0302 0102
104 , 0303 0202 0103 0403 0103 0203 0401 0202 0202 0103 0404 0203 0201 0303 0203 0302 0401 0403 0201 0201 0302 0401 0204 0301 0302 0302 0302 0202 0201 0304 0402 0302 0103 0302 0303 0204 0101 0302 0102
105 , 0103 0202 0103 0403 0103 0202 0201 0202 0202 0103 0104 0203 0201 0403 0203 0302 0401 0403 0201 0201 0302 0201 0304 0301 0302 0302 0102 0202 0201 0304 0402 0302 0103 0302 0303 0204 0104 0302 0102
106 , 0103 0204 0102 0403 0103 0203 0203 0202 0201 0103 0404 0103 0201 0303 0203 0302 0402 0103 0201 0201 0102 0102 0304 0301 0101 0302 0102 0302 0301 0301 0402 0302 0103 0402 0303 0202 0101 0302 0102
107 , 0103 0202 0103 0403 0103 0203 0203 0204 0204 0103 0404 0203 0201 0303 0203 0302 0401 0402 0201 0201 0102 0102 0304 0301 0101 0302 0102 0202 0301 0301 0402 0302 0103 0402 0303 0202 0101 0302 0102
108 , 0103 0204 0102 0403 0103 0203 0203 0202 0202 0103 0404 0203 0201 0303 0203 0302 0401 0103 0201 0201 0302 0204 0304 0301 0302 0302 0102 0202 0201 0304 0402 0302 0103 0302 0303 0204 0104 0302 0102
109 , 0103 0202 0103 0403 0103 0202 0401 0202 0202 0103 0404 0203 0201 0303 0203 0302 0401 0403 0201 0201 0302 0303 0303 0201 0202 0102 0103 0103 0202 0103 0402 0202 0304 0302 0203 0203 0101 0304 0103
110 , 0103 0204 0303 0302 0102 0201 0404 0201 0302 0403 0304 0202 0201 0403 0202 0302 0301 0103 0401 0403 0302 0201 0204 0301 0302 0304 0102 0202 0201 0301 0402 0302 0103 0302 0303 0204 0104 0302 0102
111 , 0103 0204 0102 0403 0103 0203 0203 0202 0201 0103 0404 0103 0201 0303 0203 0302 0402 0103 0201 0203 0302 0201 0204 0301 0302 0304 0102 0202 0201 0301 0402 0302 0103 0302 0303 0204 0104 0302 0102
112 , 0104 0101 0301 0302 0202 0201 0402 0402 0104 0402 0102 0201 0201 0403 0201 0304 0301 0403 0401 0301 0302 0401 0204 0301 0302 0302 0302 0202 0201 0304 0402 0302 0103 0302 0303 0204 0101 0302 0102
113 , 0103 0203 0303 0302 0102 0201 0201 0201 0302 0201 0304 0202 0203 0403 0302 0302 0301 0103 0401 0301 0302 0401 0404 0301 0302 0402 0104 0202 0301 0304 0204 0401 0403 0301 0303 0202 0104 0302 0101
114 , 0103 0202 0103 0403 0103 0203 0203 0204 0204 0103 0404 0203 0201 0303 0203 0302 0401 0402 0201 0201 0302 0201 0304 0301 0302 0304 0102 0202 0201 0304 0402 0302 0103 0302 0302 0204 0104 0302 0102
115 , 0103 0204 0102 0403 0103 0203 0203 0202 0202 0203 0404 0203 0201 0303 0203 0302 0401 0103 0201 0201 0401 0103 0103 0202 0202 0104 0202 0201 0404 0203 0202 0102 0104 0302 0103 0403 0104 0304 0103
116 , 0104 0103 0301 0302 0202 0201 0402 0202 0104 0402 0302 0201 0201 0403 0201 0304 0301 0303 0401 0301 0302 0401 0204 0301 0302 0302 0302 0202 0201 0304 0402 0302 0103 0302 0303 0204 0101 0302 0102
117 , 0103 0203 0304 0302 0102 0201 0201 0201 0302 0201 0304 0202 0203 0403 0202 0302 0301 0103 0401 0301 0401 0103 0103 0202 0202 0104 0202 0201 0404 0203 0202 0102 0104 0302 0103 0403 0104 0304 0103
118 , 0103 0202 0103 0403 0103 0203 0401 0202 0202 0103 0404 0203 0201 0303 0203 0302 0401 0403 0202 0201 0302 0401 0204 0301 0302 0302 0302 0202 0201 0304 0402 0302 0103 0302 0303 0204 0101 0301 0102
119 , 0104 0101 0301 0302 0202 0201 0402 0202 0104 0402 0302 0201 0201 0403 0201 0304 0301 0403 0401 0301 0102 0102 0304 0301 0101 0302 0102 0202 0301 0301 0402 0302 0103 0402 0303 0202 0101 0302 0102
120 , 0103 0202 0103 0403 0103 0203 0201 0202 0202 0103 0404 0203 0201 0303 0203 0302 0401 0403 0201 0201 0102 0102 0304 0301 0101 0302 0102 0302 0301 0301 0402 0302 0103 0402 0303 0202 0101 0302 0302
121 , 0103 0401 0301 0301 0102 0204 0402 0202 0104 0402 0303 0201 0301 0403 0301 0304 0301 0401 0401 0301 0302 0201 0304 0301 0302 0304 0102 0202 0201 0304 0402 0302 0103 0302 0303 0204 0104 0302 0202
122 , 0101 0201 0203 0402 0101 0103 0201 0202 0203 0103 0104 0203 0201 0304 0203 0302 0201 0103 0201 0201 0302 0201 0304 0301 0302 0302 0302 0402 0401 0304 0402 0302 0103 0302 0303 0204 0104 0202 0102
123 , 0103 0202 0103 0403 0103 0203 0401 0202 0202 0103 0404 0203 0201 0303 0203 0302 0401 0401 0202 0201 0401 0103 0103 0202 0202 0104 0202 0201 0404 0203 0202 0102 0104 0302 0103 0403 0104 0304 0103
124 , 0103 0202 0103 0403 0103 0203 0401 0202 0202 0103 0404 0203 0201 0303 0203 0302 0401 0403 0202 0201 0302 0201 0304 0301 0302 0302 0102 0202 0201 0304 0402 0302 0103 0302 0303 0204 0104 0302 0102
125 , 0103 0202 0103 0403 0103 0203 0401 0203 0202 0103 0404 0203 0201 0303 0203 0302 0401 0403 0202 0201 0302 0201 0304 0301 0302 0302 0302 0402 0401 0304 0402 0302 0103 0302 0303 0204 0104 0202 0102
126 , 0101 0201 0203 0403 0101 0103 0201 0203 0203 0103 0104 0203 0201 0304 0203 0302 0201 0103 0201 0201 0302 0201 0304 0301 0302 0304 0102 0202 0201 0304 0402 0302 0103 0302 0303 0204 0104 0302 0202
127 , 0103 0202 0103 0403 0103 0203 0201 0202 0202 0103 0404 0203 0201 0303 0203 0302 0401 0403 0201 0201 0302 0401 0204 0301 0302 0302 0302 0202 0201 0304 0402 0302 0103 0302 0303 0204 0101 0302 0102
128 , 0103 0204 0102 0403 0103 0203 0203 0202 0302 0102 0404 0203 0204 0303 0303 0103 0401 0103 0201 0201 0302 0401 0204 0301 0302 0302 0302 0202 0201 0304 0402 0302 0103 0302 0303 0204 0101 0302 0102
129 , 0103 0202 0103 0403 0103 0203 0201 0201 0202 0102 0404 0203 0201 0103 0203 0302 0401 0403 0201 0201 0401 0103 0103 0202 0202 0104 0204 0201 0404 0203 0202 0102 0104 0302 0103 0403 0104 0304 0103
130 , 0103 0202 0103 0203 0103 0203 0201 0202 0202 0103 0404 0203 0301 0303 0203 0304 0401 0404 0201 0201 0302 0201 0304 0301 0302 0202 0102 0202 0201 0301 0402 0302 0101 0302 0303 0204 0104 0302 0102
131 , 0103 0202 0104 0403 0103 0404 0201 0302 0203 0101 0402 0404 0204 0403 0103 0302 0201 0401 0201 0101 0302 0401 0204 0301 0302 0302 0302 0202 0201 0304 0402 0302 0103 0302 0303 0204 0101 0302 0102
132 , 0104 0101 0301 0302 0202 0201 0402 0202 0104 0402 0302 0201 0201 0403 0201 0304 0301 0403 0401 0301 0302 0201 0304 0301 0302 0204 0102 0202 0201 0304 0402 0302 0103 0302 0303 0204 0104 0302 0102
133 , 0103 0401 0301 0301 0102 0204 0402 0202 0104 0402 0303 0201 0301 0403 0301 0304 0301 0401 0401 0301 0302 0401 0204 0301 0302 0304 0302 0203 0201 0304 0402 0302 0103 0302 0303 0204 0101 0302 0102
134 , 0103 0202 0103 0403 0103 0103 0203 0204 0204 0103 0404 0203 0201 0303 0203 0302 0401 0402 0201 0201 0302 0401 0204 0301 0302 0302 0302 0202 0201 0304 0402 0302 0103 0302 0303 0204 0101 0302 0102
135 , 0103 0204 0102 0403 0403 0203 0203 0202 0202 0103 0404 0203 0201 0303 0203 0302 0301 0103 0201 0201 0401 0103 0103 0202 0202 0104 0204 0201 0404 0203 0202 0102 0104 0302 0103 0403 0104 0304 0103
136 , 0103 0202 0103 0403 0103 0103 0203 0204 0204 0103 0404 0203 0201 0303 0203 0302 0401 0402 0201 0201 0302 0202 0304 0301 0302 0302 0102 0202 0201 0304 0402 0302 0103 0302 0303 0204 0104 0302 0102
137 , 0103 0204 0102 0403 0103 0203 0203 0202 0201 0103 0404 0103 0201 0303 0203 0302 0402 0103 0201 0201 0302 0201 0304 0301 0302 0302 0102 0302 0201 0304 0402 0302 0103 0302 0303 0204 0104 0302 0102
138 , 0103 0202 0103 0403 0103 0203 0201 0202 0202 0103 0404 0203 0201 0303 0203 0302 0401 0403 0201 0201 0302 0201 0304 0301 0302 0304 0202 0202 0201 0304 0402 0302 0103 0302 0303 0204 0104 0302 0202
139 , 0103 0204 0102 0403 0103 0203 0203 0202 0202 0103 0404 0203 0201 0303 0203 0302 0401 0103 0201 0101 0302 0201 0304 0301 0302 0204 0102 0202 0201 0304 0402 0302 0103 0302 0303 0204 0104 0302 0102
140 , 0103 0202 0103 0403 0103 0203 0201 0202 0402 0103 0404 0203 0301 0403 0303 0302 0401 0403 0201 0201 0302 0401 0404 0301 0302 0402 0104 0202 0301 0304 0204 0401 0403 0301 0303 0202 0104 0302 0101
141 , 0103 0401 0301 0301 0102 0204 0402 0202 0104 0402 0303 0201 0301 0403 0301 0304 0301 0401 0401 0301 0302 0201 0304 0301 0302 0202 0102 0202 0201 0301 0402 0302 0104 0302 0303 0204 0104 0302 0102
142 , 0104 0101 0301 0302 0202 0201 0402 0202 0104 0402 0302 0201 0201 0403 0201 0304 0301 0403 0401 0301 0302 0201 0304 0301 0302 0304 0102 0202 0201 0304 0402 0302 0103 0302 0303 0204 0104 0302 0202
143 , 0103 0204 0102 0403 0103 0203 0203 0202 0202 0103 0404 0203 0201 0303 0203 0302 0401 0103 0201 0201 0302 0401 0204 0301 0302 0302 0302 0202 0201 0304 0402 0302 0103 0302 0303 0204 0101 0302 0102
144 , 0103 0204 0102 0403 0103 0203 0403 0204 0202 0103 0404 0203 0201 0303 0203 0302 0401 0103 0201 0201 0302 0201 0302 0301 0302 0302 0102 0202 0201 0304 0402 0303 0103 0302 0303 0404 0104 0402 0102
145 , 0103 0202 0103 0403 0103 0203 0201 0203 0202 0103 0404 0203 0201 0303 0203 0302 0401 0403 0201 0201 0302 0201 0304 0302 0302 0304 0102 0202 0202 0304 0402 0302 0103 0302 0303 0204 0104 0302 0102
146 , 0103 0204 0102 0403 0103 0203 0203 0202 0202 0203 0404 0203 0201 0303 0203 0302 0401 0103 0201 0201 0401 0103 0103 0202 0202 0104 0202 0201 0404 0203 0202 0102 0104 0302 0103 0403 0104 0304 0103
147 , 0103 0401 0301 0301 0102 0204 0402 0202 0104 0402 0303 0201 0301 0403 0301 0304 0301 0401 0401 0301 0302 0201 0304 0301 0302 0302 0302 0402 0401 0304 0402 0302 0103 0302 0303 0204 0104 0202 0102
148 , 0103 0202 0103 0403 0103 0202 0401 0202 0202 0103 0404 0203 0201 0303 0203 0302 0401 0403 0201 0201 0302 0401 0204 0301 0302 0302 0302 0202 0201 0304 0402 0302 0103 0302 0303 0204 0101 0302 0102
149 , 0103 0202 0104 0403 0103 0404 0201 0302 0203 0103 0402 0404 0204 0403 0103 0302 0201 0403 0201 0103 0302 0201 0304 0301 0302 0304 0102 0202 0201 0304 0402 0302 0103 0302 0303 0204 0104 0302 0102
150 , 0103 0202 0403 0403 0103 0203 0201 0202 0202 0103 0404 0203 0201 0303 0203 0302 0401 0403 0201 0201 0304 0103 0103 0101 0202 0404 0202 0201 0404 0203 0302 0103 0104 0303 0103 0403 0104 0104 0103
151 , 0303 0202 0102 0403 0103 0203 0401 0202 0202 0103 0104 0203 0201 0303 0203 0302 0401 0403 0201 0201 0401 0103 0103 0202 0202 0104 0202 0201 0404 0203 0202 0102 0104 0302 0103 0403 0104 0304 0103
152 , 0103 0202 0103 0403 0103 0203 0203 0204 0204 0103 0404 0203 0201 0303 0203 0302 0401 0402 0201 0201 0404 0103 0103 0202 0202 0104 0204 0201 0404 0203 0202 0102 0104 0302 0103 0403 0104 0304 0103
153 , 0103 0202 0103 0403 0103 0203 0401 0202 0202 0103 0304 0203 0201 0303 0203 0302 0401 0403 0202 0201 0302 0201 0304 0301 0302 0302 0102 0202 0201 0304 0402 0302 0103 0302 0303 0204 0104 0302 0102
154 , 0101 0201 0203 0403 0101 0103 0201 0203 0203 0103 0104 0203 0201 0304 0203 0302 0201 0103 0201 0201 0302 0401 0204 0301 0302 0302 0302 0202 0201 0304 0402 0302 0103 0302 0303 0204 0101 0302 0102
155 , 0104 0101 0301 0302 0202 0201 0402 0202 0104 0402 0302 0201 0201 0403 0201 0304 0301 0403 0401 0301 0302 0201 0304 0301 0302 0302 0302 0402 0401 0304 0402 0302 0103 0302 0303 0204 0104 0202 0102
156 , 0103 0202 0103 0403 0103 0203 0201 0201 0202 0102 0404 0203 0201 0103 0203 0302 0401 0403 0201 0201 0302 0201 0304 0302 0302 0304 0102 0202 0201 0304 0402 0302 0103 0302 0303 0201 0104 0302 0102
157 , 0104 0101 0301 0302 0202 0201 0402 0202 0104 0402 0302 0201 0201 0403 0201 0304 0301 0403 0401 0301 0302 0201 0304 0302 0102 0304 0102 0202 0202 0304 0402 0302 0103 0302 0303 0204 0104 0302 0102
158 , 0103 0204 0102 0403 0103 0203 0203 0202 0202 0103 0404 0203 0201 0303 0203 0302 0401 0103 0201 0201 0302 0401 0204 0301 0302 0302 0302 0202 0202 0304 0402 0302 0103 0302 0303 0204 0101 0302 0102
159 , 0103 0202 0103 0403 0103 0203 0201 0202 0202 0102 0404 0203 0201 0303 0203 0302 0401 0403 0201 0201 0401 0103 0103 0202 0202 0104 0202 0201 0404 0203 0202 0102 0104 0302 0103 0403 0104 0304 0103
160 , 0103 0204 0102 0403 0103 0203 0203 0102 0202 0103 0404 0203 0201 0103 0203 0302 0401 0103 0202 0101 0302 0401 0204 0301 0302 0302 0302 0302 0201 0304 0402 0302 0103 0302 0303 0202 0101 0302 0302
161 , 0104 0101 0301 0302 0202 0201 0402 0202 0104 0402 0302 0201 0201 0403 0201 0304 0301 0403 0401 0301 0302 0201 0304 0301 0302 0304 0102 0202 0201 0304 0402 0302 0103 0302 0303 0204 0104 0302 0202
162 , 0101 0201 0203 0403 0101 0103 0201 0202 0203 0103 0104 0203 0201 0304 0203 0302 0201 0103 0201 0201 0302 0201 0304 0301 0302 0304 0102 0202 0201 0304 0402 0302 0103 0302 0302 0204 0104 0302 0102
163 , 0103 0202 0103 0403 0103 0203 0401 0202 0202 0103 0404 0203 0201 0303 0203 0302 0401 0403 0202 0201 0102 0102 0304 0301 0101 0302 0102 0302 0301 0301 0402 0302 0103 0402 0303 0202 0101 0302 0102
164 , 0103 0202 0103 0403 0103 0203 0201 0202 0202 0102 0404 0203 0201 0303 0203 0302 0401 0403 0201 0201 0302 0401 0404 0301 0302 0402 0104 0202 0301 0304 0204 0401 0403 0301 0303 0202 0104 0302 0101
165 , 0103 0202 0103 0403 0103 0203 0201 0203 0202 0103 0404 0203 0201 0303 0203 0302 0401 0403 0201 0201 0302 0401 0204 0301 0302 0302 0302 0202 0201 0304 0402 0302 0103 0302 0303 0204 0101 0302 0102
166 , 0103 0204 0102 0403 0103 0203 0203 0202 0202 0103 0404 0203 0201 0303 0203 0302 0401 0103 0201 0201 0302 0201 0404 0301 0304 0402 0103 0202 0301 0304 0204 0402 0404 0301 0303 0202 0104 0302 0101
167 , 0103 0204 0102 0403 0103 0203 0203 0202 0201 0103 0404 0103 0201 0303 0203 0302 0402 0103 0201 0201 0302 0401 0404 0301 0302 0402 0104 0202 0301 0304 0204 0401 0403 0301 0303 0202 0104 0302 0101
168 , 0103 0204 0104 0403 0103 0204 0201 0302 0203 0103 0402 0204 0204 0303 0104 0302 0301 0403 0101 0401 0302 0201 0404 0301 0304 0402 0103 0202 0301 0302 0204 0402 0404 0301 0303 0202 0104 0302 0101
169 , 0103 0204 0102 0403 0103 0203 0203 0202 0202 0203 0404 0203 0201 0303 0203 0302 0401 0103 0201 0201 0302 0401 0204 0301 0302 0302 0302 0202 0101 0304 0401 0302 0103 0302 0303 0204 0201 0302 0102
170 , 0101 0201 0203 0403 0101 0103 0201 0202 0203 0103 0104 0203 0201 0304 0203 0302 0201 0103 0201 0201 0302 0401 0204 0301 0304 0302 0302 0202 0201 0304 0402 0302 0103 0302 0303 0204 0101 0302 0102
171 , 0103 0204 0104 0403 0103 0204 0201 0402 0203 0103 0402 0404 0104 0303 0103 0302 0201 0403 0201 0101 0401 0103 0103 0302 0202 0104 0204 0201 0404 0203 0202 0102 0104 0302 0103 0403 0104 0304 0103
172 , 0303 0202 0103 0403 0103 0203 0401 0202 0202 0103 0404 0203 0201 0303 0203 0302 0401 0403 0201 0201 0302 0401 0404 0301 0302 0402 0104 0202 0301 0304 0204 0401 0403 0301 0303 0202 0104 0302 0101
173 , 0103 0204 0102 0403 0103 0203 0203 0202 0202 0103 0404 0203 0201 0303 0203 0302 0401 0103 0201 0201 0404 0103 0103 0202 0202 0104 0204 0201 0404 0203 0202 0102 0104 0302 0103 0403 0104 0304 0103
174 , 0103 0202 0103 0403 0103 0203 0401 0202 0202 0103 0404 0203 0201 0303 0203 0302 0401 0403 0202 0201 0302 0303 0303 0201 0202 0102 0102 0103 0202 0103 0402 0202 0304 0303 0203 0203 0101 0304 0103
175 , 0103 0204 0102 0403 0103 0203 0203 0202 0202 0103 0404 0203 0201 0303 0203 0302 0401 0103 0201 0201 0302 0201 0404 0301 0304 0402 0103 0202 0301 0304 0204 0402 0404 0301 0303 0202 0104 0302 0101
176 , 0104 0101 0301 0302 0202 0201 0402 0202 0104 0402 0302 0201 0201 0403 0201 0304 0301 0403 0401 0301 0304 0103 0103 0101 0202 0404 0202 0201 0404 0203 0302 0103 0104 0303 0103 0403 0104 0104 0103
177 , 0303 0202 0103 0403 0103 0203 0401 0202 0202 0103 0404 0203 0201 0303 0203 0302 0401 0403 0201 0201 0302 0201 0304 0301 0302 0304 0102 0202 0201 0304 0402 0302 0103 0302 0303 0204 0104 0302 0202
178 , 0101 0201 0203 0403 0101 0103 0201 0202 0203 0103 0104 0203 0201 0304 0203 0302 0201 0103 0201 0201 0401 0103 0103 0202 0202 0104 0202 0201 0404 0203 0202 0102 0104 0302 0103 0403 0104 0304 0103
179 , 0103 0204 0102 0403 0103 0203 0203 0202 0402 0403 0404 0203 0201 0303 0203 0302 0401 0103 0303 0301 0401 0303 0103 0202 0202 0104 0202 0201 0404 0203 0202 0102 0104 0302 0103 0403 0103 0304 0103
180 , 0303 0202 0102 0403 0103 0203 0401 0202 0202 0103 0104 0203 0201 0303 0203 0302 0401 0403 0201 0201 0102 0102 0304 0301 0101 0302 0102 0302 0301 0301 0402 0302 0103 0402 0303 0202 0101 0302 0102
181 , 0103 0204 0102 0403 0103 0203 0403 0202 0202 0103 0404 0203 0201 0303 0203 0302 0401 0103 0201 0201 0102 0102 0304 0301 0101 0302 0102 0202 0301 0301 0402 0302 0103 0402 0303 0202 0101 0302 0102
182 , 0101 0201 0203 0403 0101 0103 0201 0203 0203 0103 0104 0203 0201 0304 0203 0302 0201 0103 0201 0201 0102 0102 0304 0301 0101 0302 0102 0302 0301 0301 0402 0302 0103 0402 0303 0202 0101 0302 0302
183 , 0103 0202 0103 0403 0103 0203 0401 0203 0202 0103 0404 0203 0201 0303 0203 0302 0401 0403 0202 0201 0302 0401 0204 0301 0302 0302 0302 0202 0201 0304 0402 0302 0103 0302 0303 0204 0101 0302 0102
184 , 0103 0204 0102 0403 0103 0203 0203 0202 0202 0203 0404 0203 0201 0303 0203 0302 0401 0103 0201 0201 0302 0201 0304 0301 0302 0202 0104 0202 0201 0301 0402 0302 0104 0302 0303 0204 0104 0302 0102
185 , 0103 0203 0304 0302 0102 0201 0201 0201 0302 0201 0304 0202 0203 0403 0202 0302 0301 0103 0401 0301 0302 0201 0304 0301 0302 0302 0302 0402 0401 0304 0402 0302 0103 0302 0303 0204 0104 0202 0102
186 , 0103 0202 0103 0403 0103 0203 0203 0204 0204 0103 0404 0203 0201 0303 0203 0302 0401 0402 0201 0201 0302 0303 0303 0201 0202 0102 0102 0103 0202 0103 0402 0202 0304 0302 0203 0203 0101 0304 0103
187 , 0103 0202 0104 0403 0103 0404 0201 0302 0203 0103 0402 0404 0204 0403 0103 0302 0201 0403 0201 0101 0302 0201 0304 0301 0301 0302 0302 0402 0401 0304 0402 0302 0103 0302 0303 0204 0104 0202 0102
188 , 0103 0204 0102 0403 0103 0203 0403 0202 0202 0103 0404 0203 0201 0303 0203 0302 0401 0103 0201 0201 0302 0201 0304 0301 0302 0204 0102 0202 0201 0304 0402 0302 0103 0302 0303 0204 0104 0302 0102
189 , 0103 0202 0104 0403 0103 0404 0201 0302 0203 0103 0402 0404 0204 0403 0103 0302 0201 0403 0201 0101 0102 0102 0304 0301 0101 0302 0102 0302 0301 0301 0402 0302 0103 0402 0303 0202 0101 0302 0102
190 , 0104 0101 0301 0302 0202 0201 0402 0402 0104 0402 0302 0201 0201 0403 0201 0304 0301 0403 0401 0301 0302 0201 0304 0301 0302 0302 0102 0202 0201 0204 0402 0302 0103 0302 0303 0204 0104 0302 0102
191 , 0103 0101 0301 0304 0102 0201 0402 0202 0404 0402 0303 0201 0301 0303 0201 0302 0301 0403 0401 0301 0302 0401 0204 0301 0302 0304 0302 0202 0201 0304 0402 0302 0103 0302 0303 0204 0101 0302 0302
192 , 0103 0202 0103 0403 0103 0203 0401 0202 0202 0103 0404 0203 0201 0303 0203 0302 0401 0403 0202 0201 0401 0103 0103 0202 0202 0104 0204 0201 0404 0203 0202 0102 0104 0302 0103 0403 0104 0304 0103
193 , 0103 0202 0203 0403 0103 0203 0201 0202 0202 0103 0404 0203 0201 0303 0203 0302 0401 0403 0201 0201 0401 0303 0103 0202 0202 0104 0202 0201 0404 0203 0202 0102 0104 0302 0103 0403 0103 0304 0103
194 , 0103 0204 0102 0403 0103 0203 0403 0202 0202 0103 0404 0203 0201 0303 0203 0302 0401 0103 0201 0201 0302 0401 0204 0301 0302 0304 0302 0202 0201 0304 0402 0302 0103 0302 0303 0204 0101 0302 0102
195 , 0104 0101 0301 0302 0202 0201 0402 0202 0104 0402 0302 0201 0201 0403 0201 0304 0301 0403 0401 0301 0102 0102 0304 0301 0101 0302 0102 0302 0301 0301 0402 0302 0103 0402 0303 0202 0101 0302 0102
196 , 0103 0202 0103 0403 0103 0203 0201 0203 0202 0103 0404 0203 0201 0303 0203 0302 0401 0403 0201 0201 0302 0201 0304 0301 0302 0304 0102 0202 0201 0304 0402 0302 0103 0302 0303 0204 0104 0302 0202
197 , 0103 0202 0103 0403 0103 0203 0203 0204 0204 0103 0404 0203 0201 0303 0203 0302 0401 0402 0201 0201 0102 0102 0304 0301 0101 0302 0102 0302 0301 0301 0402 0302 0103 0402 0302 0202 0101 0302 0102
198 , 0103 0202 0103 0403 0103 0203 0201 0202 0202 0102 0404 0203 0201 0303 0203 0302 0401 0403 0201 0201 0302 0201 0304 0301 0302 0202 0102 0202 0201 0301 0402 0302 0104 0302 0303 0204 0104 0302 0102
199 , 0103 0204 0102 0403 0103 0203 0403 0202 0202 0103 0404 0203 0201 0303 0203 0302 0401 0103 0201 0201 0302 0201 0404 0301 0304 0402 0103 0202 0301 0304 0204 0402 0404 0301 0303 0202 0104 0302 0101
200 , 0103 0204 0102 0403 0103 0203 0203 0202 0203 0203 0404 0203 0201 0303 0203 0302 0401 0103 0201 0201 0302 0401 0404 0301 0302 0402 0103 0202 0301 0304 0202 0402 0403 0301 0403 0203 0104 0301 0104