Generated genotype output
1
2
3
4
5
6
7
8
9
10
11
12
13
14
15
16
17
18
19
20
21
22
23
24
25
26
27
28
29
30
31
32
33
34
35
36
37
38
39
40
Pop
1 , 0204 0403 0101 0103 0204 0404 0103 0404 0303 0303 0204 0301 0402 0303 0302 0404 0101 0102 0403 0104 0204 0404 0301 0103 0204 0402 0103 0404 0303 0304 0204 0301 0404 0303 0301 0404 0101 0101 0403 0304
2 , 0204 0104 0304 0103 0201 0402 0103 0404 0303 0304 0204 0301 0301 0302 0301 0404 0101 0401 0104 0104 0204 0403 0101 0103 0204 0404 0103 0404 0303 0303 0204 0301 0402 0303 0302 0404 0101 0104 0403 0104
3 , 0204 0104 0302 0103 0203 0402 0103 0404 0303 0304 0204 0301 0301 0303 0301 0404 0101 0101 0404 0304 0201 0402 0402 0403 0401 0404 0301 0202 0401 0301 0401 0302 0402 0301 0202 0304 0401 0204 0403 0404
4 , 0201 0403 0302 0103 0203 0302 0103 0404 0303 0303 0204 0202 0404 0301 0304 0404 0101 0301 0403 0104 0204 0104 0304 0103 0201 0402 0103 0404 0303 0304 0204 0301 0301 0302 0301 0404 0101 0401 0104 0104
5 , 0204 0104 0304 0103 0204 0402 0103 0404 0303 0304 0204 0301 0301 0302 0301 0404 0101 0401 0104 0104 0204 0102 0301 0103 0204 0402 0103 0404 0303 0304 0204 0201 0201 0303 0301 0404 0101 0401 0404 0304
6 , 0204 0104 0304 0103 0204 0402 0103 0404 0303 0304 0204 0301 0301 0302 0301 0404 0101 0401 0104 0104 0203 0402 0402 0203 0401 0204 0301 0202 0401 0301 0401 0302 0402 0301 0202 0404 0401 0204 0403 0404
7 , 0203 0202 0101 0403 0204 0204 0301 0403 0304 0303 0203 0301 0402 0302 0101 0401 0403 0101 0102 0301 0203 0402 0402 0203 0401 0204 0301 0202 0401 0301 0401 0302 0402 0301 0202 0404 0401 0204 0403 0404
8 , 0202 0202 0101 0403 0204 0404 0301 0403 0304 0303 0203 0301 0402 0302 0101 0401 0403 0101 0102 0201 0204 0104 0301 0103 0204 0402 0103 0404 0303 0304 0204 0301 0401 0303 0301 0404 0101 0402 0404 0304
9 , 0203 0202 0101 0403 0204 0204 0301 0403 0304 0303 0203 0301 0402 0102 0101 0401 0403 0101 0202 0201 0103 0402 0402 0402 0401 0404 0304 0202 0401 0301 0401 0302 0402 0301 0202 0204 0403 0204 0403 0404
10 , 0203 0402 0402 0403 0401 0404 0301 0202 0401 0301 0401 0302 0402 0301 0302 0404 0401 0204 0403 0404 0203 0202 0101 0403 0204 0204 0301 0403 0304 0303 0203 0301 0402 0302 0101 0401 0403 0101 0202 0201
11 , 0202 0202 0101 0403 0204 0404 0301 0402 0304 0303 0203 0301 0402 0302 0101 0401 0403 0101 0102 0201 0204 0404 0301 0103 0204 0402 0103 0404 0303 0304 0204 0301 0404 0301 0301 0404 0101 0101 0403 0304
12 , 0204 0104 0301 0103 0204 0402 0103 0404 0303 0304 0204 0301 0401 0303 0301 0404 0101 0402 0404 0304 0202 0202 0101 0403 0204 0404 0301 0402 0304 0303 0203 0301 0402 0302 0101 0401 0403 0101 0102 0201
13 , 0203 0202 0101 0403 0204 0204 0301 0403 0304 0303 0203 0301 0402 0102 0101 0401 0403 0101 0202 0201 0204 0104 0301 0103 0204 0402 0103 0404 0303 0304 0204 0301 0301 0303 0301 0404 0101 0402 0404 0304
14 , 0204 0103 0301 0103 0204 0404 0102 0404 0303 0304 0203 0301 0404 0301 0301 0404 0102 0101 0403 0104 0204 0104 0304 0103 0204 0402 0103 0404 0303 0304 0204 0201 0301 0402 0301 0404 0101 0401 0404 0304
15 , 0202 0202 0101 0403 0204 0404 0301 0402 0304 0303 0203 0301 0402 0302 0101 0401 0403 0101 0102 0201 0203 0202 0101 0403 0204 0204 0301 0403 0304 0303 0203 0301 0402 0302 0101 0401 0403 0101 0102 0201
16 , 0204 0104 0304 0103 0204 0402 0103 0404 0303 0304 0204 0301 0301 0302 0301 0404 0101 0401 0104 0104 0202 0202 0101 0403 0204 0404 0301 0403 0304 0303 0203 0301 0402 0302 0101 0401 0403 0101 0102 0201
17 , 0204 0104 0304 0103 0202 0402 0103 0404 0303 0304 0204 0301 0301 0302 0301 0404 0101 0401 0104 0104 0203 0202 0101 0403 0204 0204 0301 0403 0304 0303 0203 0301 0402 0302 0101 0401 0403 0101 0102 0301
18 , 0204 0103 0301 0103 0304 0304 0103 0402 0303 0304 0203 0301 0402 0101 0301 0404 0201 0101 0403 0104 0204 0103 0301 0103 0204 0404 0103 0404 0303 0304 0203 0301 0404 0301 0301 0404 0101 0101 0403 0404
19 , 0203 0202 0101 0403 0204 0204 0301 0404 0304 0303 0203 0301 0402 0302 0101 0401 0403 0101 0102 0201 0203 0402 0402 0203 0401 0204 0301 0202 0301 0301 0401 0302 0402 0301 0202 0404 0401 0204 0403 0404
20 , 0203 0202 0101 0403 0204 0204 0301 0403 0304 0303 0203 0301 0402 0302 0101 0401 0403 0101 0102 0201 0203 0402 0402 0203 0401 0204 0301 0202 0401 0301 0401 0302 0402 0301 0202 0404 0401 0204 0403 0404
21 , 0202 0104 0301 0103 0204 0402 0103 0104 0303 0304 0204 0301 0203 0302 0301 0404 0101 0101 0403 0304 0103 0402 0402 0402 0401 0404 0304 0202 0401 0301 0401 0302 0402 0301 0202 0204 0101 0204 0403 0404
22 , 0203 0402 0402 0403 0403 0404 0301 0202 0201 0301 0401 0202 0104 0301 0203 0404 0401 0204 0403 0404 0203 0202 0101 0403 0204 0204 0301 0403 0304 0303 0203 0301 0402 0302 0101 0401 0403 0101 0202 0201
23 , 0202 0202 0101 0403 0204 0404 0301 0402 0304 0303 0203 0301 0402 0302 0101 0401 0403 0101 0102 0201 0203 0202 0101 0403 0204 0204 0301 0404 0304 0303 0203 0301 0402 0302 0101 0401 0403 0101 0102 0201
24 , 0203 0402 0402 0203 0401 0204 0301 0202 0401 0301 0401 0302 0402 0301 0202 0404 0401 0204 0403 0404 0103 0402 0402 0402 0401 0404 0304 0202 0401 0301 0401 0302 0402 0301 0202 0204 0401 0204 0403 0404
25 , 0103 0402 0402 0402 0401 0404 0304 0202 0401 0301 0401 0302 0402 0301 0202 0204 0101 0204 0403 0404 0203 0202 0101 0403 0204 0204 0301 0403 0304 0303 0203 0301 0402 0302 0101 0401 0403 0101 0102 0201
26 , 0103 0402 0402 0402 0401 0404 0304 0202 0401 0301 0401 0302 0402 0301 0202 0204 0401 0204 0403 0404 0203 0402 0402 0403 0401 0404 0301 0202 0401 0301 0401 0302 0402 0301 0202 0304 0401 0204 0403 0304
27 , 0204 0103 0301 0103 0204 0404 0103 0404 0303 0304 0203 0301 0404 0301 0301 0404 0101 0101 0403 0404 0103 0402 0402 0402 0401 0404 0304 0202 0401 0301 0401 0302 0402 0301 0202 0204 0401 0204 0403 0404
28 , 0203 0402 0402 0203 0401 0204 0301 0202 0401 0301 0401 0302 0402 0301 0202 0404 0401 0204 0403 0404 0204 0404 0301 0103 0204 0402 0103 0404 0303 0304 0204 0301 0404 0301 0301 0404 0101 0101 0403 0304
29 , 0201 0402 0402 0403 0401 0404 0301 0202 0401 0301 0401 0302 0402 0301 0202 0304 0401 0204 0403 0404 0203 0202 0101 0403 0204 0204 0301 0404 0304 0303 0203 0301 0402 0302 0101 0401 0403 0101 0102 0201
30 , 0202 0202 0101 0403 0204 0404 0301 0403 0304 0303 0203 0301 0402 0302 0101 0401 0403 0101 0102 0201 0201 0403 0302 0103 0203 0302 0103 0404 0303 0303 0204 0202 0404 0301 0304 0404 0101 0301 0403 0104
31 , 0201 0403 0302 0103 0203 0302 0103 0404 0303 0303 0204 0202 0404 0301 0304 0404 0101 0301 0403 0104 0204 0403 0101 0103 0204 0404 0103 0404 0303 0303 0204 0301 0402 0303 0302 0404 0101 0102 0403 0104
32 , 0204 0104 0302 0103 0203 0402 0103 0404 0303 0304 0204 0301 0301 0303 0301 0404 0101 0401 0404 0304 0203 0202 0101 0403 0204 0204 0301 0403 0304 0303 0203 0301 0402 0302 0101 0401 0403 0101 0102 0201
33 , 0204 0104 0304 0103 0204 0402 0103 0404 0303 0304 0204 0202 0301 0402 0301 0404 0101 0401 0404 0304 0204 0104 0302 0103 0203 0402 0103 0404 0303 0304 0204 0301 0301 0303 0301 0404 0101 0401 0404 0304
34 , 0203 0403 0402 0403 0401 0404 0101 0202 0404 0302 0401 0302 0402 0301 0202 0304 0401 0204 0103 0404 0201 0403 0302 0103 0203 0302 0103 0404 0303 0303 0204 0202 0404 0301 0304 0404 0101 0301 0403 0104
35 , 0103 0402 0402 0402 0401 0404 0304 0202 0401 0301 0401 0302 0402 0301 0202 0204 0401 0204 0403 0404 0203 0202 0101 0403 0204 0204 0301 0404 0304 0303 0203 0301 0402 0302 0101 0401 0403 0101 0102 0201
36 , 0202 0202 0101 0403 0204 0404 0301 0403 0304 0303 0203 0301 0402 0302 0101 0401 0403 0101 0102 0201 0201 0403 0302 0103 0203 0302 0103 0404 0303 0303 0204 0202 0404 0301 0304 0404 0101 0301 0403 0104
37 , 0204 0404 0301 0103 0204 0402 0103 0404 0303 0304 0204 0301 0404 0303 0301 0404 0101 0101 0403 0304 0103 0402 0402 0402 0401 0404 0304 0202 0401 0301 0401 0302 0402 0301 0202 0204 0101 0204 0403 0404
38 , 0204 0104 0302 0103 0204 0402 0103 0404 0303 0304 0204 0301 0301 0303 0301 0404 0101 0401 0404 0304 0203 0402 0402 0403 0401 0404 0301 0402 0401 0301 0401 0302 0402 0301 0302 0404 0404 0204 0403 0404
39 , 0203 0202 0101 0403 0204 0204 0301 0403 0304 0303 0203 0301 0402 0302 0101 0401 0403 0101 0202 0201 0103 0402 0402 0402 0401 0404 0304 0202 0401 0301 0401 0302 0404 0301 0102 0204 0401 0204 0403 0404
40 , 0203 0202 0101 0403 0204 0204 0301 0403 0304 0303 0203 0301 0402 0302 0101 0401 0403 0101 0202 0201 0201 0403 0302 0103 0203 0302 0103 0404 0303 0303 0204 0202 0404 0201 0304 0404 0101 0301 0403 0104
41 , 0103 0402 0402 0402 0401 0404 0304 0202 0401 0301 0401 0302 0404 0301 0102 0204 0401 0204 0403 0404 0103 0402 0402 0402 0401 0404 0304 0202 0401 0301 0401 0302 0404 0301 0102 0204 0401 0204 0403 0404
42 , 0203 0202 0101 0403 0204 0204 0301 0403 0304 0303 0203 0301 0402 0102 0101 0401 0403 0101 0202 0201 0203 0202 0101 0403 0204 0204 0301 0403 0304 0303 0201 0301 0402 0102 0101 0401 0403 0101 0202 0201
43 , 0204 0104 0304 0103 0204 0402 0103 0404 0303 0304 0204 0301 0301 0302 0301 0404 0101 0401 0404 0304 0201 0402 0402 0403 0401 0404 0301 0202 0401 0301 0401 0302 0402 0301 0202 0404 0401 0204 0403 0404
44 , 0204 0102 0304 0103 0204 0402 0103 0404 0303 0304 0204 0301 0302 0303 0401 0401 0101 0401 0404 0304 0204 0103 0301 0103 0304 0304 0103 0402 0303 0304 0203 0301 0402 0101 0301 0404 0201 0101 0403 0104
45 , 0103 0402 0402 0402 0401 0404 0304 0202 0401 0301 0401 0302 0404 0301 0102 0204 0401 0204 0403 0404 0203 0402 0402 0403 0403 0404 0301 0202 0201 0301 0401 0202 0104 0301 0203 0404 0401 0204 0403 0404
46 , 0202 0202 0101 0403 0204 0404 0301 0403 0304 0303 0203 0301 0402 0302 0101 0401 0403 0101 0102 0201 0201 0403 0302 0103 0203 0302 0103 0404 0303 0303 0204 0202 0404 0301 0304 0404 0101 0301 0403 0104
47 , 0104 0104 0304 0103 0204 0402 0103 0404 0303 0304 0204 0301 0301 0303 0401 0404 0101 0401 0404 0304 0103 0402 0402 0402 0401 0404 0304 0202 0401 0301 0401 0302 0402 0301 0202 0204 0403 0204 0403 0404
48 , 0203 0202 0101 0403 0204 0204 0301 0403 0304 0303 0203 0301 0402 0302 0101 0401 0403 0101 0202 0201 0203 0402 0402 0203 0401 0204 0301 0202 0401 0302 0401 0302 0402 0301 0202 0404 0401 0204 0403 0404
49 , 0201 0403 0302 0103 0203 0302 0103 0404 0303 0303 0204 0202 0404 0301 0304 0404 0101 0301 0403 0104 0204 0403 0101 0103 0204 0404 0103 0404 0303 0303 0204 0301 0402 0303 0302 0404 0101 0102 0403 0104
50 , 0204 0403 0101 0103 0204 0404 0103 0404 0303 0303 0204 0301 0402 0303 0302 0404 0101 0104 0403 0104 0204 0403 0101 0103 0204 0404 0103 0404 0303 0303 0204 0301 0402 0303 0302 0404 0101 0102 0403 0104
51 , 0204 0102 0301 0103 0204 0402 0103 0404 0303 0304 0204 0201 0201 0303 0301 0401 0101 0401 0404 0304 0203 0202 0101 0403 0204 0204 0301 0403 0304 0303 0203 0301 0402 0302 0101 0401 0403 0101 0102 0301
52 , 0203 0202 0101 0403 0204 0204 0301 0403 0304 0203 0203 0301 0402 0302 0101 0401 0403 0101 0102 0201 0204 0104 0301 0103 0204 0402 0103 0404 0303 0304 0204 0301 0301 0303 0301 0401 0101 0402 0404 0304
53 , 0204 0403 0302 0103 0203 0302 0103 0404 0303 0303 0204 0203 0404 0301 0304 0404 0101 0301 0403 0104 0103 0402 0402 0402 0401 0304 0304 0202 0401 0301 0401 0302 0402 0301 0202 0204 0401 0204 0403 0404
54 , 0204 0104 0304 0103 0204 0402 0103 0404 0303 0304 0204 0301 0301 0302 0301 0404 0101 0401 0404 0304 0201 0402 0402 0403 0401 0404 0301 0202 0401 0301 0401 0302 0402 0301 0202 0304 0401 0204 0403 0404
55 , 0204 0102 0301 0103 0204 0402 0103 0404 0303 0304 0204 0201 0201 0303 0301 0404 0101 0401 0404 0304 0203 0202 0101 0403 0204 0204 0301 0403 0304 0303 0203 0301 0402 0302 0101 0401 0403 0101 0102 0201
56 , 0203 0202 0101 0403 0204 0204 0301 0403 0304 0303 0203 0301 0402 0302 0101 0401 0403 0101 0102 0201 0204 0104 0304 0103 0204 0402 0103 0404 0303 0304 0204 0202 0301 0402 0301 0404 0101 0401 0404 0304
57 , 0204 0403 0101 0103 0204 0404 0103 0404 0303 0303 0204 0301 0402 0303 0302 0404 0101 0102 0403 0104 0203 0402 0402 0203 0401 0202 0201 0202 0401 0301 0401 0302 0402 0301 0202 0404 0401 0204 0403 0404
58 , 0204 0403 0302 0103 0203 0302 0103 0404 0303 0303 0204 0203 0404 0301 0304 0404 0101 0301 0403 0204 0103 0402 0402 0402 0401 0404 0304 0202 0401 0301 0401 0302 0404 0301 0102 0204 0401 0204 0403 0404
59 , 0204 0104 0304 0103 0201 0402 0103 0404 0303 0304 0204 0301 0301 0302 0301 0404 0101 0401 0104 0104 0203 0202 0101 0403 0204 0204 0301 0403 0304 0303 0203 0301 0402 0302 0101 0401 0403 0101 0202 0201
60 , 0203 0202 0101 0403 0204 0204 0301 0404 0304 0303 0203 0301 0402 0302 0101 0401 0403 0101 0102 0201 0201 0403 0302 0103 0203 0302 0103 0404 0303 0303 0204 0202 0404 0201 0304 0404 0101 0301 0403 0104
61 , 0203 0202 0101 0403 0204 0204 0301 0403 0304 0303 0203 0301 0402 0302 0101 0401 0403 0101 0102 0201 0204 0104 0304 0103 0204 0402 0103 0404 0303 0304 0204 0301 0301 0302 0301 0404 0101 0401 0404 0304
62 , 0202 0104 0301 0103 0204 0402 0103 0104 0303 0304 0204 0301 0203 0302 0301 0404 0101 0101 0403 0304 0201 0403 0302 0103 0203 0302 0303 0404 0303 0303 0204 0202 0404 0301 0304 0404 0101 0301 0403 0104
63 , 0202 0202 0101 0403 0204 0404 0301 0403 0304 0303 0203 0301 0402 0302 0101 0401 0403 0101 0102 0401 0203 0202 0101 0403 0204 0204 0301 0403 0304 0303 0203 0301 0402 0302 0101 0401 0403 0101 0102 0201
64 , 0103 0402 0402 0402 0401 0404 0304 0202 0401 0301 0401 0302 0402 0301 0202 0204 0101 0204 0403 0404 0204 0403 0101 0103 0204 0404 0103 0404 0303 0303 0204 0301 0402 0303 0302 0404 0101 0102 0403 0104
65 , 0201 0403 0302 0103 0203 0302 0103 0404 0303 0303 0204 0202 0404 0301 0304 0404 0101 0301 0403 0104 0203 0403 0402 0403 0401 0404 0101 0202 0401 0301 0401 0302 0402 0301 0202 0304 0401 0204 0403 0404
66 , 0203 0202 0101 0403 0204 0204 0301 0403 0304 0303 0203 0301 0402 0102 0101 0401 0403 0101 0202 0201 0204 0403 0101 0103 0204 0404 0103 0404 0303 0303 0204 0301 0402 0303 0302 0404 0101 0102 0403 0104
67 , 0204 0104 0304 0103 0204 0402 0103 0404 0303 0304 0204 0301 0301 0302 0301 0404 0101 0401 0104 0104 0204 0104 0304 0103 0204 0402 0103 0404 0303 0304 0204 0201 0301 0402 0301 0404 0101 0401 0404 0304
68 , 0203 0402 0402 0403 0403 0404 0301 0202 0201 0301 0401 0202 0104 0301 0203 0404 0401 0204 0403 0404 0103 0402 0402 0402 0401 0404 0304 0202 0401 0101 0401 0302 0402 0301 0202 0204 0403 0204 0403 0404
69 , 0204 0104 0304 0103 0204 0402 0103 0404 0303 0304 0204 0301 0301 0303 0401 0404 0101 0401 0404 0304 0203 0202 0101 0403 0204 0204 0301 0403 0304 0303 0203 0301 0402 0302 0101 0401 0403 0101 0102 0201
70 , 0103 0402 0402 0402 0401 0404 0304 0202 0401 0301 0401 0302 0402 0301 0202 0204 0403 0204 0403 0404 0203 0202 0101 0403 0204 0204 0301 0404 0304 0303 0203 0301 0402 0302 0101 0401 0403 0101 0102 0201
71 , 0203 0402 0402 0403 0403 0404 0301 0202 0201 0301 0401 0202 0102 0301 0203 0404 0401 0204 0403 0404 0203 0402 0402 0203 0401 0204 0301 0202 0401 0302 0401 0302 0402 0301 0202 0404 0401 0204 0403 0404
72 , 0103 0402 0402 0402 0401 0404 0304 0202 0401 0301 0401 0302 0402 0301 0202 0204 0101 0204 0403 0404 0204 0104 0302 0103 0201 0402 0103 0404 0303 0304 0204 0301 0301 0303 0301 0404 0101 0401 0404 0304
73 , 0202 0202 0101 0403 0204 0404 0301 0403 0304 0303 0203 0301 0402 0302 0101 0401 0303 0101 0102 0201 0201 0403 0302 0103 0203 0302 0103 0404 0303 0303 0204 0202 0404 0301 0304 0404 0101 0301 0403 0104
74 , 0201 0403 0302 0103 0203 0302 0103 0404 0303 0303 0204 0202 0404 0301 0304 0404 0101 0301 0403 0104 0204 0104 0302 0103 0203 0402 0103 0404 0303 0304 0204 0301 0301 0303 0301 0404 0101 0401 0404 0304
75 , 0204 0403 0101 0103 0204 0404 0103 0404 0303 0303 0204 0301 0402 0303 0302 0404 0101 0102 0403 0104 0203 0402 0402 0403 0401 0404 0301 0402 0401 0301 0401 0302 0402 0301 0302 0404 0401 0204 0403 0404
76 , 0201 0403 0302 0103 0203 0302 0103 0404 0303 0303 0204 0202 0404 0201 0304 0404 0101 0301 0403 0104 0103 0402 0402 0402 0401 0404 0304 0202 0401 0301 0401 0302 0404 0301 0102 0204 0401 0204 0403 0404
77 , 0203 0202 0101 0403 0204 0204 0301 0403 0304 0303 0203 0301 0402 0302 0101 0401 0403 0101 0102 0201 0204 0104 0302 0103 0203 0402 0103 0404 0303 0304 0204 0301 0301 0303 0301 0404 0101 0401 0404 0304
78 , 0204 0403 0101 0103 0204 0404 0103 0404 0303 0303 0204 0301 0402 0303 0302 0404 0101 0102 0403 0104 0204 0104 0302 0103 0201 0402 0103 0404 0303 0304 0204 0301 0301 0303 0301 0204 0101 0401 0404 0304
79 , 0202 0202 0101 0403 0204 0404 0301 0403 0304 0303 0203 0301 0402 0302 0101 0401 0403 0101 0102 0201 0201 0403 0302 0103 0203 0302 0101 0404 0303 0303 0204 0202 0404 0301 0304 0404 0101 0301 0403 0104
80 , 0204 0102 0301 0103 0204 0402 0103 0404 0303 0304 0204 0201 0201 0303 0301 0404 0101 0401 0404 0304 0203 0202 0101 0403 0204 0204 0301 0403 0304 0303 0203 0301 0402 0302 0101 0401 0403 0101 0102 0201
81 , 0203 0202 0101 0403 0204 0204 0301 0403 0304 0303 0203 0301 0402 0302 0101 0401 0403 0101 0202 0201 0203 0402 0402 0403 0403 0404 0301 0202 0201 0301 0401 0202 0102 0301 0203 0404 0401 0204 0403 0404
82 , 0103 0402 0402 0402 0401 0404 0304 0202 0401 0301 0401 0302 0402 0301 0202 0204 0101 0204 0403 0404 0204 0102 0301 0103 0204 0402 0103 0404 0303 0304 0204 0201 0201 0303 0301 0404 0101 0401 0404 0304
83 , 0203 0202 0101 0403 0204 0204 0301 0403 0304 0303 0203 0301 0302 0302 0101 0401 0403 0101 0102 0301 0201 0403 0302 0103 0203 0302 0103 0404 0303 0303 0204 0202 0404 0201 0304 0404 0101 0301 0403 0104
84 , 0203 0202 0101 0403 0204 0204 0301 0403 0304 0303 0203 0301 0402 0302 0101 0401 0403 0101 0102 0201 0203 0403 0402 0403 0401 0404 0101 0202 0401 0301 0401 0302 0402 0301 0202 0304 0401 0204 0403 0404
85 , 0203 0202 0101 0403 0204 0204 0301 0403 0304 0303 0203 0301 0402 0102 0101 0401 0403 0101 0202 0201 0103 0402 0402 0402 0401 0404 0304 0202 0401 0301 0401 0302 0402 0301 0202 0204 0101 0204 0403 0404
86 , 0203 0403 0402 0403 0401 0404 0101 0202 0401 0301 0401 0302 0402 0301 0202 0304 0401 0204 0403 0404 0203 0402 0402 0403 0401 0404 0301 0202 0401 0301 0401 0302 0402 0301 0302 0404 0401 0204 0403 0404
87 , 0204 0403 0302 0403 0203 0302 0101 0404 0303 0303 0204 0203 0404 0301 0304 0404 0101 0301 0403 0101 0204 0104 0301 0103 0204 0402 0103 0404 0303 0304 0204 0301 0301 0303 0301 0404 0101 0402 0404 0304
88 , 0201 0403 0302 0103 0203 0302 0101 0404 0303 0303 0204 0202 0404 0301 0304 0404 0101 0301 0403 0104 0203 0202 0101 0403 0204 0204 0301 0403 0304 0303 0203 0301 0402 0102 0101 0401 0403 0101 0202 0201
89 , 0103 0402 0402 0402 0401 0404 0304 0202 0401 0301 0401 0302 0404 0301 0102 0204 0401 0204 0403 0404 0202 0202 0101 0403 0204 0404 0301 0403 0304 0303 0203 0301 0402 0302 0101 0401 0403 0101 0102 0201
90 , 0203 0402 0402 0403 0403 0404 0301 0202 0201 0301 0401 0202 0102 0301 0203 0404 0401 0204 0403 0404 0202 0202 0101 0403 0204 0404 0301 0402 0304 0303 0203 0301 0402 0302 0101 0401 0403 0101 0102 0201
91 , 0204 0104 0302 0103 0201 0402 0103 0404 0303 0304 0204 0301 0301 0303 0301 0204 0101 0401 0404 0304 0203 0403 0402 0403 0401 0404 0101 0202 0401 0301 0401 0302 0402 0301 0202 0304 0401 0204 0403 0404
92 , 0203 0202 0101 0403 0204 0204 0301 0403 0304 0303 0203 0301 0402 0302 0101 0401 0403 0101 0202 0201 0204 0104 0304 0103 0204 0402 0103 0304 0303 0304 0204 0301 0301 0302 0301 0404 0101 0401 0104 0104
93 , 0202 0202 0101 0403 0204 0404 0301 0403 0304 0303 0203 0301 0402 0302 0101 0401 0403 0101 0102 0201 0204 0102 0301 0103 0204 0402 0103 0404 0303 0304 0204 0201 0201 0303 0301 0404 0101 0401 0404 0304
94 , 0103 0402 0402 0402 0401 0404 0304 0202 0401 0301 0401 0302 0402 0301 0202 0204 0102 0204 0403 0404 0204 0104 0302 0103 0203 0402 0103 0404 0303 0304 0204 0301 0301 0303 0301 0404 0101 0401 0404 0304
95 , 0103 0402 0402 0402 0401 0404 0304 0202 0401 0301 0401 0302 0402 0301 0202 0204 0403 0204 0403 0404 0202 0202 0101 0403 0204 0404 0301 0403 0304 0303 0203 0301 0402 0302 0101 0401 0403 0101 0102 0401
96 , 0204 0104 0304 0103 0204 0402 0103 0304 0303 0304 0204 0301 0301 0302 0301 0404 0101 0401 0104 0104 0204 0104 0302 0103 0204 0402 0103 0404 0303 0304 0204 0301 0301 0303 0301 0404 0301 0401 0404 0304
97 , 0201 0403 0302 0103 0203 0302 0101 0404 0303 0303 0204 0202 0404 0301 0304 0404 0101 0301 0403 0104 0203 0402 0402 0203 0401 0204 0301 0202 0401 0301 0401 0302 0402 0301 0202 0404 0401 0204 0403 0404
98 , 0204 0104 0301 0103 0204 0402 0103 0404 0303 0304 0204 0301 0301 0303 0301 0404 0101 0402 0404 0304 0103 0402 0402 0402 0401 0404 0304 0202 0401 0301 0401 0302 0402 0301 0202 0204 0101 0204 0403 0404
99 , 0103 0402 0402 0402 0401 0404 0304 0202 0401 0301 0401 0302 0404 0301 0102 0204 0401 0204 0403 0404 0203 0402 0402 0203 0401 0204 0301 0202 0401 0301 0401 0302 0402 0301 0202 0404 0401 0204 0403 0404
100 , 0201 0201 0101 0403 0204 0404 0301 0403 0302 0303 0203 0301 0402 0302 0101 0402 0402 0101 0102 0201 0204 0104 0304 0103 0204 0402 0103 0404 0303 0304 0204 0301 0301 0302 0301 0404 0301 0401 0404 0304