Generated genotype output
1
2
3
4
5
6
7
8
9
10
11
12
13
14
15
16
17
18
19
20
21
22
23
24
25
26
27
28
29
30
31
32
33
34
35
36
37
38
39
40
41
42
43
44
45
46
47
48
49
50
51
52
53
54
55
56
57
58
59
60
61
62
63
64
65
66
67
68
69
70
71
72
73
74
75
76
77
78
79
80
Pop
1 , 0203 0102 0302 0203 0204 0402 0404 0301 0102 0403 0301 0104 0202 0304 0403 0302 0401 0102 0302 0304 0204 0401 0403 0202 0102 0301 0401 0201 0302 0102 0401 0104 0401 0401 0303 0104 0101 0203 0203 0104 0401 0203 0304 0402 0404 0301 0102 0403 0101 0104 0202 0304 0403 0302 0401 0103 0102 0304 0204 0401 0403 0102 0102 0203 0401 0301 0302 0102 0401 0104 0401 0201 0303 0104 0301 0203
2 , 0203 0104 0301 0203 0304 0302 0404 0301 0104 0403 0101 0104 0202 0304 0403 0302 0401 0103 0102 0304 0204 0401 0401 0302 0102 0201 0401 0301 0302 0102 0401 0104 0402 0201 0302 0102 0401 0203 0203 0102 0302 0203 0204 0402 0404 0301 0102 0403 0301 0104 0202 0304 0403 0302 0401 0102 0302 0304 0204 0401 0403 0202 0102 0301 0401 0201 0302 0102 0401 0104 0401 0101 0303 0104 0101 0203
3 , 0203 0104 0301 0203 0304 0302 0404 0301 0404 0403 0101 0104 0202 0304 0403 0302 0401 0103 0102 0304 0204 0401 0401 0302 0102 0203 0401 0301 0302 0102 0401 0104 0302 0201 0303 0102 0301 0203 0203 0401 0304 0201 0304 0102 0404 0303 0104 0403 0104 0102 0303 0404 0303 0402 0101 0103 0303 0204 0302 0202 0403 0101 0102 0301 0201 0201 0304 0102 0201 0104 0402 0303 0102 0104 0303 0104
4 , 0204 0102 0302 0203 0303 0402 0404 0301 0103 0203 0101 0104 0202 0304 0403 0302 0401 0102 0302 0304 0404 0101 0403 0102 0102 0303 0401 0201 0302 0102 0401 0104 0404 0201 0303 0104 0101 0203 0203 0104 0301 0203 0304 0302 0404 0301 0104 0403 0101 0104 0202 0304 0403 0302 0401 0103 0102 0304 0204 0401 0401 0302 0102 0201 0401 0301 0302 0102 0401 0104 0402 0201 0302 0102 0401 0203
5 , 0203 0104 0301 0203 0304 0302 0404 0301 0102 0403 0101 0104 0202 0304 0403 0302 0401 0103 0102 0304 0204 0401 0401 0302 0102 0201 0401 0301 0302 0102 0401 0104 0402 0201 0302 0102 0401 0203 0203 0104 0301 0103 0304 0402 0404 0301 0102 0403 0101 0104 0202 0304 0403 0302 0401 0103 0102 0304 0201 0401 0402 0302 0102 0203 0401 0301 0302 0102 0401 0104 0402 0201 0303 0102 0301 0203
6 , 0203 0104 0301 0203 0304 0302 0404 0301 0102 0403 0101 0104 0202 0304 0403 0302 0401 0103 0102 0304 0204 0401 0401 0302 0102 0201 0401 0301 0302 0102 0401 0104 0402 0201 0302 0102 0401 0203 0203 0201 0304 0201 0304 0103 0304 0303 0104 0203 0104 0102 0303 0404 0303 0402 0101 0103 0303 0204 0302 0202 0403 0101 0102 0301 0201 0201 0302 0102 0201 0104 0402 0303 0102 0104 0303 0104
7 , 0203 0204 0304 0201 0404 0402 0404 0301 0102 0203 0104 0102 0102 0304 0204 0302 0201 0102 0302 0202 0204 0401 0403 0101 0102 0303 0101 0101 0302 0302 0201 0304 0401 0201 0302 0303 0101 0103 0203 0201 0304 0201 0304 0103 0304 0303 0104 0203 0104 0102 0303 0404 0303 0402 0101 0103 0303 0204 0302 0202 0403 0101 0102 0301 0201 0201 0302 0102 0201 0104 0402 0303 0102 0104 0303 0104
8 , 0203 0104 0304 0201 0404 0402 0404 0301 0102 0403 0104 0102 0102 0304 0204 0302 0201 0102 0302 0202 0204 0401 0403 0101 0102 0303 0101 0101 0302 0302 0201 0304 0401 0201 0302 0303 0301 0103 0203 0104 0301 0203 0304 0402 0404 0301 0102 0403 0101 0104 0202 0304 0403 0302 0401 0103 0102 0304 0204 0401 0301 0302 0102 0203 0401 0301 0302 0102 0401 0104 0402 0401 0303 0102 0301 0203
9 , 0203 0204 0304 0201 0404 0402 0404 0301 0102 0203 0104 0102 0102 0304 0204 0302 0201 0102 0302 0202 0204 0401 0403 0101 0103 0303 0101 0101 0302 0302 0201 0304 0401 0201 0304 0303 0301 0103 0103 0201 0304 0201 0304 0102 0401 0303 0104 0403 0104 0102 0302 0404 0303 0402 0101 0103 0303 0204 0302 0202 0403 0101 0102 0301 0201 0201 0301 0102 0201 0101 0402 0303 0102 0104 0303 0104
10 , 0203 0201 0304 0201 0304 0102 0404 0303 0104 0403 0104 0102 0303 0404 0303 0402 0101 0103 0303 0204 0302 0202 0403 0101 0102 0301 0203 0201 0302 0102 0201 0104 0402 0303 0102 0104 0303 0104 0203 0204 0304 0201 0404 0402 0404 0301 0102 0203 0104 0102 0102 0304 0204 0302 0201 0102 0302 0202 0204 0401 0403 0101 0102 0303 0101 0101 0302 0302 0201 0304 0401 0201 0304 0303 0301 0103
11 , 0203 0104 0304 0201 0404 0402 0404 0301 0102 0403 0104 0102 0102 0304 0201 0302 0201 0102 0302 0202 0204 0401 0403 0101 0102 0303 0101 0101 0302 0302 0201 0304 0401 0201 0302 0303 0301 0103 0203 0104 0401 0203 0304 0402 0404 0301 0102 0403 0101 0104 0202 0304 0403 0302 0401 0103 0102 0304 0204 0401 0403 0102 0102 0303 0401 0301 0302 0102 0401 0104 0401 0201 0303 0104 0301 0203
12 , 0203 0104 0301 0203 0304 0402 0404 0301 0102 0403 0101 0104 0202 0304 0403 0302 0401 0103 0102 0304 0204 0401 0301 0302 0102 0203 0401 0301 0302 0102 0401 0104 0402 0401 0303 0102 0301 0203 0203 0104 0304 0201 0404 0402 0404 0301 0102 0403 0104 0102 0102 0304 0201 0302 0201 0102 0302 0202 0204 0401 0403 0101 0102 0303 0101 0101 0302 0302 0201 0304 0401 0201 0302 0303 0301 0103
13 , 0203 0204 0304 0201 0404 0402 0404 0301 0102 0203 0104 0102 0102 0304 0204 0302 0201 0102 0302 0202 0204 0401 0403 0101 0103 0303 0101 0101 0302 0302 0201 0304 0401 0201 0304 0303 0301 0103 0203 0104 0301 0203 0304 0402 0404 0301 0102 0403 0101 0104 0202 0304 0403 0302 0401 0103 0102 0304 0204 0401 0401 0302 0102 0203 0401 0301 0302 0102 0401 0104 0402 0401 0303 0102 0301 0203
14 , 0203 0104 0302 0203 0304 0402 0404 0301 0102 0403 0102 0104 0102 0304 0401 0302 0401 0102 0402 0204 0204 0401 0403 0102 0102 0303 0401 0301 0302 0102 0401 0304 0401 0201 0303 0104 0101 0203 0203 0104 0301 0203 0304 0302 0404 0301 0102 0403 0101 0104 0202 0304 0403 0302 0401 0103 0102 0304 0203 0401 0401 0302 0302 0201 0401 0301 0302 0102 0401 0104 0402 0201 0303 0102 0301 0203
15 , 0203 0104 0304 0201 0404 0402 0404 0301 0102 0403 0104 0102 0102 0304 0201 0302 0201 0102 0302 0202 0204 0401 0403 0101 0102 0303 0101 0101 0302 0302 0201 0304 0401 0201 0302 0303 0301 0103 0203 0204 0304 0201 0404 0402 0404 0301 0102 0203 0104 0102 0102 0304 0204 0302 0201 0102 0302 0202 0204 0401 0403 0101 0102 0303 0101 0101 0302 0302 0201 0304 0401 0201 0302 0303 0301 0103
16 , 0203 0104 0301 0203 0304 0302 0404 0301 0102 0403 0101 0104 0202 0304 0403 0302 0401 0103 0102 0304 0204 0401 0401 0302 0102 0201 0401 0301 0302 0102 0401 0104 0402 0201 0302 0102 0401 0203 0203 0104 0304 0201 0404 0402 0404 0301 0102 0403 0104 0102 0102 0304 0204 0302 0201 0102 0302 0202 0204 0401 0403 0101 0102 0303 0101 0101 0302 0302 0201 0304 0401 0201 0302 0303 0301 0103
17 , 0203 0104 0301 0203 0304 0302 0404 0301 0103 0403 0101 0104 0202 0304 0403 0302 0401 0103 0102 0304 0204 0401 0401 0302 0102 0201 0401 0301 0302 0102 0401 0104 0402 0201 0302 0102 0401 0203 0203 0204 0304 0201 0404 0402 0404 0301 0102 0203 0104 0102 0102 0304 0204 0302 0201 0102 0302 0202 0204 0401 0403 0101 0102 0303 0101 0101 0302 0302 0201 0304 0401 0201 0302 0303 0101 0103
18 , 0203 0104 0302 0203 0304 0402 0404 0101 0102 0401 0102 0104 0202 0304 0101 0302 0401 0102 0402 0204 0204 0401 0403 0302 0402 0303 0401 0301 0302 0102 0104 0104 0401 0201 0303 0104 0101 0203 0203 0104 0302 0203 0304 0402 0404 0301 0102 0403 0102 0104 0202 0304 0401 0302 0401 0102 0402 0204 0204 0401 0403 0102 0102 0303 0401 0301 0302 0102 0401 0104 0401 0201 0303 0104 0104 0203
19 , 0203 0204 0304 0201 0404 0402 0404 0301 0102 0203 0104 0102 0102 0304 0203 0302 0201 0102 0302 0202 0204 0401 0403 0101 0102 0303 0101 0101 0302 0302 0201 0304 0401 0201 0302 0303 0301 0103 0203 0201 0304 0201 0304 0103 0304 0303 0104 0203 0104 0102 0303 0404 0303 0202 0101 0103 0303 0204 0302 0202 0403 0101 0102 0301 0201 0201 0302 0102 0201 0104 0402 0303 0102 0104 0303 0104
20 , 0203 0204 0304 0201 0404 0402 0404 0301 0102 0203 0104 0102 0102 0304 0204 0302 0201 0102 0302 0202 0204 0401 0403 0101 0102 0303 0101 0101 0302 0302 0201 0304 0401 0201 0302 0303 0301 0103 0203 0201 0304 0201 0304 0103 0304 0303 0104 0203 0104 0102 0303 0404 0303 0402 0101 0103 0303 0204 0302 0202 0403 0101 0102 0301 0201 0201 0302 0102 0201 0104 0402 0303 0102 0104 0303 0104
21 , 0203 0304 0301 0203 0304 0402 0404 0301 0102 0403 0101 0104 0202 0302 0403 0302 0401 0103 0102 0304 0204 0401 0401 0202 0102 0403 0401 0301 0302 0102 0401 0104 0401 0201 0303 0104 0301 0203 0103 0201 0304 0201 0304 0102 0401 0303 0104 0403 0104 0102 0302 0404 0303 0402 0101 0103 0303 0204 0302 0202 0403 0101 0102 0301 0201 0201 0301 0102 0401 0104 0402 0303 0102 0104 0303 0104
22 , 0203 0201 0304 0201 0304 0102 0404 0303 0102 0403 0104 0102 0303 0404 0303 0403 0101 0103 0303 0204 0402 0202 0303 0201 0102 0301 0201 0204 0302 0102 0201 0104 0402 0303 0102 0104 0303 0104 0203 0204 0304 0201 0404 0402 0404 0301 0102 0203 0104 0102 0102 0304 0204 0302 0201 0102 0302 0202 0204 0401 0403 0101 0102 0303 0101 0101 0302 0302 0201 0304 0401 0201 0304 0303 0301 0103
23 , 0203 0104 0304 0201 0404 0402 0404 0301 0102 0403 0104 0102 0102 0304 0201 0302 0201 0102 0302 0202 0204 0401 0403 0101 0102 0303 0101 0101 0302 0302 0201 0304 0401 0201 0302 0303 0301 0103 0203 0204 0304 0201 0404 0402 0404 0301 0102 0203 0104 0102 0102 0304 0203 0302 0201 0102 0302 0202 0204 0401 0403 0101 0102 0303 0101 0101 0302 0302 0201 0304 0401 0201 0302 0303 0301 0103
24 , 0203 0201 0304 0201 0304 0103 0304 0303 0104 0203 0104 0102 0303 0404 0303 0402 0101 0103 0303 0204 0302 0202 0403 0101 0102 0301 0201 0201 0302 0102 0201 0104 0402 0303 0102 0104 0303 0104 0103 0201 0304 0201 0304 0102 0401 0303 0104 0403 0104 0102 0302 0404 0303 0402 0101 0103 0303 0204 0302 0202 0403 0101 0102 0301 0201 0201 0301 0102 0201 0104 0402 0303 0102 0104 0303 0104
25 , 0103 0201 0304 0201 0304 0102 0401 0303 0104 0403 0104 0102 0302 0404 0303 0402 0101 0103 0303 0204 0302 0202 0403 0101 0102 0301 0201 0201 0301 0102 0401 0104 0402 0303 0102 0104 0303 0104 0203 0204 0304 0201 0404 0402 0404 0301 0102 0203 0104 0102 0102 0304 0204 0302 0201 0102 0302 0202 0204 0401 0403 0101 0102 0303 0101 0101 0302 0302 0201 0304 0401 0201 0302 0303 0301 0103
26 , 0103 0201 0304 0201 0304 0102 0401 0303 0104 0403 0104 0102 0302 0404 0303 0402 0101 0103 0303 0204 0302 0202 0403 0101 0102 0301 0201 0201 0301 0102 0201 0104 0402 0303 0102 0104 0303 0104 0203 0201 0304 0201 0304 0102 0404 0303 0104 0403 0104 0102 0303 0404 0303 0402 0101 0103 0303 0204 0302 0202 0403 0101 0102 0301 0201 0201 0102 0102 0201 0104 0402 0303 0102 0104 0301 0104
27 , 0203 0104 0302 0203 0304 0402 0404 0301 0102 0403 0102 0104 0202 0304 0401 0302 0401 0102 0402 0204 0204 0401 0403 0102 0102 0303 0401 0301 0302 0102 0401 0104 0401 0201 0303 0104 0104 0203 0103 0201 0304 0201 0304 0102 0401 0303 0104 0403 0104 0102 0302 0404 0303 0402 0101 0103 0303 0204 0302 0202 0403 0101 0102 0301 0201 0201 0301 0102 0201 0104 0402 0303 0102 0104 0303 0104
28 , 0203 0201 0304 0201 0304 0103 0304 0303 0104 0203 0104 0102 0303 0404 0303 0402 0101 0103 0303 0204 0302 0202 0403 0101 0102 0301 0201 0201 0302 0102 0201 0104 0402 0303 0102 0104 0303 0104 0203 0104 0401 0203 0304 0402 0404 0301 0102 0403 0101 0104 0202 0304 0403 0302 0401 0103 0102 0304 0204 0401 0403 0102 0102 0303 0401 0301 0302 0102 0401 0104 0401 0201 0303 0104 0301 0203
29 , 0203 0401 0304 0201 0304 0102 0404 0303 0104 0403 0104 0102 0303 0404 0303 0402 0101 0103 0303 0204 0302 0202 0403 0101 0102 0301 0201 0201 0304 0102 0201 0104 0402 0303 0102 0104 0303 0104 0203 0204 0304 0201 0404 0402 0404 0301 0102 0203 0104 0102 0102 0304 0203 0302 0201 0102 0302 0202 0204 0401 0403 0101 0102 0303 0101 0101 0302 0302 0201 0304 0401 0201 0302 0303 0301 0103
30 , 0203 0104 0304 0201 0404 0402 0404 0301 0102 0403 0104 0102 0102 0304 0204 0302 0201 0102 0302 0202 0204 0401 0403 0101 0102 0303 0101 0101 0302 0302 0201 0304 0401 0201 0302 0303 0301 0103 0204 0102 0302 0203 0303 0402 0404 0301 0103 0203 0101 0104 0202 0304 0403 0302 0401 0102 0302 0304 0404 0101 0403 0102 0102 0303 0401 0201 0302 0102 0401 0104 0404 0201 0303 0104 0101 0203
31 , 0204 0102 0302 0203 0303 0402 0404 0301 0103 0203 0101 0104 0202 0304 0403 0302 0401 0102 0302 0304 0404 0101 0403 0102 0102 0303 0401 0201 0302 0102 0401 0104 0404 0201 0303 0104 0101 0203 0203 0102 0302 0203 0204 0402 0404 0301 0102 0403 0301 0104 0202 0304 0403 0302 0401 0102 0302 0304 0204 0401 0403 0202 0102 0301 0401 0201 0302 0102 0401 0104 0401 0401 0303 0104 0101 0203
32 , 0203 0104 0301 0203 0304 0302 0404 0301 0404 0403 0101 0104 0202 0304 0403 0302 0401 0103 0102 0304 0204 0401 0401 0302 0102 0203 0401 0301 0302 0102 0401 0104 0402 0201 0303 0102 0301 0203 0203 0204 0304 0201 0404 0402 0404 0301 0102 0203 0104 0102 0102 0304 0204 0302 0201 0102 0302 0202 0204 0401 0403 0101 0102 0303 0101 0101 0302 0302 0201 0304 0401 0201 0302 0303 0301 0103
33 , 0203 0104 0301 0203 0304 0302 0404 0301 0102 0403 0101 0104 0202 0304 0403 0302 0401 0103 0102 0304 0203 0403 0401 0302 0302 0201 0401 0301 0302 0102 0401 0104 0402 0201 0303 0102 0301 0203 0203 0104 0301 0203 0304 0302 0404 0301 0404 0403 0101 0104 0202 0304 0403 0302 0401 0103 0102 0304 0204 0401 0401 0302 0102 0203 0401 0301 0302 0102 0401 0104 0402 0201 0303 0102 0301 0203
34 , 0203 0201 0302 0201 0304 0102 0404 0303 0104 0403 0104 0302 0303 0404 0303 0402 0401 0102 0303 0204 0302 0202 0403 0101 0102 0301 0201 0201 0102 0102 0201 0104 0402 0303 0402 0104 0303 0104 0204 0102 0302 0203 0303 0402 0404 0301 0103 0203 0101 0104 0202 0304 0403 0302 0401 0102 0302 0304 0404 0101 0403 0102 0102 0303 0401 0201 0302 0102 0401 0104 0404 0201 0303 0104 0101 0203
35 , 0103 0201 0304 0201 0304 0102 0401 0303 0104 0403 0104 0102 0302 0404 0303 0402 0101 0103 0303 0204 0302 0202 0403 0101 0102 0301 0201 0201 0301 0102 0201 0104 0402 0303 0102 0104 0303 0104 0203 0204 0304 0201 0404 0402 0404 0301 0102 0203 0104 0102 0102 0304 0203 0302 0201 0102 0302 0202 0204 0401 0403 0101 0102 0303 0101 0101 0302 0302 0201 0304 0401 0201 0302 0303 0301 0103
36 , 0203 0104 0304 0201 0404 0402 0404 0301 0102 0403 0104 0102 0102 0304 0204 0302 0201 0102 0302 0202 0204 0401 0403 0101 0102 0303 0101 0101 0302 0302 0201 0304 0401 0201 0302 0303 0301 0103 0204 0102 0302 0203 0303 0402 0404 0301 0103 0203 0101 0104 0202 0304 0403 0302 0401 0102 0302 0304 0404 0101 0403 0102 0102 0303 0401 0201 0302 0102 0401 0104 0404 0201 0303 0104 0101 0203
37 , 0203 0104 0401 0203 0304 0402 0404 0301 0102 0403 0101 0104 0202 0304 0403 0302 0401 0103 0102 0304 0204 0401 0403 0102 0102 0203 0401 0301 0302 0102 0401 0104 0401 0201 0303 0104 0301 0203 0103 0201 0304 0201 0304 0102 0401 0303 0104 0403 0104 0102 0302 0404 0303 0402 0101 0103 0303 0204 0302 0202 0403 0101 0102 0301 0201 0201 0301 0102 0401 0104 0402 0303 0102 0104 0303 0104
38 , 0203 0104 0301 0203 0304 0302 0404 0301 0102 0403 0101 0104 0202 0304 0403 0302 0401 0103 0102 0304 0204 0401 0401 0302 0102 0203 0401 0301 0302 0102 0401 0104 0402 0201 0303 0102 0301 0203 0203 0201 0304 0201 0304 0102 0404 0303 0104 0403 0104 0102 0303 0403 0303 0402 0101 0103 0303 0204 0302 0202 0403 0101 0102 0301 0203 0201 0302 0102 0201 0103 0402 0303 0102 0104 0303 0104
39 , 0203 0204 0304 0201 0404 0402 0404 0301 0102 0203 0104 0102 0102 0304 0204 0302 0201 0102 0302 0202 0204 0401 0403 0101 0102 0303 0101 0101 0302 0302 0201 0304 0401 0201 0304 0303 0301 0103 0103 0201 0304 0201 0304 0102 0401 0303 0104 0403 0104 0102 0302 0404 0303 0402 0101 0103 0303 0204 0302 0202 0403 0103 0102 0301 0301 0201 0301 0102 0201 0104 0402 0303 0102 0104 0303 0104
40 , 0203 0204 0304 0201 0404 0402 0404 0301 0102 0203 0104 0102 0102 0304 0204 0302 0201 0102 0302 0202 0204 0401 0403 0101 0102 0303 0101 0101 0302 0302 0201 0304 0401 0201 0304 0303 0301 0103 0204 0102 0302 0203 0303 0402 0404 0301 0103 0203 0101 0104 0202 0304 0403 0302 0401 0102 0302 0304 0404 0101 0403 0102 0202 0303 0401 0201 0302 0102 0401 0104 0404 0201 0303 0104 0101 0203
41 , 0103 0201 0304 0201 0304 0102 0401 0303 0104 0403 0104 0102 0302 0404 0303 0402 0101 0103 0303 0204 0302 0202 0403 0103 0102 0301 0301 0201 0301 0102 0201 0104 0402 0303 0102 0104 0303 0104 0103 0201 0304 0201 0304 0102 0401 0303 0104 0403 0104 0102 0302 0404 0303 0402 0101 0103 0303 0204 0302 0202 0403 0103 0102 0301 0301 0201 0301 0102 0201 0104 0402 0303 0102 0104 0303 0104
42 , 0203 0204 0304 0201 0404 0402 0404 0301 0102 0203 0104 0102 0102 0304 0204 0302 0201 0102 0302 0202 0204 0401 0403 0101 0103 0303 0101 0101 0302 0302 0201 0304 0401 0201 0304 0303 0301 0103 0203 0204 0304 0201 0404 0402 0404 0301 0102 0203 0104 0102 0102 0304 0204 0302 0201 0102 0302 0203 0204 0401 0403 0101 0103 0303 0101 0101 0302 0302 0201 0304 0401 0201 0304 0303 0301 0103
43 , 0203 0104 0301 0203 0304 0302 0404 0301 0102 0403 0101 0104 0202 0304 0403 0302 0401 0103 0102 0304 0204 0401 0401 0302 0102 0201 0401 0301 0302 0102 0401 0104 0402 0201 0303 0102 0301 0203 0203 0401 0304 0201 0304 0102 0404 0303 0104 0403 0104 0102 0303 0404 0303 0402 0101 0103 0303 0204 0302 0202 0403 0101 0102 0301 0201 0201 0302 0102 0201 0104 0402 0303 0102 0104 0303 0104
44 , 0203 0104 0304 0203 0302 0402 0404 0301 0102 0403 0101 0104 0202 0304 0403 0302 0401 0103 0102 0304 0204 0401 0401 0303 0102 0203 0101 0301 0302 0402 0401 0104 0402 0201 0303 0102 0301 0203 0203 0104 0302 0203 0304 0402 0404 0101 0102 0401 0102 0104 0202 0304 0101 0302 0401 0102 0402 0204 0204 0401 0403 0302 0402 0303 0401 0301 0302 0102 0104 0104 0401 0201 0303 0104 0101 0203
45 , 0103 0201 0304 0201 0304 0102 0401 0303 0104 0403 0104 0102 0302 0404 0303 0402 0101 0103 0303 0204 0302 0202 0403 0103 0102 0301 0301 0201 0301 0102 0201 0104 0402 0303 0102 0104 0303 0104 0203 0201 0304 0201 0304 0102 0404 0303 0102 0403 0104 0102 0303 0404 0303 0403 0101 0103 0303 0204 0402 0202 0303 0201 0102 0301 0201 0204 0302 0102 0201 0104 0402 0303 0102 0104 0303 0104
46 , 0203 0104 0304 0201 0404 0402 0404 0301 0102 0403 0104 0102 0102 0304 0204 0302 0201 0102 0302 0202 0204 0401 0403 0101 0102 0303 0101 0101 0302 0302 0201 0304 0401 0201 0302 0303 0301 0103 0204 0102 0302 0203 0303 0402 0404 0301 0103 0203 0101 0104 0202 0304 0403 0302 0401 0102 0302 0304 0404 0101 0403 0102 0102 0303 0401 0201 0302 0102 0401 0104 0404 0201 0303 0104 0101 0203
47 , 0103 0104 0301 0203 0302 0402 0404 0301 0102 0403 0101 0104 0202 0304 0403 0302 0401 0103 0102 0304 0204 0401 0401 0302 0102 0203 0101 0301 0302 0102 0401 0104 0402 0201 0303 0102 0301 0203 0103 0201 0304 0201 0304 0102 0401 0303 0104 0403 0104 0102 0302 0404 0303 0402 0101 0103 0303 0204 0302 0202 0403 0101 0102 0301 0201 0201 0301 0102 0201 0101 0402 0303 0102 0104 0303 0104
48 , 0203 0204 0304 0201 0404 0402 0404 0301 0102 0203 0104 0102 0102 0304 0204 0302 0201 0102 0302 0202 0204 0401 0403 0101 0102 0303 0101 0101 0302 0302 0201 0304 0401 0201 0304 0303 0301 0103 0203 0201 0304 0201 0304 0103 0304 0303 0104 0203 0104 0102 0303 0404 0303 0402 0101 0102 0303 0204 0302 0202 0403 0101 0102 0301 0201 0201 0302 0102 0201 0104 0402 0303 0102 0104 0303 0104
49 , 0204 0102 0302 0203 0303 0402 0404 0301 0103 0203 0101 0104 0202 0304 0403 0302 0401 0102 0302 0304 0404 0101 0403 0102 0102 0303 0401 0201 0302 0102 0401 0104 0404 0201 0303 0104 0101 0203 0203 0102 0302 0203 0204 0402 0404 0301 0102 0403 0301 0104 0202 0304 0403 0302 0401 0102 0302 0304 0204 0401 0403 0202 0102 0301 0401 0201 0302 0102 0401 0104 0401 0401 0303 0104 0101 0203
50 , 0203 0102 0302 0203 0204 0402 0404 0301 0102 0403 0301 0104 0202 0304 0403 0302 0401 0102 0302 0304 0204 0401 0403 0202 0102 0301 0401 0201 0302 0102 0401 0104 0401 0101 0303 0104 0101 0203 0203 0102 0302 0203 0204 0402 0404 0301 0102 0403 0301 0104 0202 0304 0403 0302 0401 0102 0302 0304 0204 0401 0403 0202 0102 0301 0401 0201 0302 0102 0401 0104 0401 0401 0303 0104 0101 0203
51 , 0203 0104 0301 0103 0304 0402 0404 0301 0102 0403 0101 0104 0202 0304 0403 0302 0401 0103 0102 0304 0201 0401 0402 0302 0102 0203 0401 0301 0302 0101 0401 0104 0402 0201 0303 0102 0301 0203 0203 0204 0304 0201 0404 0402 0404 0301 0102 0203 0104 0102 0102 0304 0204 0302 0201 0102 0302 0202 0204 0401 0403 0101 0102 0303 0101 0101 0302 0302 0201 0304 0401 0201 0302 0303 0101 0103
52 , 0203 0204 0304 0201 0404 0402 0404 0301 0102 0203 0104 0102 0102 0304 0204 0302 0201 0402 0302 0202 0204 0401 0403 0101 0102 0303 0101 0101 0302 0302 0201 0304 0401 0201 0302 0303 0301 0103 0203 0104 0301 0203 0304 0402 0404 0301 0102 0403 0101 0104 0202 0304 0403 0302 0401 0103 0102 0304 0204 0401 0401 0302 0102 0203 0401 0301 0302 0202 0401 0104 0402 0401 0303 0102 0301 0203
53 , 0203 0102 0302 0203 0303 0402 0404 0301 0103 0203 0101 0104 0202 0304 0403 0302 0401 0102 0302 0304 0404 0401 0403 0102 0102 0303 0401 0201 0302 0102 0401 0104 0404 0201 0303 0104 0101 0203 0103 0201 0304 0201 0304 0102 0401 0303 0104 0402 0104 0102 0302 0404 0303 0402 0101 0103 0303 0204 0302 0202 0403 0101 0102 0301 0201 0201 0301 0102 0201 0104 0402 0303 0102 0104 0303 0104
54 , 0203 0104 0301 0203 0304 0302 0404 0301 0102 0403 0101 0104 0202 0304 0403 0302 0401 0103 0102 0304 0204 0401 0401 0302 0102 0201 0401 0301 0302 0102 0401 0104 0402 0201 0303 0102 0301 0203 0203 0401 0304 0201 0304 0102 0404 0303 0104 0403 0104 0102 0303 0404 0303 0402 0101 0103 0303 0204 0302 0202 0403 0101 0102 0301 0201 0201 0304 0102 0201 0104 0402 0303 0102 0104 0303 0104
55 , 0203 0104 0301 0103 0304 0402 0404 0301 0102 0403 0101 0104 0202 0304 0403 0302 0401 0103 0102 0304 0201 0401 0402 0302 0102 0203 0401 0301 0302 0102 0401 0104 0402 0201 0303 0102 0301 0203 0203 0204 0304 0201 0404 0402 0404 0301 0102 0203 0104 0102 0102 0304 0204 0302 0201 0102 0302 0202 0204 0401 0403 0101 0102 0303 0101 0101 0302 0302 0201 0304 0401 0201 0302 0303 0301 0103
56 , 0203 0204 0304 0201 0404 0402 0404 0301 0102 0203 0104 0102 0102 0304 0204 0302 0201 0102 0302 0202 0204 0401 0403 0101 0102 0303 0101 0101 0302 0302 0201 0304 0401 0201 0302 0303 0301 0103 0203 0104 0301 0203 0304 0302 0404 0301 0102 0403 0101 0104 0202 0304 0403 0302 0401 0103 0102 0304 0203 0403 0401 0302 0302 0201 0401 0301 0302 0102 0401 0104 0402 0201 0303 0102 0301 0203
57 , 0203 0102 0302 0203 0204 0402 0404 0301 0102 0403 0301 0104 0202 0304 0403 0302 0401 0102 0302 0304 0204 0401 0403 0202 0102 0301 0401 0201 0302 0102 0401 0104 0401 0401 0303 0104 0101 0203 0203 0201 0304 0201 0304 0103 0304 0303 0104 0203 0304 0402 0303 0404 0303 0402 0101 0103 0303 0204 0302 0202 0403 0101 0102 0301 0201 0201 0302 0102 0201 0104 0402 0303 0102 0104 0303 0104
58 , 0203 0102 0302 0203 0303 0402 0404 0301 0103 0203 0101 0104 0202 0304 0403 0302 0401 0102 0302 0304 0404 0401 0403 0102 0102 0303 0401 0201 0302 0102 0401 0104 0404 0201 0303 0104 0201 0203 0103 0201 0304 0201 0304 0102 0401 0303 0104 0403 0104 0102 0302 0404 0303 0402 0101 0103 0303 0204 0302 0202 0403 0103 0102 0301 0301 0201 0301 0102 0201 0104 0402 0303 0102 0104 0303 0104
59 , 0203 0104 0301 0203 0304 0302 0404 0301 0104 0403 0101 0104 0202 0304 0403 0302 0401 0103 0102 0304 0204 0401 0401 0302 0102 0201 0401 0301 0302 0102 0401 0104 0402 0201 0302 0102 0401 0203 0203 0204 0304 0201 0404 0402 0404 0301 0102 0203 0104 0102 0102 0304 0204 0302 0201 0102 0302 0202 0204 0401 0403 0101 0102 0303 0101 0101 0302 0302 0201 0304 0401 0201 0304 0303 0301 0103
60 , 0203 0204 0304 0201 0404 0402 0404 0301 0102 0203 0104 0102 0102 0304 0203 0302 0201 0102 0302 0202 0204 0401 0403 0101 0102 0303 0101 0101 0302 0302 0201 0304 0401 0201 0302 0303 0301 0103 0204 0102 0302 0203 0303 0402 0404 0301 0103 0203 0101 0104 0202 0304 0403 0302 0401 0102 0302 0304 0404 0101 0403 0102 0302 0303 0401 0201 0302 0102 0401 0104 0404 0201 0303 0104 0101 0203
61 , 0203 0204 0304 0201 0404 0402 0404 0301 0102 0203 0104 0102 0102 0304 0204 0302 0201 0102 0302 0202 0204 0401 0403 0101 0102 0303 0101 0101 0302 0302 0201 0304 0401 0201 0302 0303 0301 0103 0203 0104 0301 0203 0304 0302 0404 0301 0102 0403 0101 0104 0202 0304 0403 0302 0401 0103 0102 0304 0204 0401 0401 0302 0102 0201 0401 0301 0302 0102 0401 0104 0402 0201 0303 0102 0301 0203
62 , 0203 0304 0301 0203 0304 0402 0404 0301 0102 0403 0101 0104 0202 0302 0403 0302 0401 0103 0102 0304 0204 0401 0401 0202 0102 0403 0401 0301 0302 0102 0401 0104 0401 0201 0303 0104 0301 0203 0204 0102 0302 0203 0303 0402 0404 0301 0103 0203 0101 0103 0202 0304 0403 0302 0401 0102 0302 0304 0404 0101 0403 0102 0102 0303 0401 0201 0302 0102 0401 0104 0404 0201 0303 0104 0101 0203
63 , 0203 0104 0304 0201 0404 0402 0404 0301 0102 0403 0104 0102 0102 0304 0204 0302 0201 0102 0302 0202 0204 0401 0403 0101 0102 0303 0101 0101 0302 0302 0201 0304 0401 0201 0302 0303 0303 0103 0203 0204 0304 0201 0404 0402 0404 0301 0102 0203 0104 0102 0102 0304 0204 0302 0201 0102 0302 0202 0204 0401 0403 0101 0102 0303 0101 0101 0302 0302 0201 0304 0401 0201 0302 0303 0301 0103
64 , 0103 0201 0304 0201 0304 0102 0401 0303 0104 0403 0104 0102 0302 0404 0303 0402 0101 0103 0303 0204 0302 0202 0403 0101 0102 0301 0201 0201 0301 0102 0401 0104 0402 0303 0102 0104 0303 0104 0203 0102 0302 0203 0204 0402 0404 0301 0102 0403 0301 0104 0202 0304 0403 0302 0401 0102 0302 0304 0204 0401 0403 0202 0102 0301 0401 0201 0302 0102 0401 0104 0401 0401 0303 0104 0101 0203
65 , 0204 0102 0302 0203 0303 0402 0404 0301 0103 0203 0101 0104 0202 0304 0403 0302 0401 0102 0302 0304 0404 0101 0403 0102 0102 0303 0401 0201 0302 0102 0401 0104 0404 0201 0303 0104 0101 0203 0203 0201 0302 0201 0304 0102 0404 0303 0104 0403 0104 0302 0303 0404 0303 0402 0101 0103 0303 0204 0302 0202 0403 0101 0102 0301 0201 0201 0102 0102 0201 0104 0402 0303 0102 0104 0303 0104
66 , 0203 0204 0304 0201 0404 0402 0404 0301 0102 0203 0104 0102 0102 0304 0204 0302 0201 0102 0302 0202 0204 0401 0403 0101 0103 0303 0101 0101 0302 0302 0201 0304 0401 0201 0304 0303 0301 0103 0203 0102 0302 0203 0204 0402 0404 0301 0102 0403 0301 0104 0202 0304 0403 0302 0401 0102 0302 0304 0204 0401 0403 0202 0102 0301 0401 0201 0302 0102 0401 0104 0401 0401 0303 0104 0101 0203
67 , 0203 0104 0301 0203 0304 0302 0404 0301 0102 0403 0101 0104 0202 0304 0403 0302 0401 0103 0102 0304 0204 0401 0401 0302 0102 0201 0401 0301 0302 0102 0401 0104 0402 0201 0302 0102 0401 0203 0203 0104 0301 0203 0304 0302 0404 0301 0102 0403 0101 0104 0202 0304 0403 0302 0401 0103 0102 0304 0203 0401 0401 0302 0302 0201 0401 0301 0302 0102 0401 0104 0402 0201 0303 0102 0301 0203
68 , 0203 0201 0304 0201 0304 0102 0404 0303 0102 0403 0104 0102 0303 0404 0303 0403 0101 0103 0303 0204 0402 0202 0303 0201 0102 0301 0201 0204 0302 0102 0201 0104 0402 0303 0102 0104 0303 0104 0103 0201 0304 0201 0304 0102 0401 0303 0104 0403 0104 0102 0302 0404 0303 0402 0101 0203 0303 0204 0302 0202 0403 0101 0102 0301 0201 0201 0301 0102 0201 0101 0402 0303 0102 0104 0303 0104
69 , 0203 0104 0301 0203 0302 0402 0404 0301 0102 0403 0101 0104 0202 0304 0403 0302 0401 0103 0102 0304 0204 0401 0401 0302 0102 0203 0101 0301 0302 0102 0401 0104 0402 0201 0303 0102 0301 0203 0203 0204 0304 0201 0404 0402 0404 0301 0102 0203 0104 0102 0102 0304 0204 0302 0201 0102 0302 0202 0204 0401 0403 0101 0102 0303 0101 0101 0302 0302 0201 0304 0401 0201 0302 0303 0301 0103
70 , 0103 0201 0304 0201 0304 0102 0401 0303 0104 0403 0104 0102 0302 0404 0303 0402 0101 0103 0303 0204 0302 0202 0403 0101 0102 0301 0201 0201 0301 0102 0201 0101 0402 0303 0102 0104 0303 0104 0203 0204 0304 0201 0404 0402 0404 0301 0102 0203 0104 0102 0102 0304 0203 0302 0201 0102 0302 0202 0204 0401 0403 0101 0102 0303 0101 0101 0302 0302 0201 0304 0401 0201 0302 0303 0301 0103
71 , 0203 0201 0304 0201 0304 0102 0404 0303 0102 0403 0104 0102 0303 0404 0303 0403 0101 0103 0303 0204 0402 0202 0303 0101 0102 0301 0201 0204 0302 0102 0201 0104 0402 0303 0102 0104 0303 0104 0203 0201 0304 0201 0304 0103 0304 0303 0104 0203 0104 0102 0303 0404 0303 0402 0101 0102 0303 0204 0302 0202 0403 0101 0102 0301 0201 0201 0302 0102 0201 0104 0402 0303 0102 0104 0303 0104
72 , 0103 0201 0304 0201 0304 0102 0401 0303 0104 0403 0104 0102 0302 0404 0303 0402 0101 0103 0303 0204 0302 0202 0403 0101 0102 0301 0201 0201 0301 0102 0401 0104 0402 0303 0102 0104 0303 0104 0203 0104 0301 0203 0304 0302 0404 0301 0402 0403 0101 0104 0202 0304 0403 0302 0401 0103 0102 0304 0204 0401 0401 0302 0102 0203 0401 0301 0302 0102 0401 0104 0402 0201 0303 0102 0301 0203
73 , 0203 0104 0304 0201 0404 0402 0404 0301 0102 0403 0104 0102 0102 0304 0204 0302 0201 0102 0302 0202 0204 0401 0403 0101 0102 0303 0101 0101 0302 0302 0101 0304 0401 0201 0302 0303 0301 0103 0204 0102 0302 0203 0303 0402 0404 0301 0103 0203 0101 0104 0202 0304 0403 0302 0401 0102 0302 0304 0404 0101 0403 0102 0102 0303 0401 0201 0302 0102 0401 0104 0404 0201 0303 0104 0101 0203
74 , 0204 0102 0302 0203 0303 0402 0404 0301 0103 0203 0101 0104 0202 0304 0403 0302 0401 0102 0302 0304 0404 0101 0403 0102 0102 0303 0401 0201 0302 0102 0401 0104 0404 0201 0303 0104 0101 0203 0203 0104 0301 0203 0304 0302 0404 0301 0404 0403 0101 0104 0202 0304 0403 0302 0401 0103 0102 0304 0204 0401 0401 0302 0102 0203 0401 0301 0302 0102 0401 0104 0402 0201 0303 0102 0301 0203
75 , 0203 0102 0302 0203 0204 0402 0404 0301 0102 0403 0301 0104 0202 0304 0403 0302 0401 0102 0302 0304 0204 0401 0403 0202 0102 0301 0401 0201 0302 0102 0401 0104 0401 0401 0303 0104 0101 0203 0203 0201 0304 0201 0304 0102 0404 0303 0104 0403 0104 0102 0303 0403 0303 0402 0101 0103 0303 0204 0302 0202 0403 0101 0102 0301 0203 0201 0302 0102 0201 0104 0402 0303 0102 0104 0303 0104
76 , 0204 0102 0302 0203 0303 0402 0404 0301 0103 0203 0101 0104 0202 0304 0403 0302 0401 0102 0302 0304 0404 0101 0403 0102 0202 0303 0401 0201 0302 0102 0401 0104 0404 0201 0303 0104 0101 0203 0103 0201 0304 0201 0304 0102 0401 0303 0104 0403 0104 0102 0302 0404 0303 0402 0101 0103 0303 0204 0302 0202 0403 0103 0102 0301 0301 0201 0301 0102 0201 0104 0402 0303 0102 0104 0303 0104
77 , 0203 0204 0304 0201 0404 0402 0404 0301 0102 0203 0104 0102 0102 0304 0204 0302 0201 0102 0302 0202 0204 0401 0403 0101 0102 0303 0101 0101 0302 0302 0201 0304 0401 0201 0302 0303 0301 0103 0203 0104 0301 0203 0304 0302 0404 0301 0404 0403 0101 0104 0202 0304 0403 0302 0401 0103 0102 0304 0204 0401 0401 0302 0102 0203 0401 0301 0302 0102 0401 0104 0402 0201 0303 0102 0301 0203
78 , 0203 0102 0302 0203 0204 0402 0404 0301 0102 0403 0301 0104 0202 0304 0403 0302 0401 0102 0302 0304 0204 0401 0403 0202 0102 0301 0401 0201 0302 0102 0401 0104 0401 0401 0303 0104 0101 0203 0203 0104 0301 0203 0304 0302 0404 0301 0402 0403 0101 0104 0202 0304 0403 0302 0401 0103 0102 0304 0204 0401 0401 0302 0102 0203 0401 0301 0301 0102 0401 0104 0402 0201 0303 0102 0301 0203
79 , 0203 0104 0304 0201 0404 0402 0404 0301 0102 0403 0104 0102 0102 0304 0204 0302 0201 0102 0302 0202 0204 0401 0403 0101 0102 0303 0101 0101 0302 0302 0201 0304 0401 0201 0302 0303 0301 0103 0204 0102 0302 0203 0303 0402 0404 0301 0103 0203 0101 0104 0203 0304 0403 0302 0401 0102 0302 0304 0404 0101 0403 0102 0102 0303 0401 0201 0302 0102 0401 0104 0404 0201 0303 0104 0101 0203
80 , 0203 0104 0301 0103 0304 0402 0404 0301 0102 0403 0101 0104 0202 0304 0403 0302 0401 0103 0102 0304 0201 0401 0402 0302 0102 0203 0401 0301 0302 0102 0401 0104 0402 0201 0303 0102 0301 0203 0203 0204 0304 0201 0404 0402 0404 0301 0102 0203 0104 0102 0102 0304 0204 0302 0201 0102 0302 0202 0204 0401 0403 0101 0102 0303 0101 0101 0302 0302 0201 0304 0401 0201 0302 0303 0301 0103
81 , 0203 0204 0304 0201 0404 0402 0404 0301 0102 0203 0104 0102 0102 0304 0204 0302 0201 0102 0302 0202 0204 0401 0403 0101 0102 0303 0101 0101 0302 0302 0201 0304 0401 0201 0304 0303 0301 0103 0203 0201 0304 0201 0304 0102 0404 0303 0102 0403 0104 0102 0303 0404 0303 0403 0101 0103 0303 0204 0402 0202 0303 0101 0102 0301 0201 0204 0302 0102 0201 0104 0402 0303 0102 0104 0303 0104
82 , 0103 0201 0304 0201 0304 0102 0401 0303 0104 0403 0104 0102 0302 0404 0303 0402 0101 0103 0303 0204 0302 0202 0403 0101 0102 0301 0201 0201 0301 0102 0401 0104 0402 0303 0102 0104 0303 0104 0203 0104 0301 0103 0304 0402 0404 0301 0102 0403 0101 0104 0202 0304 0403 0302 0401 0103 0102 0304 0201 0401 0402 0302 0102 0203 0401 0301 0302 0102 0401 0104 0402 0201 0303 0102 0301 0203
83 , 0203 0204 0304 0201 0404 0402 0404 0301 0102 0203 0104 0102 0102 0304 0204 0302 0201 0102 0302 0202 0204 0401 0402 0101 0102 0303 0101 0101 0302 0302 0201 0304 0401 0201 0302 0303 0101 0103 0204 0102 0302 0203 0303 0402 0404 0301 0103 0203 0101 0104 0202 0304 0403 0302 0401 0102 0302 0304 0404 0101 0403 0102 0202 0303 0401 0201 0302 0102 0401 0104 0404 0201 0303 0104 0101 0203
84 , 0203 0204 0304 0201 0404 0402 0404 0301 0102 0203 0104 0102 0102 0304 0204 0302 0201 0102 0302 0202 0204 0401 0403 0101 0102 0303 0101 0101 0302 0302 0201 0304 0401 0201 0302 0303 0301 0103 0203 0201 0302 0201 0304 0102 0404 0303 0104 0403 0104 0302 0303 0404 0303 0402 0101 0103 0303 0204 0302 0202 0403 0101 0102 0301 0201 0201 0102 0102 0201 0104 0402 0303 0102 0104 0303 0104
85 , 0203 0204 0304 0201 0404 0402 0404 0301 0102 0203 0104 0102 0102 0304 0204 0302 0201 0102 0302 0202 0204 0401 0403 0101 0103 0303 0101 0101 0302 0302 0201 0304 0401 0201 0304 0303 0301 0103 0103 0201 0304 0201 0304 0102 0401 0303 0104 0403 0104 0102 0302 0404 0303 0402 0101 0103 0303 0204 0302 0202 0403 0101 0102 0301 0201 0201 0301 0102 0401 0104 0402 0303 0102 0104 0303 0104
86 , 0203 0201 0302 0201 0304 0102 0404 0303 0104 0403 0104 0302 0303 0404 0303 0402 0101 0103 0303 0204 0302 0202 0403 0101 0102 0301 0201 0201 0102 0102 0201 0104 0402 0303 0102 0104 0303 0104 0203 0201 0304 0201 0304 0102 0404 0303 0104 0403 0104 0102 0303 0404 0303 0402 0101 0103 0303 0204 0302 0202 0403 0101 0102 0301 0203 0201 0302 0102 0201 0104 0402 0303 0102 0104 0303 0104
87 , 0203 0102 0302 0203 0303 0403 0404 0301 0103 0203 0101 0104 0102 0304 0403 0302 0401 0102 0302 0304 0404 0401 0403 0102 0102 0303 0401 0201 0302 0102 0401 0104 0404 0201 0303 0104 0101 0103 0203 0104 0301 0203 0304 0402 0404 0301 0102 0403 0101 0104 0202 0304 0403 0302 0401 0103 0102 0304 0204 0401 0401 0302 0102 0203 0401 0301 0302 0102 0401 0104 0402 0401 0303 0102 0301 0203
88 , 0204 0102 0302 0203 0303 0402 0404 0301 0103 0203 0101 0104 0203 0304 0403 0302 0401 0102 0302 0304 0404 0101 0403 0102 0102 0303 0401 0201 0302 0102 0401 0104 0404 0201 0303 0104 0101 0203 0203 0204 0304 0201 0404 0402 0404 0301 0102 0203 0104 0102 0102 0304 0204 0302 0201 0102 0302 0202 0204 0401 0403 0101 0103 0303 0101 0101 0302 0302 0201 0304 0401 0201 0304 0303 0301 0103
89 , 0103 0201 0304 0201 0304 0102 0401 0303 0104 0403 0104 0102 0302 0404 0303 0402 0101 0103 0303 0204 0302 0202 0403 0103 0102 0301 0301 0201 0301 0102 0201 0104 0402 0303 0102 0104 0303 0104 0203 0104 0304 0201 0404 0402 0404 0301 0102 0403 0104 0102 0102 0304 0204 0302 0201 0102 0302 0202 0204 0401 0403 0101 0102 0303 0101 0101 0302 0302 0201 0304 0401 0201 0302 0303 0301 0103
90 , 0203 0201 0304 0201 0304 0102 0404 0303 0102 0403 0104 0102 0303 0404 0303 0403 0101 0103 0303 0204 0402 0202 0303 0101 0102 0301 0201 0204 0302 0102 0201 0104 0402 0303 0102 0104 0303 0104 0203 0104 0304 0201 0404 0402 0404 0301 0102 0403 0104 0102 0102 0304 0201 0302 0201 0102 0302 0202 0204 0401 0403 0101 0102 0303 0101 0101 0302 0302 0201 0304 0401 0201 0302 0303 0301 0103
91 , 0203 0104 0301 0203 0304 0302 0404 0301 0402 0403 0101 0104 0202 0304 0403 0302 0401 0103 0102 0304 0204 0401 0401 0302 0102 0203 0401 0301 0301 0102 0401 0104 0402 0201 0303 0102 0301 0203 0203 0201 0302 0201 0304 0102 0404 0303 0104 0403 0104 0302 0303 0404 0303 0402 0101 0103 0303 0204 0302 0202 0403 0101 0102 0301 0201 0201 0102 0102 0201 0104 0402 0303 0102 0104 0303 0104
92 , 0203 0204 0304 0201 0404 0402 0404 0301 0102 0203 0104 0102 0102 0304 0204 0302 0201 0102 0302 0202 0204 0401 0403 0101 0102 0303 0101 0101 0302 0302 0201 0304 0401 0201 0304 0303 0301 0103 0203 0104 0301 0203 0304 0302 0404 0301 0102 0403 0101 0104 0202 0302 0403 0302 0401 0103 0102 0304 0204 0401 0401 0302 0102 0201 0401 0301 0302 0102 0401 0104 0402 0201 0302 0102 0401 0203
93 , 0203 0104 0304 0201 0404 0402 0404 0301 0102 0403 0104 0102 0102 0304 0204 0302 0201 0102 0302 0202 0204 0401 0403 0101 0102 0303 0101 0101 0302 0302 0201 0304 0401 0201 0302 0303 0301 0103 0203 0104 0301 0103 0304 0402 0404 0301 0102 0403 0101 0104 0202 0304 0403 0302 0401 0103 0102 0304 0201 0401 0402 0302 0102 0203 0401 0301 0302 0102 0401 0104 0402 0201 0303 0102 0301 0203
94 , 0103 0201 0304 0201 0304 0102 0401 0303 0104 0403 0104 0102 0302 0404 0303 0402 0101 0103 0303 0204 0302 0202 0403 0101 0102 0301 0201 0201 0301 0102 0401 0103 0402 0303 0102 0104 0303 0104 0203 0104 0301 0203 0304 0302 0404 0301 0404 0403 0101 0104 0202 0304 0403 0302 0401 0103 0102 0304 0204 0401 0401 0302 0102 0203 0401 0301 0302 0102 0401 0104 0402 0201 0303 0102 0301 0203
95 , 0103 0201 0304 0201 0304 0102 0401 0303 0104 0403 0104 0102 0302 0404 0303 0402 0101 0103 0303 0204 0302 0202 0403 0101 0102 0301 0201 0201 0301 0102 0201 0101 0402 0303 0102 0104 0303 0104 0203 0104 0304 0201 0404 0402 0404 0301 0102 0403 0104 0102 0102 0304 0204 0302 0201 0102 0302 0202 0204 0401 0403 0101 0102 0303 0101 0101 0302 0302 0201 0304 0401 0201 0302 0303 0303 0103
96 , 0203 0104 0301 0203 0304 0302 0404 0301 0102 0403 0101 0104 0202 0301 0403 0302 0401 0103 0102 0304 0204 0401 0401 0302 0102 0201 0401 0301 0302 0102 0401 0104 0402 0201 0302 0102 0401 0203 0203 0104 0301 0203 0304 0302 0404 0301 0102 0403 0101 0104 0202 0304 0403 0302 0401 0103 0102 0304 0204 0401 0401 0302 0102 0203 0401 0301 0302 0102 0404 0104 0402 0201 0303 0102 0301 0203
97 , 0204 0102 0302 0203 0303 0402 0404 0301 0103 0203 0101 0104 0203 0304 0403 0302 0401 0102 0302 0304 0404 0101 0403 0102 0102 0303 0401 0201 0302 0102 0401 0104 0404 0201 0303 0104 0101 0203 0203 0201 0304 0201 0304 0103 0304 0303 0104 0203 0104 0102 0303 0404 0303 0402 0101 0103 0303 0204 0302 0202 0403 0101 0102 0301 0201 0201 0302 0102 0201 0104 0402 0303 0102 0104 0303 0104
98 , 0203 0104 0301 0203 0304 0402 0404 0301 0102 0403 0101 0104 0202 0304 0403 0302 0401 0103 0102 0304 0204 0401 0401 0302 0102 0203 0401 0301 0302 0102 0401 0104 0402 0401 0303 0102 0301 0203 0103 0201 0304 0201 0304 0102 0401 0303 0104 0403 0104 0102 0302 0404 0303 0402 0101 0103 0303 0204 0302 0202 0403 0101 0102 0301 0201 0201 0301 0102 0401 0104 0402 0303 0102 0104 0303 0104
99 , 0103 0201 0304 0201 0304 0102 0401 0303 0104 0403 0104 0102 0302 0404 0303 0402 0101 0103 0303 0204 0302 0202 0403 0103 0102 0301 0301 0201 0301 0102 0201 0104 0402 0303 0102 0104 0303 0104 0203 0201 0304 0201 0304 0103 0304 0303 0104 0203 0104 0102 0303 0404 0303 0402 0101 0103 0303 0204 0302 0202 0403 0101 0102 0301 0201 0201 0302 0102 0201 0104 0402 0303 0102 0104 0303 0104
100 , 0202 0204 0302 0201 0404 0402 0404 0301 0102 0201 0104 0102 0102 0304 0204 0302 0202 0102 0302 0202 0204 0401 0403 0101 0102 0303 0101 0101 0302 0304 0201 0404 0401 0201 0302 0303 0301 0103 0203 0104 0301 0203 0304 0302 0404 0301 0102 0403 0101 0104 0202 0304 0403 0302 0401 0103 0102 0304 0204 0401 0401 0302 0102 0201 0401 0301 0302 0102 0301 0104 0402 0201 0303 0102 0301 0203