Auto-generated genotype output.
1
2
3
4
5
6
7
8
9
10
11
12
13
14
15
16
17
18
19
20
21
22
23
24
25
26
27
28
29
30
31
32
33
34
35
36
37
38
39
40
41
42
43
44
45
46
47
48
49
50
51
52
53
54
55
56
57
58
59
60
61
62
63
64
65
66
67
68
69
70
71
72
73
74
75
76
77
78
79
80
Pop
1 , 0304 0203 0202 0404 0202 0403 0404 0404 0303 0101 0303 0103 0303 0303 0202 0103 0202 0301 0101 0103 0404 0303 0303 0303 0204 0102 0101 0202 0101 0404 0303 0101 0303 0303 0404 0403 0404 0302 0101 0103 0101 0303 0202 0404 0101 0101 0204 0202 0403 0404 0101 0202 0101 0401 0104 0303 0302 0101 0202 0303 0101 0303 0101 0303 0404 0401 0303 0202 0303 0303 0102 0202 0303 0404 0202 0404 0404 0303 0404 0101 
2 , 0404 0302 0202 0401 0302 0303 0404 0404 0303 0101 0303 0303 0303 0203 0202 0103 0202 0101 0101 0101 0404 0303 0303 0404 0404 0202 0101 0202 0401 0404 0301 0101 0303 0303 0403 0304 0404 0202 0101 0301 0101 0103 0202 0404 0101 0101 0204 0201 0303 0404 0101 0202 0101 0104 0401 0303 0303 0401 0404 0103 0101 0303 0101 0303 0202 0404 0403 0202 0303 0303 0202 0202 0304 0404 0202 0404 0404 0303 0404 0101 
3 , 0403 0203 0202 0404 0202 0303 0404 0401 0303 0303 0303 0301 0103 0303 0202 0301 0204 0101 0101 0103 0202 0303 0303 0303 0404 0201 0101 0202 0101 0404 0103 0401 0303 0302 0404 0403 0404 0302 0101 0103 0101 0101 0202 0401 0101 0101 0402 0202 0403 0404 0101 0102 0101 0404 0401 0303 0203 0401 0204 0303 0102 0101 0101 0303 0404 0101 0304 0202 0303 0303 0202 0204 0404 0304 0202 0404 0404 0303 0404 0301 
4 , 0304 0302 0202 0401 0202 0303 0404 0404 0202 0103 0303 0103 0301 0303 0102 0103 0204 0101 0101 0303 0402 0303 0303 0303 0402 0102 0101 0202 0101 0404 0303 0101 0303 0203 0404 0403 0404 0202 0201 0101 0101 0301 0202 0401 0101 0101 0204 0101 0303 0404 0101 0202 0101 0404 0404 0203 0303 0404 0402 0303 0102 0101 0101 0303 0204 0101 0303 0202 0303 0303 0101 0404 0304 0403 0202 0404 0401 0303 0404 0101 
5 , 0404 0303 0202 0404 0202 0303 0404 0404 0302 0101 0303 0303 0303 0303 0202 0303 0202 0103 0101 0103 0204 0302 0303 0403 0404 0202 0101 0202 0101 0403 0303 0101 0202 0303 0404 0403 0404 0303 0101 0103 0101 0303 0202 0104 0101 0101 0404 0202 0304 0402 0301 0202 0102 0404 0404 0303 0303 0401 0202 0303 0101 0301 0101 0303 0402 0104 0304 0202 0303 0303 0102 0402 0303 0304 0201 0204 0104 0203 0404 0303 
6 , 0404 0302 0302 0404 0202 0303 0404 0104 0303 0301 0303 0303 0303 0303 0202 0301 0202 0303 0101 0103 0204 0303 0303 0303 0204 0202 0101 0202 0401 0303 0103 0101 0303 0202 0403 0404 0204 0303 0101 0303 0101 0301 0202 0404 0101 0101 0202 0202 0403 0404 0101 0202 0101 0404 0101 0303 0203 0401 0402 0303 0101 0101 0101 0303 0204 0104 0303 0202 0303 0303 0201 0202 0403 0404 0202 0402 0401 0302 0401 0101 
7 , 0404 0303 0203 0404 0202 0303 0404 0404 0203 0103 0303 0303 0103 0303 0202 0101 0202 0101 0101 0101 0404 0303 0303 0303 0404 0202 0102 0202 0101 0304 0303 0401 0303 0302 0404 0404 0402 0202 0101 0101 0101 0103 0202 0404 0101 0301 0404 0201 0403 0204 0101 0202 0201 0404 0404 0303 0303 0101 0402 0303 0101 0301 0101 0403 0202 0401 0303 0202 0303 0103 0201 0204 0403 0404 0202 0402 0404 0303 0404 0103 
8 , 0404 0303 0203 0104 0202 0303 0404 0404 0303 0101 0303 0303 0303 0303 0102 0303 0202 0101 0101 0301 0402 0203 0304 0303 0404 0202 0101 0202 0104 0404 0103 0101 0302 0202 0404 0404 0404 0202 0102 0301 0101 0101 0202 0404 0101 0101 0404 0202 0403 0202 0101 0102 0101 0404 0404 0203 0303 0101 0202 0301 0101 0103 0101 0304 0204 0101 0303 0202 0303 0303 0202 0404 0304 0404 0202 0204 0401 0302 0404 0101 
9 , 0404 0303 0302 0404 0202 0304 0204 0404 0302 0103 0303 0301 0103 0303 0202 0301 0202 0103 0101 0101 0202 0303 0303 0403 0404 0201 0101 0202 0101 0404 0103 0101 0303 0202 0404 0404 0404 0303 0101 0103 0103 0101 0102 0404 0101 0103 0402 0202 0404 0204 0101 0202 0101 0401 0404 0303 0303 0401 0404 0303 0101 0103 0101 0304 0404 0101 0303 0202 0303 0103 0202 0402 0404 0404 0202 0202 0404 0303 0401 0101 
10 , 0304 0303 0203 0404 0202 0303 0404 0404 0303 0301 0303 0303 0303 0302 0202 0303 0202 0101 0101 0101 0402 0203 0303 0304 0404 0202 0101 0202 0104 0404 0101 0101 0303 0203 0404 0304 0404 0202 0201 0303 0101 0103 0102 0404 0101 0301 0202 0202 0303 0204 0101 0202 0101 0404 0404 0303 0203 0101 0404 0303 0101 0301 0101 0303 0204 0101 0303 0202 0302 0303 0202 0402 0303 0403 0102 0404 0404 0203 0404 0103 
11 , 0404 0203 0203 0404 0202 0303 0404 0404 0302 0301 0303 0303 0103 0303 0202 0101 0202 0101 0101 0303 0202 0303 0303 0303 0404 0202 0101 0302 0101 0404 0301 0101 0302 0203 0404 0303 0404 0203 0101 0103 0101 0301 0202 0404 0101 0103 0402 0202 0303 0204 0101 0102 0101 0404 0404 0303 0203 0401 0402 0101 0102 0303 0101 0304 0204 0101 0303 0402 0303 0303 0202 0404 0303 0404 0101 0402 0404 0303 0404 0301 
12 , 0403 0203 0202 0404 0202 0303 0404 0101 0303 0103 0303 0303 0303 0303 0102 0101 0204 0101 0101 0103 0202 0202 0303 0304 0402 0101 0101 0202 0101 0404 0103 0101 0303 0302 0404 0404 0204 0202 0201 0301 0101 0103 0202 0404 0101 0101 0404 0202 0403 0404 0101 0202 0101 0404 0401 0303 0303 0404 0202 0103 0102 0301 0101 0303 0204 0401 0304 0202 0303 0303 0202 0204 0404 0404 0202 0404 0404 0303 0404 0101 
13 , 0404 0203 0203 0404 0202 0303 0204 0401 0203 0101 0303 0303 0303 0303 0202 0301 0202 0101 0101 0103 0404 0303 0303 0303 0204 0202 0102 0202 0101 0404 0103 0101 0303 0302 0404 0304 0402 0202 0101 0301 0101 0101 0202 0401 0101 0101 0404 0201 0303 0404 0101 0202 0101 0404 0404 0303 0303 0401 0202 0103 0101 0303 0101 0303 0404 0101 0303 0202 0303 0303 0202 0404 0303 0404 0202 0402 0404 0303 0404 0103 
14 , 0404 0202 0202 0404 0203 0303 0404 0404 0303 0101 0303 0303 0103 0303 0202 0303 0202 0101 0101 0101 0404 0303 0303 0303 0402 0202 0101 0202 0101 0404 0301 0401 0303 0202 0404 0404 0402 0203 0101 0103 0103 0101 0202 0404 0101 0101 0402 0202 0403 0404 0101 0202 0201 0104 0404 0302 0302 0101 0404 0303 0201 0303 0101 0403 0204 0401 0403 0202 0303 0303 0202 0202 0404 0403 0201 0402 0404 0303 0401 0101 
15 , 0403 0302 0203 0404 0202 0303 0404 0404 0202 0101 0303 0303 0303 0303 0202 0103 0202 0103 0101 0103 0202 0303 0303 0304 0404 0202 0101 0202 0101 0404 0303 0101 0303 0202 0404 0403 0402 0203 0101 0103 0101 0101 0202 0104 0101 0101 0404 0102 0304 0404 0101 0202 0101 0404 0404 0203 0303 0401 0204 0303 0202 0103 0202 0303 0404 0101 0303 0202 0303 0303 0101 0404 0304 0404 0202 0402 0401 0303 0404 0101 
16 , 0404 0202 0202 0404 0202 0304 0204 0104 0302 0101 0303 0303 0303 0303 0202 0301 0204 0101 0101 0101 0204 0303 0303 0403 0404 0201 0101 0202 0401 0404 0101 0101 0303 0303 0404 0403 0402 0303 0201 0103 0101 0101 0202 0404 0301 0301 0204 0202 0303 0204 0101 0202 0101 0404 0404 0303 0302 0401 0402 0303 0101 0303 0101 0303 0404 0104 0303 0202 0302 0303 0202 0404 0403 0404 0202 0404 0104 0303 0404 0101 
17 , 0404 0202 0302 0404 0202 0303 0404 0404 0302 0103 0203 0303 0303 0303 0202 0303 0202 0101 0101 0301 0204 0303 0303 0304 0402 0202 0101 0202 0401 0404 0301 0401 0303 0303 0404 0404 0204 0203 0101 0301 0101 0103 0202 0404 0101 0101 0404 0102 0303 0202 0101 0202 0101 0404 0404 0203 0303 0401 0402 0303 0102 0101 0101 0403 0404 0104 0303 0202 0303 0303 0202 0202 0303 0404 0202 0402 0404 0303 0404 0101 
18 , 0403 0203 0202 0104 0202 0303 0404 0401 0302 0101 0203 0303 0303 0303 0202 0103 0202 0101 0101 0301 0204 0303 0303 0303 0404 0102 0101 0202 0101 0404 0303 0101 0303 0203 0403 0403 0404 0302 0101 0303 0101 0101 0202 0104 0101 0101 0404 0202 0304 0404 0301 0201 0101 0404 0404 0303 0303 0401 0402 0303 0102 0301 0101 0303 0402 0101 0403 0202 0203 0103 0202 0202 0403 0404 0202 0202 0404 0303 0404 0103 
19 , 0404 0203 0202 0404 0202 0303 0404 0401 0302 0301 0303 0303 0303 0303 0202 0103 0202 0303 0101 0103 0202 0303 0303 0303 0404 0101 0101 0202 0101 0404 0303 0104 0303 0203 0404 0404 0402 0303 0101 0101 0101 0303 0202 0401 0101 0101 0202 0202 0304 0404 0101 0202 0101 0104 0404 0302 0203 0101 0202 0303 0101 0303 0101 0403 0202 0101 0404 0204 0303 0303 0202 0204 0403 0404 0202 0404 0404 0302 0404 0103 
20 , 0404 0203 0202 0404 0202 0303 0404 0404 0302 0101 0303 0103 0103 0303 0202 0103 0202 0101 0101 0101 0202 0303 0303 0403 0404 0202 0101 0302 0401 0403 0301 0101 0203 0203 0404 0404 0402 0202 0201 0103 0101 0303 0202 0404 0101 0101 0404 0202 0303 0202 0301 0102 0101 0404 0101 0303 0202 0101 0202 0103 0101 0301 0101 0303 0202 0101 0303 0402 0303 0303 0202 0404 0303 0403 0202 0404 0404 0303 0404 0101 
21 , 0404 0302 0202 0404 0202 0303 0404 0101 0303 0101 0203 0303 0301 0303 0202 0303 0202 0101 0101 0303 0204 0303 0303 0303 0402 0202 0101 0203 0101 0404 0301 0101 0303 0203 0404 0404 0404 0303 0101 0103 0101 0101 0202 0404 0101 0101 0402 0202 0303 0404 0303 0202 0101 0404 0404 0303 0202 0101 0204 0303 0202 0303 0101 0403 0404 0101 0403 0202 0303 0301 0201 0204 0404 0404 0201 0402 0404 0203 0404 0101 
22 , 0404 0303 0203 0404 0202 0303 0404 0401 0202 0101 0303 0303 0303 0303 0202 0303 0202 0101 0101 0301 0402 0303 0303 0303 0404 0102 0101 0202 0101 0404 0303 0101 0303 0203 0303 0303 0404 0302 0101 0103 0101 0101 0202 0404 0101 0301 0402 0202 0404 0404 0101 0201 0101 0404 0404 0303 0303 0104 0402 0303 0102 0103 0201 0304 0402 0101 0403 0202 0303 0303 0202 0402 0404 0304 0202 0402 0404 0303 0404 0103 
23 , 0304 0303 0202 0404 0202 0303 0404 0404 0303 0301 0303 0303 0303 0303 0202 0303 0202 0101 0101 0301 0204 0303 0303 0303 0202 0102 0102 0202 0101 0404 0301 0101 0303 0202 0404 0303 0404 0203 0101 0103 0101 0301 0201 0404 0101 0101 0204 0202 0303 0404 0101 0202 0101 0404 0401 0303 0303 0401 0402 0303 0101 0301 0101 0304 0402 0104 0403 0202 0303 0303 0102 0402 0403 0404 0202 0404 0404 0302 0401 0301 
24 , 0304 0303 0302 0404 0202 0303 0404 0404 0202 0103 0303 0303 0303 0303 0102 0103 0202 0101 0101 0303 0202 0303 0303 0303 0404 0202 0101 0202 0101 0404 0303 0101 0303 0202 0304 0304 0204 0303 0101 0301 0101 0303 0201 0404 0101 0101 0204 0202 0403 0402 0101 0201 0102 0404 0104 0303 0303 0104 0202 0303 0201 0303 0101 0304 0402 0101 0303 0202 0303 0303 0202 0204 0404 0403 0202 0402 0104 0303 0104 0103 
25 , 0404 0203 0203 0404 0202 0303 0402 0104 0303 0101 0303 0303 0301 0303 0102 0303 0202 0101 0101 0101 0202 0303 0304 0303 0204 0202 0101 0202 0401 0404 0103 0101 0302 0303 0404 0304 0404 0202 0101 0301 0101 0101 0202 0404 0101 0101 0404 0202 0304 0402 0101 0202 0101 0404 0404 0303 0302 0404 0404 0301 0202 0303 0101 0404 0204 0101 0303 0202 0303 0303 0102 0202 0304 0404 0202 0402 0404 0303 0404 0103 
26 , 0403 0303 0203 0404 0202 0403 0404 0401 0303 0101 0303 0303 0303 0303 0201 0301 0404 0101 0101 0303 0204 0303 0303 0303 0402 0201 0101 0202 0101 0404 0103 0401 0303 0202 0404 0303 0404 0302 0101 0303 0101 0103 0202 0401 0101 0101 0202 0202 0303 0404 0101 0202 0101 0404 0404 0302 0203 0101 0204 0303 0202 0101 0101 0303 0404 0401 0403 0202 0203 0303 0202 0404 0404 0404 0202 0204 0404 0303 0404 0303 
27 , 0404 0303 0202 0404 0202 0303 0404 0404 0303 0101 0303 0303 0303 0303 0202 0301 0202 0101 0101 0303 0202 0303 0303 0303 0204 0202 0101 0203 0101 0304 0301 0101 0303 0302 0404 0303 0404 0303 0101 0101 0101 0303 0202 0404 0101 0101 0204 0202 0303 0204 0101 0201 0101 0404 0404 0303 0303 0401 0402 0303 0102 0303 0101 0303 0404 0104 0403 0204 0303 0303 0202 0404 0403 0404 0202 0404 0404 0303 0404 0303 
28 , 0403 0203 0203 0404 0203 0303 0404 0404 0203 0303 0303 0303 0103 0303 0102 0301 0204 0101 0101 0301 0202 0202 0303 0303 0404 0202 0101 0202 0401 0404 0103 0101 0303 0302 0404 0303 0404 0202 0101 0101 0101 0101 0202 0404 0101 0101 0404 0102 0404 0402 0101 0201 0101 0104 0404 0302 0302 0401 0402 0103 0101 0103 0101 0303 0404 0104 0303 0202 0303 0303 0102 0202 0403 0404 0202 0402 0404 0303 0404 0103 
29 , 0403 0303 0203 0404 0202 0303 0404 0404 0203 0101 0302 0303 0303 0303 0202 0303 0202 0301 0101 0103 0402 0303 0303 0403 0404 0201 0101 0202 0101 0404 0103 0401 0303 0303 0404 0303 0404 0202 0101 0103 0101 0103 0202 0404 0101 0101 0404 0202 0403 0204 0101 0202 0101 0404 0404 0303 0302 0401 0202 0303 0202 0303 0101 0403 0404 0404 0303 0202 0303 0303 0102 0202 0403 0404 0102 0404 0401 0203 0404 0101 
30 , 0403 0202 0203 0404 0202 0303 0404 0404 0302 0101 0203 0301 0303 0303 0202 0301 0202 0103 0101 0303 0204 0303 0303 0304 0404 0202 0201 0202 0101 0404 0303 0101 0203 0203 0404 0304 0402 0303 0101 0103 0101 0301 0202 0401 0101 0103 0404 0102 0304 0404 0301 0202 0101 0404 0104 0303 0303 0401 0204 0303 0202 0101 0102 0303 0202 0101 0303 0202 0303 0103 0101 0404 0404 0304 0202 0402 0404 0303 0404 0101 
31 , 0404 0302 0202 0404 0202 0303 0404 0404 0203 0103 0303 0301 0303 0303 0202 0101 0202 0301 0101 0301 0202 0203 0303 0304 0404 0202 0101 0202 0101 0404 0103 0104 0303 0203 0304 0404 0402 0202 0201 0101 0101 0101 0202 0404 0101 0101 0404 0201 0303 0404 0103 0202 0101 0404 0404 0303 0203 0404 0402 0303 0201 0303 0101 0303 0404 0401 0303 0202 0303 0303 0202 0404 0304 0404 0202 0402 0401 0203 0404 0103 
32 , 0404 0203 0302 0401 0202 0303 0204 0404 0303 0301 0303 0303 0303 0203 0202 0303 0202 0103 0101 0301 0402 0203 0304 0303 0404 0202 0101 0202 0101 0404 0303 0101 0303 0202 0404 0303 0404 0302 0101 0301 0101 0301 0202 0404 0101 0103 0402 0102 0403 0404 0101 0102 0101 0404 0401 0303 0203 0401 0204 0303 0102 0103 0101 0303 0204 0104 0304 0202 0303 0303 0202 0202 0303 0304 0202 0204 0404 0303 0404 0303 
33 , 0404 0203 0202 0404 0202 0303 0404 0404 0203 0101 0303 0303 0303 0303 0202 0303 0202 0101 0101 0303 0404 0302 0303 0403 0404 0202 0101 0202 0101 0404 0301 0101 0303 0302 0404 0404 0404 0303 0101 0301 0101 0101 0102 0404 0101 0101 0204 0201 0304 0404 0101 0202 0101 0404 0404 0303 0203 0404 0402 0301 0201 0303 0101 0303 0404 0101 0303 0202 0303 0303 0201 0204 0403 0404 0202 0402 0404 0302 0404 0101 
34 , 0404 0302 0202 0404 0302 0303 0404 0401 0203 0303 0303 0301 0303 0303 0202 0301 0204 0101 0101 0103 0404 0302 0303 0304 0204 0201 0101 0202 0101 0404 0101 0101 0303 0203 0304 0404 0404 0202 0101 0301 0301 0303 0202 0401 0101 0301 0404 0202 0303 0404 0101 0202 0101 0404 0104 0203 0203 0404 0204 0303 0102 0301 0101 0303 0204 0401 0404 0202 0303 0303 0202 0204 0304 0404 0202 0204 0404 0203 0404 0101 
35 , 0404 0203 0203 0404 0302 0303 0404 0404 0303 0301 0303 0303 0101 0303 0102 0303 0202 0103 0101 0103 0202 0303 0303 0303 0404 0202 0101 0202 0101 0404 0301 0101 0303 0303 0304 0404 0404 0202 0101 0101 0101 0103 0201 0404 0101 0103 0204 0201 0303 0402 0101 0202 0102 0404 0104 0303 0302 0104 0202 0103 0101 0303 0101 0304 0404 0404 0303 0202 0303 0103 0101 0404 0304 0403 0202 0204 0404 0303 0404 0301 
36 , 0404 0202 0202 0404 0202 0303 0404 0404 0203 0301 0203 0301 0301 0303 0202 0301 0204 0103 0101 0101 0202 0303 0303 0304 0404 0201 0102 0202 0101 0404 0103 0401 0303 0302 0404 0304 0204 0303 0101 0103 0101 0303 0202 0404 0101 0101 0402 0102 0404 0404 0101 0202 0102 0404 0401 0303 0203 0401 0402 0103 0102 0301 0101 0303 0204 0101 0303 0202 0303 0303 0202 0202 0403 0304 0202 0402 0101 0303 0404 0301 
37 , 0404 0303 0202 0404 0202 0303 0404 0404 0203 0103 0303 0301 0103 0303 0202 0103 0202 0101 0101 0103 0402 0302 0303 0303 0404 0202 0101 0202 0101 0304 0303 0101 0303 0203 0404 0304 0404 0203 0101 0303 0101 0103 0202 0404 0101 0101 0404 0201 0403 0204 0101 0201 0201 0104 0404 0303 0303 0104 0404 0301 0101 0303 0101 0403 0204 0101 0304 0202 0302 0301 0201 0402 0404 0404 0202 0404 0404 0302 0404 0101 
38 , 0404 0202 0202 0404 0202 0303 0402 0101 0203 0101 0303 0303 0303 0303 0202 0303 0202 0101 0101 0303 0402 0303 0403 0304 0404 0102 0101 0202 0101 0404 0301 0104 0303 0302 0304 0303 0404 0303 0101 0101 0101 0103 0202 0404 0101 0301 0202 0202 0303 0402 0101 0202 0102 0404 0404 0303 0303 0101 0402 0303 0101 0303 0101 0303 0204 0101 0403 0202 0303 0303 0202 0404 0403 0404 0202 0404 0401 0303 0404 0101 
39 , 0403 0303 0203 0104 0202 0303 0404 0401 0203 0101 0203 0303 0303 0303 0202 0101 0202 0101 0101 0301 0204 0303 0303 0303 0402 0202 0101 0202 0101 0304 0103 0101 0303 0303 0404 0404 0404 0203 0101 0103 0101 0101 0202 0404 0101 0101 0402 0202 0304 0404 0101 0201 0101 0404 0404 0303 0303 0104 0402 0303 0102 0303 0101 0304 0404 0101 0303 0202 0303 0303 0202 0202 0403 0404 0202 0202 0404 0303 0404 0301 
40 , 0404 0303 0202 0104 0202 0303 0404 0404 0203 0101 0303 0303 0303 0302 0202 0301 0202 0103 0103 0303 0202 0303 0403 0304 0202 0202 0101 0202 0104 0403 0303 0101 0303 0202 0404 0404 0404 0203 0101 0101 0101 0103 0202 0404 0101 0101 0204 0202 0403 0204 0101 0102 0101 0404 0404 0202 0303 0101 0202 0303 0101 0103 0201 0303 0204 0104 0303 0202 0303 0301 0202 0204 0304 0404 0202 0202 0404 0302 0404 0101 
41 , 0304 0203 0302 0404 0202 0303 0404 0401 0303 0101 0203 0303 0103 0303 0202 0303 0202 0103 0101 0303 0402 0303 0303 0303 0402 0202 0101 0202 0101 0403 0301 0101 0303 0202 0403 0304 0402 0302 0101 0103 0101 0103 0202 0404 0101 0101 0404 0202 0403 0402 0101 0202 0101 0404 0104 0303 0302 0401 0202 0103 0102 0101 0101 0303 0402 0401 0303 0202 0303 0303 0102 0404 0404 0403 0202 0204 0404 0303 0404 0101 
42 , 0304 0302 0302 0404 0202 0303 0404 0404 0303 0101 0303 0301 0103 0303 0101 0303 0202 0101 0101 0103 0202 0303 0303 0403 0204 0202 0101 0202 0101 0404 0303 0401 0303 0203 0404 0303 0402 0302 0101 0101 0301 0101 0102 0404 0301 0101 0404 0201 0404 0202 0101 0102 0101 0404 0404 0203 0203 0401 0202 0303 0101 0303 0101 0303 0402 0101 0303 0202 0303 0303 0202 0202 0403 0404 0202 0204 0404 0303 0404 0301 
43 , 0404 0302 0302 0404 0202 0303 0404 0404 0303 0101 0303 0303 0303 0303 0202 0301 0202 0103 0101 0301 0202 0303 0303 0304 0404 0202 0102 0202 0104 0404 0303 0101 0303 0202 0304 0404 0204 0203 0101 0103 0101 0303 0202 0404 0101 0303 0402 0202 0404 0404 0101 0202 0102 0404 0404 0303 0203 0101 0402 0103 0101 0101 0101 0304 0404 0101 0303 0202 0303 0303 0202 0204 0303 0404 0202 0404 0401 0303 0404 0301 
44 , 0404 0303 0202 0404 0303 0303 0404 0404 0303 0103 0203 0303 0101 0303 0202 0303 0204 0101 0101 0101 0204 0302 0303 0303 0404 0202 0101 0202 0101 0304 0103 0101 0303 0302 0404 0403 0404 0302 0101 0301 0101 0101 0102 0404 0101 0101 0204 0202 0304 0402 0103 0102 0102 0404 0404 0302 0302 0401 0202 0303 0201 0103 0101 0303 0204 0104 0303 0202 0303 0303 0202 0202 0303 0304 0202 0402 0404 0302 0404 0101 
45 , 0404 0302 0203 0404 0202 0303 0404 0404 0303 0101 0302 0303 0303 0303 0202 0301 0202 0101 0101 0103 0402 0303 0303 0303 0404 0102 0101 0202 0101 0404 0101 0101 0303 0203 0304 0404 0404 0302 0101 0101 0101 0303 0202 0404 0101 0101 0404 0201 0303 0404 0101 0202 0102 0104 0404 0203 0202 0404 0204 0303 0201 0303 0101 0304 0202 0404 0303 0202 0303 0303 0201 0202 0304 0404 0202 0204 0404 0303 0404 0103 
46 , 0404 0302 0302 0404 0202 0303 0404 0401 0203 0101 0303 0303 0303 0303 0101 0103 0202 0301 0101 0303 0202 0303 0303 0303 0404 0201 0101 0202 0104 0404 0303 0101 0303 0203 0304 0303 0404 0302 0101 0303 0101 0103 0202 0404 0101 0101 0202 0101 0304 0402 0101 0201 0101 0401 0404 0203 0303 0101 0204 0303 0101 0303 0101 0303 0404 0104 0403 0202 0302 0303 0201 0404 0404 0404 0202 0204 0101 0303 0104 0101 
47 , 0404 0203 0202 0404 0202 0303 0404 0404 0202 0101 0302 0303 0301 0303 0202 0303 0202 0101 0103 0303 0202 0303 0303 0303 0404 0102 0101 0202 0101 0404 0103 0101 0303 0302 0404 0304 0404 0302 0101 0101 0101 0103 0202 0404 0101 0301 0404 0202 0303 0404 0101 0202 0201 0101 0401 0303 0303 0101 0202 0303 0101 0303 0101 0304 0202 0101 0303 0202 0303 0303 0202 0402 0404 0304 0202 0402 0404 0303 0404 0101 
48 , 0404 0303 0202 0404 0302 0304 0404 0404 0303 0101 0202 0303 0303 0303 0202 0303 0202 0101 0101 0103 0202 0303 0303 0403 0402 0202 0101 0202 0101 0404 0303 0101 0303 0303 0404 0403 0404 0302 0101 0101 0101 0103 0102 0404 0101 0301 0202 0202 0303 0404 0101 0101 0101 0401 0404 0303 0303 0101 0204 0303 0101 0103 0101 0303 0204 0404 0303 0202 0202 0303 0202 0202 0303 0404 0202 0404 0404 0303 0404 0101 
49 , 0304 0302 0202 0404 0202 0303 0404 0104 0203 0101 0303 0103 0103 0303 0202 0101 0202 0101 0101 0301 0202 0303 0303 0403 0404 0202 0102 0202 0101 0403 0301 0101 0303 0302 0404 0303 0402 0203 0101 0101 0101 0101 0202 0404 0101 0101 0202 0202 0303 0404 0101 0202 0101 0404 0404 0303 0303 0104 0202 0103 0201 0103 0101 0303 0404 0101 0304 0202 0303 0103 0202 0204 0404 0404 0201 0204 0404 0203 0404 0101 
50 , 0404 0302 0202 0404 0202 0303 0204 0401 0203 0101 0303 0303 0103 0303 0101 0103 0202 0101 0101 0103 0202 0303 0303 0303 0404 0202 0101 0203 0101 0404 0301 0401 0302 0303 0404 0304 0202 0203 0101 0101 0101 0301 0202 0404 0101 0101 0402 0102 0403 0202 0301 0202 0101 0404 0401 0303 0303 0404 0404 0303 0201 0303 0101 0403 0204 0101 0303 0202 0202 0303 0202 0204 0404 0404 0202 0404 0404 0303 0404 0101 
51 , 0404 0302 0202 0104 0202 0303 0404 0404 0202 0101 0303 0303 0303 0303 0202 0103 0202 0101 0101 0301 0402 0303 0303 0303 0404 0202 0101 0203 0101 0404 0103 0101 0303 0303 0404 0404 0404 0202 0101 0103 0101 0103 0202 0404 0101 0101 0404 0202 0403 0404 0101 0201 0101 0404 0401 0303 0302 0101 0204 0303 0102 0303 0101 0303 0404 0401 0303 0202 0303 0301 0202 0204 0403 0404 0202 0404 0404 0303 0404 0303 
52 , 0404 0202 0203 0404 0302 0303 0404 0404 0302 0301 0303 0303 0303 0303 0202 0303 0202 0101 0101 0301 0402 0303 0303 0303 0404 0202 0101 0202 0101 0404 0103 0101 0303 0303 0304 0304 0404 0203 0101 0103 0101 0303 0201 0404 0101 0103 0202 0202 0303 0404 0101 0202 0102 0404 0104 0303 0303 0101 0402 0103 0102 0301 0102 0303 0402 0401 0303 0204 0303 0103 0201 0404 0403 0404 0202 0202 0401 0303 0404 0303 
53 , 0404 0202 0202 0401 0202 0303 0404 0404 0303 0101 0303 0303 0303 0303 0202 0101 0402 0103 0301 0103 0204 0303 0303 0303 0404 0202 0101 0202 0101 0403 0103 0101 0303 0202 0404 0304 0404 0303 0101 0303 0101 0101 0202 0404 0101 0101 0402 0202 0403 0204 0101 0202 0101 0401 0101 0303 0303 0101 0202 0303 0201 0301 0101 0303 0404 0401 0303 0202 0303 0301 0201 0202 0303 0404 0202 0402 0404 0203 0401 0301 
54 , 0404 0303 0302 0104 0202 0303 0204 0404 0203 0101 0303 0303 0303 0303 0202 0103 0202 0101 0101 0301 0204 0303 0303 0304 0404 0202 0101 0202 0101 0404 0303 0101 0303 0303 0404 0403 0402 0202 0101 0103 0101 0101 0202 0404 0103 0101 0404 0202 0303 0202 0101 0202 0101 0404 0104 0303 0303 0101 0202 0303 0201 0303 0101 0303 0202 0101 0303 0202 0303 0303 0202 0404 0303 0404 0102 0204 0404 0303 0404 0301 
55 , 0404 0203 0202 0404 0202 0303 0204 0404 0303 0101 0303 0303 0303 0303 0201 0303 0202 0101 0101 0303 0202 0303 0303 0303 0404 0202 0201 0202 0101 0403 0303 0101 0303 0303 0404 0303 0404 0203 0101 0101 0101 0301 0202 0404 0101 0101 0402 0201 0303 0404 0301 0202 0101 0404 0401 0303 0303 0401 0402 0303 0201 0103 0101 0403 0202 0401 0303 0202 0303 0103 0101 0402 0303 0304 0202 0404 0404 0303 0404 0103 
56 , 0404 0303 0202 0404 0302 0304 0404 0404 0302 0301 0303 0303 0301 0303 0102 0303 0202 0101 0101 0101 0202 0303 0303 0303 0404 0102 0101 0202 0101 0304 0101 0101 0303 0303 0404 0304 0404 0202 0102 0103 0101 0101 0202 0404 0303 0101 0204 0201 0303 0404 0101 0202 0101 0404 0404 0303 0303 0104 0204 0301 0102 0303 0101 0303 0404 0401 0403 0202 0203 0301 0202 0404 0304 0404 0202 0202 0404 0203 0404 0101 
57 , 0404 0303 0203 0404 0202 0304 0404 0404 0303 0101 0303 0303 0301 0303 0202 0101 0202 0301 0101 0301 0202 0303 0303 0303 0404 0202 0101 0202 0101 0403 0103 0101 0303 0303 0403 0304 0404 0202 0101 0103 0101 0103 0202 0404 0101 0101 0404 0201 0403 0404 0103 0102 0101 0404 0404 0303 0303 0401 0402 0303 0102 0303 0102 0404 0404 0401 0303 0202 0303 0303 0202 0202 0404 0404 0202 0404 0401 0303 0404 0101 
58 , 0404 0203 0202 0404 0202 0303 0404 0404 0203 0101 0303 0303 0303 0303 0202 0303 0202 0101 0101 0101 0202 0303 0303 0303 0202 0202 0102 0202 0401 0404 0301 0101 0303 0302 0404 0304 0404 0303 0101 0303 0101 0303 0201 0404 0101 0301 0404 0202 0303 0404 0101 0202 0101 0404 0401 0303 0303 0401 0402 0103 0201 0103 0101 0303 0404 0104 0304 0202 0303 0303 0101 0204 0303 0404 0202 0404 0404 0303 0401 0101 
59 , 0404 0303 0203 0404 0202 0303 0404 0404 0202 0301 0303 0303 0301 0303 0202 0303 0402 0101 0101 0303 0202 0303 0303 0303 0404 0202 0101 0202 0101 0404 0303 0104 0302 0203 0304 0304 0404 0202 0101 0103 0101 0301 0202 0404 0101 0101 0204 0102 0303 0404 0101 0202 0101 0404 0401 0303 0303 0101 0204 0303 0201 0303 0101 0304 0404 0104 0403 0202 0303 0301 0201 0202 0404 0404 0202 0404 0404 0303 0404 0103 
60 , 0404 0202 0202 0404 0202 0303 0404 0404 0302 0103 0303 0301 0301 0303 0202 0301 0202 0301 0101 0301 0202 0303 0303 0304 0402 0202 0101 0202 0104 0404 0103 0101 0303 0302 0404 0303 0404 0202 0101 0103 0101 0303 0102 0404 0101 0101 0404 0202 0303 0402 0101 0102 0102 0404 0401 0303 0203 0401 0202 0303 0102 0101 0101 0403 0402 0404 0403 0202 0303 0303 0202 0402 0403 0304 0202 0404 0404 0303 0404 0101 
61 , 0404 0202 0202 0404 0202 0303 0404 0401 0303 0103 0303 0301 0303 0303 0201 0301 0202 0101 0101 0303 0404 0303 0303 0303 0402 0101 0101 0202 0101 0404 0301 0101 0303 0203 0404 0304 0404 0302 0101 0101 0101 0101 0202 0404 0101 0101 0204 0202 0303 0404 0101 0202 0101 0101 0404 0303 0303 0101 0202 0303 0102 0101 0101 0303 0404 0101 0403 0202 0303 0303 0202 0404 0404 0304 0202 0404 0404 0303 0404 0301 
62 , 0404 0202 0202 0404 0202 0304 0402 0404 0303 0101 0303 0303 0303 0303 0202 0101 0204 0103 0101 0301 0204 0303 0303 0303 0404 0202 0101 0302 0101 0404 0301 0104 0303 0203 0404 0403 0404 0203 0201 0103 0101 0101 0202 0404 0103 0101 0404 0202 0304 0204 0101 0102 0101 0404 0404 0302 0202 0101 0402 0303 0201 0103 0101 0303 0404 0104 0303 0402 0302 0303 0201 0404 0303 0404 0102 0404 0404 0303 0404 0301 
63 , 0404 0203 0202 0404 0202 0303 0404 0401 0303 0103 0303 0303 0303 0203 0202 0303 0202 0101 0101 0103 0204 0303 0303 0403 0404 0202 0101 0202 0101 0304 0103 0104 0303 0203 0404 0304 0404 0303 0101 0301 0101 0103 0202 0401 0101 0301 0204 0102 0403 0404 0101 0202 0101 0404 0404 0303 0303 0101 0202 0303 0101 0103 0101 0403 0402 0401 0304 0202 0203 0303 0202 0402 0303 0404 0201 0204 0404 0303 0404 0101 
64 , 0404 0303 0203 0404 0302 0303 0404 0404 0303 0101 0303 0303 0303 0303 0202 0303 0202 0101 0101 0101 0402 0303 0303 0403 0404 0202 0101 0202 0101 0404 0303 0101 0303 0203 0404 0403 0404 0202 0101 0301 0101 0101 0202 0404 0101 0101 0404 0202 0404 0402 0101 0202 0101 0404 0404 0303 0303 0401 0404 0101 0102 0103 0101 0304 0404 0101 0403 0202 0303 0303 0202 0204 0404 0404 0202 0402 0401 0302 0404 0101 
65 , 0404 0303 0302 0404 0202 0303 0404 0104 0302 0101 0303 0303 0303 0303 0202 0303 0202 0103 0101 0301 0202 0303 0303 0403 0402 0202 0101 0202 0101 0403 0303 0101 0302 0203 0404 0304 0404 0303 0101 0303 0101 0303 0102 0404 0101 0301 0404 0202 0304 0404 0101 0202 0101 0404 0401 0303 0203 0101 0202 0303 0101 0103 0101 0403 0404 0101 0303 0202 0203 0303 0202 0204 0403 0304 0202 0204 0404 0203 0404 0103 
66 , 0404 0303 0302 0401 0202 0303 0404 0404 0203 0101 0303 0303 0301 0303 0202 0303 0204 0101 0101 0301 0202 0203 0303 0403 0402 0102 0101 0202 0101 0404 0103 0101 0303 0303 0404 0304 0404 0302 0201 0301 0101 0303 0202 0401 0101 0101 0204 0201 0403 0404 0101 0201 0101 0404 0104 0303 0303 0104 0204 0303 0102 0101 0101 0404 0204 0404 0303 0202 0303 0303 0201 0402 0403 0404 0202 0204 0401 0303 0404 0101 
67 , 0304 0203 0302 0404 0202 0303 0402 0404 0302 0101 0303 0303 0101 0303 0202 0301 0202 0101 0101 0301 0204 0303 0303 0403 0404 0202 0101 0202 0101 0404 0103 0104 0303 0202 0404 0403 0404 0303 0101 0303 0101 0101 0202 0404 0101 0301 0204 0202 0403 0402 0101 0102 0102 0404 0404 0303 0302 0101 0204 0303 0101 0103 0201 0304 0404 0104 0303 0202 0303 0303 0102 0204 0304 0304 0201 0202 0404 0302 0104 0103 
68 , 0404 0202 0203 0404 0202 0303 0404 0404 0303 0103 0203 0301 0301 0303 0202 0303 0202 0101 0101 0103 0202 0203 0303 0303 0202 0201 0101 0202 0101 0404 0101 0104 0303 0303 0304 0304 0404 0203 0101 0103 0101 0101 0202 0404 0101 0101 0202 0202 0403 0404 0101 0202 0102 0104 0404 0303 0303 0401 0402 0303 0101 0303 0101 0303 0402 0404 0303 0202 0303 0303 0102 0204 0304 0404 0202 0402 0404 0202 0404 0101 
69 , 0404 0303 0202 0104 0202 0303 0404 0404 0303 0101 0303 0303 0101 0303 0202 0303 0202 0101 0101 0303 0402 0302 0303 0303 0204 0202 0101 0202 0101 0304 0303 0101 0303 0202 0404 0404 0404 0202 0101 0101 0101 0301 0202 0404 0301 0101 0402 0202 0304 0204 0101 0202 0101 0404 0404 0203 0303 0104 0402 0303 0101 0103 0101 0303 0204 0401 0303 0404 0303 0303 0201 0202 0403 0304 0202 0202 0404 0202 0404 0301 
70 , 0404 0202 0202 0404 0202 0303 0402 0104 0202 0101 0303 0303 0103 0303 0202 0301 0202 0301 0101 0301 0402 0303 0303 0303 0404 0202 0102 0202 0101 0303 0301 0401 0303 0203 0404 0403 0202 0302 0201 0303 0101 0301 0202 0404 0101 0301 0404 0101 0303 0204 0101 0202 0101 0404 0404 0302 0303 0101 0402 0103 0102 0303 0101 0303 0402 0404 0304 0202 0303 0303 0202 0204 0403 0404 0201 0404 0404 0303 0404 0301 
71 , 0404 0203 0202 0401 0302 0303 0404 0401 0303 0101 0303 0303 0103 0303 0202 0303 0202 0103 0101 0301 0202 0203 0304 0403 0204 0102 0101 0202 0101 0404 0303 0101 0203 0302 0404 0403 0204 0302 0101 0101 0101 0301 0202 0104 0101 0103 0204 0202 0303 0404 0101 0201 0101 0404 0104 0303 0303 0401 0402 0303 0102 0303 0101 0303 0404 0101 0303 0202 0302 0303 0202 0402 0404 0303 0202 0204 0104 0203 0404 0101 
72 , 0404 0203 0202 0404 0202 0303 0404 0401 0302 0103 0302 0303 0103 0303 0202 0303 0202 0103 0101 0303 0202 0302 0303 0303 0204 0202 0101 0202 0101 0404 0301 0101 0303 0303 0403 0404 0404 0303 0101 0303 0101 0101 0202 0404 0101 0101 0204 0202 0303 0404 0103 0202 0101 0404 0101 0303 0203 0401 0402 0303 0102 0301 0101 0303 0404 0101 0303 0202 0303 0303 0202 0204 0403 0404 0202 0202 0404 0303 0404 0301 
73 , 0304 0303 0202 0404 0202 0303 0204 0404 0303 0101 0303 0303 0301 0302 0202 0103 0202 0101 0101 0301 0202 0303 0303 0403 0404 0202 0101 0203 0101 0404 0103 0101 0303 0203 0404 0304 0404 0202 0101 0103 0101 0103 0202 0404 0103 0301 0204 0202 0403 0402 0301 0201 0201 0404 0101 0303 0302 0101 0404 0303 0102 0303 0101 0303 0404 0101 0303 0202 0303 0303 0202 0204 0303 0404 0202 0204 0404 0303 0404 0103 
74 , 0404 0303 0202 0404 0202 0303 0404 0404 0203 0101 0303 0303 0303 0303 0201 0103 0202 0101 0101 0303 0204 0302 0303 0303 0404 0202 0101 0202 0101 0304 0101 0101 0303 0302 0404 0403 0404 0202 0102 0303 0101 0101 0202 0404 0103 0101 0404 0202 0403 0404 0101 0201 0101 0404 0404 0303 0303 0101 0204 0303 0201 0303 0101 0304 0402 0101 0303 0202 0303 0303 0202 0204 0404 0404 0202 0404 0404 0303 0404 0103 
75 , 0404 0303 0302 0404 0202 0303 0404 0404 0202 0101 0303 0303 0301 0303 0201 0301 0202 0301 0101 0303 0202 0203 0303 0303 0404 0202 0101 0202 0101 0404 0103 0401 0303 0203 0304 0304 0404 0302 0201 0303 0103 0303 0201 0404 0101 0101 0204 0202 0303 0404 0101 0202 0201 0404 0101 0303 0303 0101 0202 0303 0101 0101 0101 0403 0204 0101 0403 0202 0303 0303 0202 0402 0404 0404 0102 0204 0404 0303 0404 0303 
76 , 0404 0303 0203 0101 0202 0303 0404 0404 0303 0101 0202 0303 0103 0303 0202 0303 0202 0101 0101 0303 0202 0303 0303 0303 0404 0201 0101 0202 0101 0404 0101 0101 0303 0302 0404 0303 0404 0302 0201 0303 0101 0301 0202 0404 0301 0101 0202 0101 0403 0404 0103 0202 0101 0404 0401 0303 0303 0404 0202 0301 0101 0301 0101 0303 0202 0404 0303 0202 0303 0301 0201 0404 0403 0404 0202 0404 0104 0303 0404 0101 
77 , 0304 0203 0302 0404 0203 0303 0404 0104 0303 0101 0303 0303 0303 0303 0202 0301 0202 0103 0101 0103 0202 0303 0303 0303 0404 0202 0101 0202 0101 0404 0303 0104 0303 0203 0404 0403 0402 0303 0101 0301 0103 0101 0102 0404 0101 0301 0204 0201 0303 0402 0101 0201 0102 0404 0404 0303 0202 0101 0204 0301 0201 0103 0101 0303 0204 0104 0304 0202 0303 0303 0202 0404 0304 0404 0202 0202 0404 0303 0404 0301 
78 , 0404 0303 0202 0404 0202 0303 0404 0404 0303 0103 0303 0303 0303 0303 0202 0303 0202 0301 0101 0101 0202 0303 0303 0303 0404 0202 0101 0202 0101 0404 0301 0101 0303 0302 0404 0404 0204 0202 0101 0101 0101 0103 0202 0404 0301 0101 0202 0201 0304 0402 0101 0201 0101 0404 0404 0303 0303 0401 0402 0303 0101 0103 0101 0303 0202 0104 0303 0402 0303 0303 0201 0404 0304 0404 0202 0204 0404 0203 0404 0101 
79 , 0404 0203 0202 0404 0202 0303 0404 0104 0303 0101 0303 0303 0303 0202 0202 0301 0202 0101 0101 0101 0202 0203 0303 0304 0404 0202 0101 0202 0101 0404 0301 0101 0303 0303 0404 0403 0204 0302 0101 0303 0101 0103 0202 0404 0301 0101 0402 0202 0303 0402 0103 0202 0101 0404 0104 0303 0303 0101 0204 0303 0101 0303 0101 0304 0202 0101 0303 0402 0302 0303 0202 0402 0303 0404 0202 0404 0404 0302 0404 0101 
80 , 0404 0202 0302 0404 0202 0303 0404 0104 0302 0301 0303 0303 0303 0303 0202 0303 0202 0103 0101 0301 0202 0203 0303 0303 0202 0202 0101 0302 0101 0303 0103 0101 0303 0202 0403 0404 0202 0202 0101 0303 0101 0303 0202 0404 0101 0301 0202 0202 0403 0402 0101 0101 0101 0404 0104 0303 0202 0401 0402 0303 0101 0301 0101 0303 0202 0101 0303 0202 0303 0303 0202 0204 0403 0404 0202 0204 0404 0203 0404 0101 
81 , 0404 0303 0203 0404 0202 0303 0404 0404 0302 0303 0303 0303 0103 0303 0202 0303 0202 0103 0101 0103 0202 0303 0303 0303 0404 0202 0101 0202 0101 0404 0303 0101 0303 0303 0404 0304 0204 0203 0101 0103 0101 0103 0101 0404 0101 0101 0204 0202 0403 0404 0101 0202 0102 0404 0401 0303 0203 0101 0202 0303 0202 0101 0102 0304 0202 0404 0303 0204 0303 0303 0102 0204 0303 0404 0202 0402 0404 0203 0404 0103 
82 , 0404 0303 0302 0404 0202 0303 0404 0404 0303 0301 0202 0303 0301 0303 0202 0103 0202 0101 0101 0101 0202 0303 0303 0303 0404 0202 0101 0202 0101 0404 0303 0104 0203 0303 0404 0303 0404 0302 0101 0103 0101 0101 0202 0404 0101 0301 0404 0202 0403 0204 0101 0202 0101 0404 0401 0203 0303 0104 0204 0101 0102 0103 0101 0303 0404 0401 0303 0202 0303 0303 0101 0404 0304 0404 0202 0202 0104 0303 0404 0103 
83 , 0404 0303 0203 0404 0302 0303 0404 0101 0303 0303 0203 0303 0303 0303 0202 0303 0202 0301 0101 0103 0402 0303 0303 0403 0404 0202 0101 0202 0101 0403 0303 0101 0303 0303 0403 0404 0404 0202 0101 0301 0101 0103 0202 0401 0101 0101 0204 0202 0403 0404 0101 0202 0102 0404 0404 0302 0303 0401 0204 0103 0102 0303 0101 0303 0202 0404 0304 0202 0303 0303 0202 0204 0403 0403 0202 0204 0404 0303 0404 0101 
84 , 0404 0303 0202 0404 0203 0303 0404 0104 0302 0101 0303 0303 0103 0303 0202 0303 0202 0103 0101 0301 0202 0303 0303 0303 0404 0202 0101 0202 0101 0404 0301 0101 0303 0202 0304 0403 0402 0202 0101 0301 0103 0301 0202 0404 0101 0101 0404 0202 0404 0404 0101 0202 0101 0404 0404 0303 0303 0101 0202 0303 0101 0301 0101 0304 0404 0101 0303 0202 0303 0301 0201 0402 0303 0404 0202 0402 0404 0303 0404 0303 
85 , 0303 0302 0203 0404 0202 0303 0404 0101 0203 0103 0303 0103 0103 0302 0202 0103 0202 0101 0101 0103 0204 0303 0303 0403 0404 0101 0201 0202 0101 0404 0103 0101 0302 0302 0403 0303 0404 0203 0101 0301 0101 0103 0201 0404 0101 0303 0202 0202 0304 0404 0301 0202 0101 0401 0404 0302 0303 0101 0204 0101 0101 0103 0102 0303 0202 0404 0303 0202 0303 0303 0201 0404 0404 0404 0102 0204 0404 0302 0404 0103 
86 , 0403 0203 0203 0404 0202 0303 0404 0101 0303 0301 0302 0301 0103 0203 0202 0101 0202 0101 0101 0301 0204 0303 0303 0304 0402 0202 0101 0202 0101 0404 0301 0101 0303 0202 0304 0304 0404 0203 0102 0103 0101 0101 0202 0404 0101 0301 0204 0101 0304 0404 0101 0201 0201 0404 0404 0303 0303 0101 0402 0103 0102 0103 0101 0403 0404 0101 0303 0204 0203 0301 0202 0404 0404 0404 0202 0202 0404 0303 0404 0103 
87 , 0304 0303 0303 0404 0202 0303 0404 0404 0302 0101 0203 0303 0303 0303 0202 0101 0402 0301 0101 0103 0202 0303 0303 0303 0204 0202 0201 0203 0101 0404 0301 0101 0303 0303 0404 0403 0404 0202 0101 0103 0101 0101 0202 0404 0101 0101 0202 0202 0304 0404 0101 0202 0101 0104 0104 0303 0303 0401 0204 0303 0202 0303 0101 0303 0404 0401 0303 0202 0303 0101 0102 0202 0303 0404 0201 0402 0404 0303 0104 0101 
88 , 0404 0302 0202 0404 0202 0303 0404 0404 0203 0103 0303 0301 0303 0303 0102 0103 0202 0101 0101 0101 0402 0302 0303 0304 0404 0102 0101 0202 0101 0404 0301 0104 0303 0203 0404 0404 0402 0202 0101 0101 0101 0103 0202 0404 0101 0101 0202 0202 0304 0404 0103 0202 0101 0404 0404 0203 0302 0401 0202 0303 0101 0103 0101 0304 0204 0101 0303 0202 0303 0103 0202 0404 0304 0404 0202 0402 0401 0303 0104 0103 
89 , 0404 0203 0203 0404 0202 0303 0404 0404 0303 0101 0303 0303 0301 0303 0202 0303 0202 0101 0101 0301 0202 0303 0304 0403 0404 0202 0101 0202 0104 0404 0103 0101 0302 0203 0404 0303 0204 0202 0101 0301 0101 0301 0202 0404 0301 0101 0404 0202 0303 0204 0101 0202 0101 0104 0404 0303 0302 0404 0202 0303 0202 0103 0101 0304 0404 0101 0403 0202 0303 0303 0202 0404 0304 0404 0202 0404 0401 0202 0404 0303 
90 , 0404 0202 0203 0404 0202 0303 0402 0404 0202 0101 0303 0303 0303 0303 0202 0301 0202 0101 0301 0301 0402 0303 0303 0403 0404 0202 0101 0202 0101 0403 0301 0101 0203 0302 0404 0403 0402 0302 0101 0301 0101 0101 0102 0404 0101 0101 0204 0202 0303 0404 0101 0202 0101 0404 0404 0303 0303 0401 0402 0303 0201 0303 0101 0303 0402 0101 0303 0202 0303 0303 0202 0404 0404 0404 0201 0204 0404 0302 0404 0103 
91 , 0404 0302 0202 0404 0302 0303 0402 0104 0203 0301 0303 0303 0303 0303 0202 0303 0204 0101 0101 0301 0202 0303 0303 0303 0204 0102 0101 0302 0101 0404 0301 0104 0303 0303 0404 0403 0404 0203 0101 0303 0101 0301 0202 0404 0103 0101 0402 0202 0303 0404 0101 0202 0101 0404 0104 0202 0303 0101 0402 0303 0201 0103 0101 0403 0404 0104 0304 0202 0303 0303 0201 0204 0403 0404 0202 0404 0404 0203 0404 0101 
92 , 0404 0303 0303 0404 0202 0303 0404 0404 0302 0101 0303 0303 0303 0203 0102 0303 0202 0103 0101 0301 0204 0302 0303 0403 0204 0202 0101 0202 0101 0403 0103 0101 0303 0303 0404 0303 0404 0303 0101 0301 0101 0101 0202 0404 0101 0101 0204 0202 0304 0402 0101 0202 0102 0404 0404 0303 0303 0101 0204 0303 0101 0301 0101 0303 0402 0104 0304 0202 0303 0303 0102 0404 0404 0404 0101 0404 0104 0303 0404 0103 
93 , 0404 0303 0202 0404 0202 0303 0404 0401 0202 0101 0203 0303 0303 0303 0202 0301 0202 0103 0101 0303 0402 0303 0303 0303 0402 0202 0101 0202 0101 0303 0101 0101 0303 0302 0404 0403 0404 0302 0101 0303 0101 0103 0202 0404 0101 0101 0404 0202 0403 0402 0101 0201 0101 0404 0404 0303 0302 0101 0202 0303 0101 0301 0101 0403 0202 0101 0303 0202 0303 0303 0202 0204 0404 0403 0202 0404 0404 0303 0404 0301 
94 , 0304 0302 0202 0404 0202 0303 0404 0404 0303 0301 0303 0303 0303 0303 0202 0303 0202 0101 0101 0301 0202 0303 0303 0303 0204 0102 0101 0202 0101 0304 0301 0101 0303 0303 0404 0304 0404 0203 0101 0101 0101 0101 0202 0404 0101 0101 0204 0202 0304 0204 0101 0202 0101 0404 0404 0303 0303 0401 0404 0303 0101 0303 0101 0303 0404 0101 0303 0202 0303 0303 0102 0402 0403 0303 0202 0402 0404 0303 0401 0301 
95 , 0404 0202 0202 0404 0302 0303 0404 0404 0303 0101 0203 0301 0103 0303 0202 0301 0202 0101 0101 0101 0202 0303 0303 0404 0204 0202 0101 0202 0101 0304 0103 0104 0302 0302 0404 0404 0402 0302 0101 0101 0101 0103 0102 0404 0101 0301 0202 0202 0304 0202 0101 0102 0101 0404 0104 0303 0302 0404 0202 0303 0102 0103 0101 0303 0204 0101 0303 0202 0203 0303 0202 0204 0304 0304 0202 0402 0401 0303 0404 0103 
96 , 0404 0303 0303 0404 0202 0303 0404 0404 0302 0101 0303 0303 0103 0303 0202 0301 0202 0101 0101 0101 0202 0303 0303 0303 0402 0102 0101 0202 0101 0404 0303 0101 0303 0303 0404 0404 0404 0302 0101 0303 0101 0301 0202 0404 0101 0101 0404 0202 0304 0204 0103 0202 0101 0404 0404 0303 0303 0101 0202 0301 0102 0101 0201 0403 0404 0101 0303 0202 0303 0303 0202 0402 0403 0404 0202 0402 0404 0203 0404 0101 
97 , 0404 0303 0302 0401 0202 0303 0404 0401 0303 0301 0303 0303 0303 0302 0202 0303 0202 0301 0101 0101 0202 0303 0304 0303 0404 0202 0101 0202 0101 0404 0103 0101 0303 0202 0304 0303 0404 0203 0101 0301 0101 0101 0202 0404 0101 0103 0402 0202 0303 0404 0101 0201 0101 0104 0404 0303 0303 0104 0204 0303 0202 0103 0101 0303 0204 0404 0303 0202 0303 0303 0102 0202 0403 0404 0202 0402 0404 0203 0404 0303 
98 , 0404 0202 0302 0404 0202 0303 0404 0404 0303 0103 0303 0303 0303 0303 0202 0303 0202 0103 0101 0301 0402 0302 0303 0303 0402 0202 0101 0203 0101 0404 0301 0101 0303 0302 0404 0303 0404 0302 0101 0101 0101 0101 0201 0404 0101 0103 0402 0202 0403 0404 0101 0202 0101 0404 0404 0303 0302 0101 0202 0303 0101 0103 0101 0303 0404 0401 0303 0204 0303 0303 0202 0402 0403 0404 0102 0204 0404 0203 0404 0103 
99 , 0404 0203 0203 0404 0202 0304 0404 0104 0303 0301 0303 0303 0303 0203 0202 0103 0202 0303 0101 0103 0202 0303 0303 0303 0404 0102 0102 0202 0101 0404 0301 0101 0303 0303 0304 0404 0404 0203 0101 0101 0101 0303 0201 0104 0101 0103 0404 0202 0403 0402 0101 0202 0101 0104 0404 0303 0202 0104 0202 0303 0101 0303 0101 0404 0204 0104 0403 0202 0303 0303 0202 0404 0304 0403 0202 0402 0404 0303 0404 0303 
100 , 0404 0303 0202 0404 0202 0303 0204 0404 0302 0101 0302 0303 0301 0203 0201 0103 0202 0101 0101 0303 0202 0303 0303 0403 0404 0202 0101 0202 0101 0404 0103 0101 0303 0203 0404 0304 0404 0302 0101 0101 0101 0101 0202 0404 0101 0301 0204 0102 0303 0404 0301 0202 0201 0404 0401 0303 0303 0101 0204 0301 0101 0103 0101 0304 0402 0104 0303 0202 0303 0301 0201 0202 0304 0304 0202 0404 0404 0303 0404 0101 
