Auto-generated genotype output.
1
2
3
4
5
6
7
8
9
10
11
12
13
14
15
16
17
18
19
20
21
22
23
24
25
26
27
28
29
30
31
32
33
34
35
36
37
38
39
40
41
42
43
44
45
46
47
48
49
50
51
52
53
54
55
56
57
58
59
60
61
62
63
64
65
66
67
68
69
70
71
72
73
74
75
76
77
78
79
80
Pop
1 , 0202 0101 0303 0202 0303 0202 0303 0202 0202 0401 0404 0404 0402 0404 0101 0404 0302 0303 0303 0303 0304 0101 0303 0202 0404 0403 0104 0303 0202 0404 0303 0303 0104 0101 0203 0101 0201 0101 0203 0202 0102 0303 0303 0101 0303 0103 0303 0202 0303 0202 0402 0202 0101 0102 0404 0202 0201 0401 0404 0202 0404 0101 0402 0202 0404 0103 0202 0101 0303 0303 0303 0303 0101 0303 0101 0101 0101 0101 0404 0402 
2 , 0202 0301 0303 0102 0303 0202 0303 0202 0202 0101 0404 0404 0204 0404 0101 0202 0202 0303 0203 0303 0303 0101 0303 0202 0402 0304 0101 0303 0202 0304 0202 0303 0404 0301 0303 0101 0201 0101 0202 0202 0101 0404 0403 0101 0203 0103 0303 0202 0303 0201 0202 0202 0303 0101 0404 0202 0202 0101 0404 0404 0404 0301 0204 0202 0404 0301 0202 0101 0303 0303 0303 0303 0104 0304 0101 0104 0101 0101 0404 0202 
3 , 0202 0101 0303 0202 0303 0202 0103 0201 0302 0101 0404 0402 0204 0104 0101 0202 0302 0301 0302 0303 0303 0101 0403 0202 0204 0403 0101 0302 0202 0404 0303 0303 0404 0101 0202 0104 0202 0101 0302 0202 0202 0303 0303 0101 0303 0101 0203 0202 0303 0102 0202 0102 0301 0101 0404 0202 0202 0101 0402 0202 0402 0101 0202 0202 0403 0303 0204 0101 0303 0302 0303 0103 0404 0403 0101 0101 0101 0202 0202 0404 
4 , 0202 0101 0303 0202 0303 0402 0303 0202 0203 0401 0404 0202 0204 0404 0101 0402 0203 0303 0203 0303 0304 0101 0303 0202 0404 0404 0101 0303 0202 0404 0302 0303 0404 0101 0302 0404 0201 0101 0303 0202 0202 0303 0303 0101 0303 0103 0303 0202 0303 0101 0202 0202 0101 0201 0404 0202 0102 0401 0402 0202 0404 0101 0402 0202 0403 0303 0402 0101 0303 0303 0303 0303 0401 0403 0102 0101 0101 0101 0204 0404 
5 , 0203 0301 0303 0201 0303 0202 0303 0201 0202 0104 0404 0402 0202 0404 0101 0204 0303 0303 0302 0303 0304 0104 0303 0302 0404 0404 0101 0303 0202 0403 0303 0303 0404 0101 0203 0401 0202 0101 0303 0202 0102 0304 0303 0101 0303 0301 0302 0202 0302 0201 0204 0102 0103 0201 0404 0204 0202 0101 0404 0202 0402 0101 0404 0202 0404 0303 0202 0101 0301 0303 0303 0303 0404 0304 0201 0401 0102 0101 0402 0404 
6 , 0202 0101 0303 0202 0303 0404 0303 0202 0202 0101 0404 0404 0202 0404 0101 0202 0303 0303 0302 0303 0303 0101 0303 0202 0402 0404 0101 0302 0202 0404 0303 0303 0404 0101 0302 0401 0202 0101 0303 0202 0202 0404 0303 0101 0203 0101 0303 0202 0303 0201 0402 0102 0101 0101 0404 0202 0202 0101 0402 0402 0404 0103 0404 0404 0303 0303 0402 0101 0303 0302 0303 0303 0104 0303 0101 0101 0201 0101 0404 0204 
7 , 0202 0301 0303 0202 0303 0202 0103 0202 0302 0101 0404 0202 0204 0404 0101 0202 0202 0303 0202 0303 0303 0101 0304 0202 0404 0404 0101 0303 0102 0404 0303 0303 0101 0101 0302 0104 0201 0101 0303 0302 0102 0304 0303 0101 0303 0301 0303 0302 0303 0102 0202 0202 0303 0101 0404 0202 0202 0101 0404 0202 0202 0301 0404 0402 0403 0303 0404 0101 0303 0303 0303 0103 0401 0303 0101 0404 0101 0101 0404 0402 
8 , 0202 0303 0301 0202 0303 0402 0303 0201 0202 0104 0403 0202 0404 0404 0101 0402 0302 0303 0303 0303 0403 0101 0303 0202 0204 0404 0101 0203 0202 0404 0303 0301 0404 0101 0202 0401 0202 0101 0302 0202 0201 0404 0303 0103 0303 0303 0303 0202 0303 0101 0204 0201 0103 0102 0404 0202 0201 0101 0404 0202 0204 0301 0404 0202 0404 0303 0204 0101 0303 0303 0302 0103 0404 0303 0101 0101 0101 0101 0204 0404 
9 , 0202 0101 0303 0202 0303 0402 0303 0202 0302 0104 0404 0202 0204 0104 0101 0202 0202 0303 0303 0303 0403 0104 0303 0202 0404 0404 0401 0303 0101 0404 0303 0303 0104 0101 0202 0104 0102 0101 0302 0203 0102 0304 0303 0101 0303 0101 0303 0202 0303 0101 0202 0202 0101 0101 0404 0202 0202 0101 0404 0404 0204 0103 0404 0202 0404 0303 0404 0101 0103 0303 0303 0301 0404 0403 0101 0101 0101 0101 0404 0402 
10 , 0202 0101 0303 0202 0203 0202 0303 0202 0202 0101 0404 0402 0202 0404 0301 0202 0203 0303 0302 0303 0404 0101 0303 0202 0202 0304 0104 0303 0202 0404 0303 0301 0404 0101 0303 0104 0202 0101 0203 0202 0202 0404 0304 0101 0302 0101 0303 0202 0303 0101 0202 0202 0101 0101 0404 0202 0202 0101 0404 0404 0402 0101 0204 0204 0304 0103 0404 0101 0303 0203 0203 0303 0404 0404 0102 0101 0102 0101 0404 0204 
11 , 0202 0101 0303 0201 0303 0202 0103 0202 0202 0101 0404 0404 0204 0404 0103 0204 0302 0303 0303 0304 0303 0101 0403 0202 0204 0404 0101 0303 0202 0304 0303 0303 0401 0101 0302 0101 0202 0103 0302 0202 0202 0403 0303 0103 0303 0103 0203 0202 0303 0101 0202 0102 0301 0101 0404 0202 0202 0101 0404 0202 0204 0101 0404 0402 0304 0103 0202 0101 0301 0302 0303 0301 0404 0404 0101 0401 0102 0201 0204 0204 
12 , 0202 0101 0303 0201 0303 0202 0303 0102 0302 0101 0403 0402 0202 0404 0301 0404 0302 0303 0303 0304 0304 0101 0303 0202 0402 0303 0101 0303 0202 0304 0303 0103 0104 0101 0303 0404 0201 0101 0203 0202 0202 0304 0303 0101 0303 0101 0303 0202 0303 0101 0204 0202 0301 0101 0404 0202 0202 0101 0404 0202 0204 0101 0404 0202 0304 0103 0204 0101 0103 0203 0303 0303 0401 0403 0101 0104 0101 0102 0402 0202 
13 , 0203 0301 0303 0202 0303 0202 0303 0202 0203 0101 0404 0404 0402 0404 0101 0202 0202 0303 0203 0304 0404 0101 0303 0202 0404 0404 0101 0303 0202 0404 0303 0301 0401 0101 0302 0101 0202 0103 0303 0202 0202 0404 0304 0101 0303 0101 0303 0202 0303 0202 0402 0102 0303 0101 0204 0202 0101 0101 0204 0404 0404 0101 0404 0202 0304 0303 0202 0101 0303 0203 0303 0301 0404 0403 0101 0101 0101 0102 0404 0404 
14 , 0202 0103 0301 0202 0303 0202 0303 0202 0202 0401 0404 0202 0204 0404 0101 0202 0202 0303 0203 0403 0304 0101 0303 0202 0204 0404 0101 0303 0202 0404 0303 0303 0404 0101 0202 0101 0201 0101 0302 0203 0202 0304 0303 0101 0303 0101 0303 0203 0303 0102 0402 0202 0101 0101 0404 0202 0202 0101 0404 0202 0402 0103 0404 0202 0304 0303 0404 0401 0303 0303 0303 0303 0401 0304 0101 0401 0101 0102 0404 0204 
15 , 0202 0101 0303 0202 0303 0202 0303 0202 0202 0401 0404 0204 0404 0404 0101 0202 0202 0303 0202 0303 0303 0101 0303 0202 0404 0404 0101 0203 0202 0403 0303 0303 0404 0103 0303 0401 0202 0101 0202 0202 0201 0403 0303 0101 0303 0101 0303 0202 0303 0201 0402 0202 0301 0101 0404 0202 0202 0101 0404 0204 0404 0301 0404 0202 0304 0303 0204 0101 0303 0303 0303 0303 0404 0403 0101 0104 0101 0101 0402 0202 
16 , 0202 0303 0103 0201 0303 0202 0303 0202 0202 0101 0404 0404 0204 0404 0103 0202 0302 0303 0203 0303 0403 0101 0303 0203 0404 0404 0101 0302 0202 0404 0303 0301 0104 0101 0302 0101 0202 0101 0203 0202 0202 0303 0304 0101 0303 0101 0303 0202 0303 0101 0404 0202 0101 0102 0404 0202 0101 0101 0402 0204 0204 0103 0402 0202 0304 0303 0202 0101 0301 0303 0303 0303 0101 0403 0101 0104 0102 0101 0404 0402 
17 , 0202 0101 0303 0202 0303 0202 0303 0202 0202 0101 0404 0402 0404 0404 0301 0202 0202 0303 0203 0303 0403 0101 0303 0202 0404 0403 0101 0302 0202 0304 0303 0103 0404 0101 0303 0401 0202 0101 0202 0202 0101 0303 0403 0101 0303 0101 0202 0202 0303 0202 0202 0202 0101 0101 0404 0202 0202 0101 0404 0402 0204 0303 0204 0202 0404 0303 0402 0101 0303 0203 0303 0301 0404 0304 0101 0101 0101 0101 0404 0204 
18 , 0202 0101 0303 0202 0303 0202 0303 0202 0302 0401 0403 0404 0404 0404 0103 0202 0202 0103 0303 0303 0403 0101 0303 0202 0404 0304 0101 0303 0202 0403 0203 0303 0401 0101 0302 0401 0202 0101 0303 0202 0202 0403 0304 0301 0303 0101 0303 0202 0303 0101 0202 0202 0103 0101 0204 0202 0102 0101 0404 0202 0404 0103 0204 0202 0403 0303 0404 0101 0101 0303 0303 0303 0104 0304 0101 0104 0101 0101 0404 0202 
19 , 0202 0101 0303 0201 0303 0202 0303 0202 0203 0101 0404 0204 0204 0104 0103 0202 0302 0303 0203 0303 0404 0101 0303 0202 0204 0404 0101 0303 0202 0404 0303 0301 0404 0101 0203 0101 0202 0301 0302 0202 0202 0303 0403 0301 0203 0101 0303 0202 0303 0201 0202 0102 0101 0101 0404 0202 0201 0101 0404 0202 0404 0101 0404 0202 0304 0303 0402 0101 0303 0303 0203 0103 0404 0304 0101 0101 0101 0201 0404 0402 
20 , 0202 0101 0303 0202 0303 0202 0303 0202 0203 0101 0404 0402 0204 0404 0101 0202 0202 0303 0302 0303 0303 0101 0303 0203 0402 0404 0101 0303 0202 0403 0302 0303 0404 0101 0203 0104 0202 0101 0202 0203 0202 0404 0303 0101 0303 0301 0303 0202 0303 0102 0202 0202 0101 0101 0404 0202 0202 0101 0404 0402 0404 0101 0204 0204 0303 0103 0202 0101 0303 0303 0303 0303 0404 0403 0101 0404 0102 0101 0404 0204 
21 , 0202 0301 0303 0202 0303 0204 0103 0102 0202 0101 0404 0404 0202 0404 0101 0202 0202 0303 0302 0303 0404 0101 0303 0202 0204 0404 0101 0202 0202 0404 0303 0303 0404 0101 0202 0101 0201 0101 0202 0202 0202 0304 0304 0101 0303 0101 0303 0202 0303 0101 0402 0202 0301 0101 0404 0204 0101 0101 0404 0202 0404 0101 0404 0404 0403 0303 0202 0101 0103 0303 0203 0303 0104 0303 0101 0101 0101 0101 0402 0404 
22 , 0202 0301 0301 0202 0303 0202 0303 0201 0202 0101 0404 0402 0204 0404 0101 0202 0203 0303 0203 0303 0303 0101 0303 0202 0404 0404 0101 0303 0202 0404 0303 0303 0404 0101 0202 0101 0202 0101 0303 0202 0102 0303 0304 0103 0303 0101 0303 0202 0303 0102 0202 0202 0101 0102 0404 0202 0101 0101 0404 0202 0202 0101 0402 0402 0303 0303 0204 0401 0103 0202 0303 0303 0401 0404 0101 0404 0101 0101 0404 0202 
23 , 0202 0101 0303 0202 0303 0204 0103 0102 0302 0101 0404 0204 0204 0404 0103 0202 0303 0303 0302 0303 0304 0101 0303 0202 0404 0304 0101 0303 0202 0404 0303 0301 0401 0101 0203 0101 0202 0101 0202 0203 0101 0304 0304 0101 0303 0103 0303 0202 0303 0202 0402 0202 0103 0101 0404 0202 0202 0401 0404 0202 0404 0101 0404 0202 0404 0303 0202 0104 0303 0303 0303 0301 0401 0303 0101 0101 0101 0101 0404 0404 
24 , 0202 0101 0303 0202 0303 0202 0303 0202 0203 0101 0404 0404 0202 0404 0101 0202 0202 0303 0303 0303 0404 0101 0303 0202 0404 0404 0101 0303 0202 0404 0303 0303 0401 0101 0302 0104 0201 0101 0303 0202 0202 0403 0403 0101 0303 0101 0303 0202 0303 0201 0402 0102 0301 0101 0404 0202 0202 0101 0404 0404 0402 0101 0404 0402 0303 0103 0204 0101 0303 0303 0303 0301 0104 0304 0101 0104 0101 0101 0404 0404 
25 , 0202 0301 0303 0202 0303 0202 0303 0202 0302 0101 0404 0202 0404 0404 0101 0202 0203 0303 0203 0303 0304 0101 0303 0202 0402 0404 0101 0302 0202 0404 0303 0301 0104 0101 0303 0101 0102 0101 0202 0202 0102 0303 0303 0101 0302 0301 0303 0202 0303 0101 0402 0202 0101 0101 0404 0202 0101 0101 0204 0202 0404 0101 0204 0202 0303 0303 0202 0101 0103 0302 0203 0301 0101 0404 0101 0101 0101 0101 0404 0402 
26 , 0202 0301 0303 0202 0303 0202 0303 0102 0202 0101 0403 0404 0402 0404 0101 0204 0202 0303 0203 0303 0403 0101 0303 0202 0204 0403 0101 0302 0202 0403 0303 0301 0404 0101 0202 0104 0102 0101 0203 0202 0202 0303 0303 0101 0303 0101 0303 0202 0203 0101 0202 0202 0101 0101 0404 0202 0102 0101 0404 0402 0404 0301 0402 0202 0403 0303 0202 0101 0103 0303 0303 0303 0404 0303 0101 0101 0101 0101 0404 0204 
27 , 0202 0101 0301 0202 0303 0202 0103 0102 0202 0401 0404 0404 0202 0404 0101 0202 0202 0303 0203 0303 0403 0101 0303 0203 0202 0404 0101 0203 0202 0404 0303 0303 0404 0101 0203 0401 0101 0101 0303 0203 0202 0303 0303 0101 0302 0101 0303 0202 0303 0101 0404 0202 0301 0102 0404 0202 0102 0101 0404 0204 0404 0303 0204 0202 0404 0303 0402 0101 0301 0303 0303 0103 0401 0304 0101 0104 0101 0102 0402 0404 
28 , 0202 0101 0103 0202 0303 0202 0303 0202 0202 0104 0403 0204 0404 0404 0101 0202 0203 0303 0303 0303 0304 0101 0403 0202 0402 0304 0101 0302 0102 0303 0303 0303 0404 0101 0203 0404 0202 0101 0202 0202 0202 0303 0303 0101 0302 0101 0303 0202 0303 0101 0204 0202 0101 0101 0404 0202 0101 0104 0404 0202 0404 0301 0404 0202 0404 0303 0402 0101 0303 0303 0303 0303 0401 0303 0101 0101 0101 0101 0404 0402 
29 , 0202 0101 0303 0202 0303 0202 0103 0102 0202 0104 0404 0402 0202 0404 0101 0202 0202 0301 0303 0403 0303 0101 0303 0202 0204 0404 0101 0303 0201 0404 0203 0301 0404 0101 0203 0404 0202 0101 0203 0202 0201 0404 0403 0101 0303 0101 0303 0202 0303 0201 0202 0202 0301 0101 0204 0202 0202 0101 0404 0204 0404 0101 0404 0402 0404 0303 0204 0401 0303 0203 0303 0303 0104 0304 0101 0404 0101 0101 0404 0202 
30 , 0202 0301 0103 0202 0303 0202 0303 0201 0302 0101 0404 0202 0404 0404 0101 0202 0303 0301 0303 0303 0303 0101 0404 0202 0404 0404 0101 0202 0202 0404 0303 0103 0104 0101 0203 0401 0102 0101 0302 0202 0201 0303 0303 0101 0203 0301 0303 0202 0303 0102 0402 0201 0103 0101 0202 0202 0101 0104 0404 0202 0402 0101 0404 0202 0403 0303 0204 0101 0103 0303 0203 0303 0401 0303 0101 0101 0202 0101 0404 0202 
31 , 0202 0303 0301 0202 0303 0204 0303 0202 0302 0104 0404 0204 0404 0404 0101 0202 0202 0103 0302 0303 0304 0101 0303 0302 0204 0404 0101 0303 0201 0404 0303 0303 0404 0101 0303 0101 0202 0301 0303 0202 0102 0304 0303 0101 0303 0103 0303 0202 0303 0101 0402 0201 0103 0101 0404 0202 0102 0101 0404 0402 0202 0103 0404 0402 0304 0303 0402 0101 0103 0303 0303 0301 0104 0403 0101 0401 0102 0101 0404 0202 
32 , 0202 0101 0303 0202 0303 0204 0303 0201 0202 0401 0404 0402 0402 0404 0101 0402 0202 0303 0302 0303 0304 0104 0303 0202 0404 0403 0101 0302 0202 0304 0303 0303 0104 0101 0302 0401 0202 0101 0302 0203 0202 0404 0303 0101 0203 0101 0303 0202 0303 0101 0204 0202 0301 0201 0404 0204 0202 0401 0404 0202 0204 0101 0404 0204 0403 0303 0202 0101 0303 0303 0203 0303 0104 0303 0101 0101 0101 0201 0404 0204 
33 , 0302 0101 0101 0202 0303 0202 0303 0202 0203 0101 0404 0202 0402 0404 0103 0202 0302 0303 0303 0304 0403 0101 0304 0202 0404 0404 0101 0303 0202 0404 0303 0303 0404 0101 0203 0401 0202 0103 0203 0302 0202 0304 0303 0301 0303 0101 0303 0202 0203 0101 0204 0202 0303 0101 0404 0202 0201 0101 0204 0202 0204 0101 0404 0202 0404 0303 0202 0101 0103 0303 0303 0303 0404 0303 0101 0401 0102 0101 0404 0402 
34 , 0202 0101 0103 0202 0303 0202 0303 0202 0302 0404 0404 0402 0202 0404 0101 0202 0202 0101 0303 0303 0303 0101 0303 0302 0204 0304 0101 0303 0201 0304 0303 0303 0404 0101 0303 0404 0202 0101 0203 0202 0201 0403 0403 0101 0303 0101 0303 0202 0303 0102 0402 0202 0101 0101 0404 0202 0202 0101 0404 0204 0404 0101 0404 0202 0404 0303 0202 0101 0303 0203 0303 0303 0404 0403 0101 0101 0101 0101 0404 0204 
35 , 0202 0101 0303 0202 0303 0202 0303 0102 0302 0404 0404 0404 0404 0404 0101 0202 0203 0103 0303 0303 0404 0101 0303 0202 0402 0304 0101 0303 0202 0404 0303 0303 0404 0101 0302 0401 0202 0103 0302 0202 0201 0404 0303 0101 0202 0101 0303 0202 0303 0102 0202 0202 0103 0102 0204 0202 0201 0101 0404 0204 0404 0303 0404 0202 0404 0303 0202 0101 0303 0203 0303 0303 0404 0303 0101 0101 0101 0101 0404 0204 
36 , 0203 0301 0303 0201 0302 0202 0303 0202 0202 0401 0303 0404 0202 0404 0301 0202 0202 0303 0302 0303 0304 0101 0303 0302 0404 0404 0401 0303 0202 0403 0303 0101 0404 0101 0202 0101 0202 0103 0203 0202 0102 0403 0304 0101 0303 0101 0303 0202 0303 0101 0202 0202 0103 0101 0404 0202 0201 0101 0204 0202 0404 0301 0404 0202 0404 0103 0202 0401 0303 0303 0303 0301 0104 0304 0102 0101 0201 0101 0404 0404 
37 , 0202 0103 0103 0202 0303 0202 0303 0201 0203 0104 0404 0202 0402 0404 0101 0202 0302 0301 0303 0303 0303 0101 0303 0202 0404 0404 0101 0303 0202 0404 0303 0303 0104 0101 0203 0104 0202 0101 0302 0202 0202 0303 0303 0101 0303 0301 0303 0202 0303 0202 0202 0202 0101 0101 0404 0402 0202 0401 0404 0202 0404 0101 0404 0202 0304 0303 0402 0101 0303 0302 0303 0303 0104 0404 0201 0101 0101 0102 0404 0202 
38 , 0203 0103 0103 0201 0303 0202 0101 0202 0202 0101 0304 0404 0204 0404 0301 0204 0202 0303 0303 0303 0403 0101 0303 0202 0402 0403 0101 0303 0202 0404 0303 0303 0104 0101 0302 0401 0201 0103 0303 0202 0201 0303 0303 0101 0303 0101 0303 0202 0303 0101 0204 0201 0101 0101 0404 0202 0101 0101 0402 0202 0204 0103 0404 0202 0304 0303 0202 0401 0103 0303 0303 0303 0404 0303 0101 0101 0101 0101 0402 0402 
39 , 0202 0103 0301 0202 0303 0202 0303 0202 0202 0101 0404 0404 0202 0404 0301 0202 0302 0301 0303 0303 0303 0101 0403 0203 0204 0404 0101 0303 0202 0303 0303 0303 0404 0101 0202 0101 0202 0101 0303 0203 0102 0404 0303 0101 0302 0103 0202 0202 0303 0201 0204 0102 0303 0101 0404 0202 0202 0101 0404 0204 0402 0101 0404 0202 0304 0303 0202 0101 0303 0303 0303 0303 0404 0404 0101 0101 0101 0201 0204 0204 
40 , 0202 0101 0303 0202 0303 0202 0303 0202 0202 0101 0404 0404 0404 0404 0101 0204 0203 0103 0302 0303 0303 0101 0303 0203 0404 0304 0101 0303 0202 0404 0303 0301 0401 0101 0202 0104 0202 0103 0202 0302 0102 0403 0304 0101 0303 0303 0303 0202 0303 0101 0202 0102 0301 0102 0402 0202 0102 0101 0204 0202 0404 0101 0404 0202 0404 0303 0402 0101 0301 0302 0303 0301 0104 0304 0101 0101 0101 0101 0204 0404 
41 , 0202 0103 0301 0201 0303 0202 0303 0202 0202 0101 0403 0404 0202 0404 0101 0202 0302 0303 0203 0304 0304 0101 0303 0202 0204 0404 0101 0303 0202 0403 0303 0301 0404 0103 0302 0101 0202 0101 0302 0202 0202 0303 0303 0101 0303 0101 0303 0202 0303 0102 0202 0102 0103 0101 0404 0202 0102 0101 0402 0202 0204 0303 0402 0404 0404 0303 0202 0101 0303 0302 0303 0103 0401 0404 0101 0104 0102 0101 0402 0402 
42 , 0202 0101 0103 0202 0303 0202 0303 0202 0203 0101 0404 0202 0204 0404 0101 0202 0203 0303 0302 0303 0303 0101 0303 0202 0202 0404 0101 0303 0202 0404 0303 0303 0104 0101 0303 0104 0202 0101 0302 0203 0202 0303 0403 0101 0202 0101 0303 0202 0303 0102 0202 0102 0101 0102 0402 0202 0202 0101 0404 0202 0204 0101 0404 0404 0303 0103 0204 0101 0303 0303 0303 0303 0404 0403 0101 0401 0102 0101 0404 0204 
43 , 0202 0101 0303 0202 0303 0202 0303 0202 0202 0401 0304 0202 0204 0404 0101 0202 0202 0303 0202 0303 0303 0101 0303 0202 0404 0404 0401 0203 0202 0304 0302 0303 0404 0101 0203 0101 0201 0101 0302 0202 0201 0304 0403 0101 0303 0103 0303 0202 0303 0202 0202 0202 0103 0101 0404 0202 0102 0101 0404 0204 0404 0301 0404 0202 0304 0301 0402 0101 0303 0303 0303 0303 0404 0403 0101 0404 0101 0101 0404 0204 
44 , 0202 0101 0103 0202 0303 0202 0303 0101 0302 0401 0404 0404 0402 0404 0101 0204 0202 0103 0303 0304 0303 0101 0303 0202 0204 0304 0101 0303 0202 0404 0303 0303 0404 0101 0302 0401 0202 0101 0303 0202 0202 0403 0303 0301 0203 0101 0302 0202 0303 0102 0204 0202 0101 0101 0404 0202 0101 0101 0404 0202 0404 0103 0404 0202 0403 0303 0404 0101 0103 0303 0303 0303 0404 0303 0101 0101 0101 0101 0404 0202 
45 , 0202 0301 0303 0201 0303 0204 0303 0202 0202 0101 0304 0204 0404 0404 0101 0202 0202 0303 0203 0303 0304 0101 0303 0202 0204 0403 0101 0303 0202 0404 0303 0103 0404 0101 0303 0104 0102 0101 0203 0302 0202 0403 0303 0101 0303 0301 0303 0302 0303 0202 0402 0201 0103 0101 0404 0202 0202 0101 0404 0402 0202 0103 0202 0202 0403 0303 0202 0101 0303 0303 0303 0303 0404 0403 0101 0101 0101 0101 0404 0204 
46 , 0202 0101 0103 0102 0303 0202 0303 0202 0203 0401 0304 0402 0204 0404 0301 0202 0203 0301 0302 0303 0303 0401 0303 0202 0404 0404 0104 0303 0202 0404 0303 0301 0404 0101 0303 0401 0202 0101 0303 0202 0101 0403 0303 0103 0303 0101 0303 0202 0302 0201 0202 0202 0101 0101 0404 0202 0202 0101 0404 0202 0204 0101 0402 0402 0304 0303 0202 0101 0301 0203 0303 0301 0104 0303 0101 0101 0201 0202 0204 0402 
47 , 0202 0103 0303 0202 0303 0202 0303 0201 0302 0101 0404 0402 0202 0404 0101 0202 0302 0303 0303 0304 0303 0101 0303 0202 0404 0404 0101 0202 0202 0403 0303 0303 0404 0101 0303 0101 0202 0301 0202 0203 0202 0403 0303 0101 0303 0103 0303 0202 0303 0101 0202 0202 0101 0101 0404 0202 0202 0101 0404 0202 0202 0101 0404 0202 0304 0303 0204 0101 0103 0202 0303 0103 0404 0404 0201 0101 0101 0202 0404 0202 
48 , 0202 0101 0303 0202 0303 0202 0303 0202 0202 0404 0404 0202 0202 0404 0101 0202 0202 0301 0203 0303 0403 0101 0303 0202 0204 0403 0101 0302 0202 0404 0203 0303 0404 0101 0202 0404 0202 0101 0202 0202 0202 0404 0303 0101 0303 0101 0302 0202 0303 0101 0202 0202 0303 0101 0404 0202 0202 0101 0404 0202 0202 0101 0402 0202 0403 0103 0402 0101 0303 0303 0303 0303 0104 0403 0101 0101 0101 0101 0404 0204 
49 , 0202 0101 0303 0101 0303 0202 0303 0202 0303 0101 0404 0404 0402 0404 0103 0202 0203 0303 0303 0304 0403 0101 0303 0202 0204 0404 0101 0303 0201 0404 0303 0301 0404 0101 0202 0101 0202 0101 0202 0202 0101 0303 0303 0301 0303 0301 0303 0202 0303 0102 0202 0202 0101 0102 0404 0402 0201 0101 0402 0202 0404 0103 0404 0202 0404 0303 0202 0101 0301 0303 0303 0303 0401 0404 0101 0104 0102 0101 0404 0202 
50 , 0203 0101 0301 0201 0303 0202 0103 0202 0202 0101 0404 0404 0202 0104 0101 0202 0302 0301 0303 0303 0304 0104 0303 0202 0404 0403 0101 0303 0202 0403 0303 0303 0404 0101 0202 0101 0201 0101 0303 0202 0202 0404 0303 0103 0303 0101 0303 0202 0303 0201 0204 0202 0101 0101 0402 0202 0202 0101 0404 0202 0204 0101 0404 0404 0403 0303 0202 0101 0303 0302 0303 0303 0404 0403 0101 0401 0102 0201 0202 0202 
51 , 0203 0301 0103 0202 0303 0202 0303 0102 0202 0101 0404 0402 0202 0404 0101 0202 0202 0301 0203 0303 0303 0101 0303 0202 0404 0303 0101 0303 0201 0404 0303 0303 0404 0101 0203 0101 0201 0101 0302 0202 0101 0403 0303 0101 0303 0101 0302 0202 0303 0102 0202 0202 0101 0101 0404 0202 0102 0101 0404 0202 0204 0103 0404 0202 0304 0303 0202 0401 0103 0202 0303 0303 0404 0403 0101 0101 0101 0101 0404 0402 
52 , 0203 0101 0303 0202 0303 0202 0303 0202 0302 0101 0404 0202 0202 0404 0101 0204 0303 0303 0302 0303 0403 0404 0403 0302 0204 0404 0101 0303 0202 0404 0303 0303 0404 0101 0203 0401 0202 0101 0203 0202 0202 0404 0403 0101 0203 0101 0202 0202 0302 0101 0204 0202 0103 0101 0404 0202 0202 0101 0404 0202 0402 0103 0404 0402 0304 0303 0402 0101 0301 0303 0303 0303 0104 0303 0101 0101 0101 0101 0404 0204 
53 , 0202 0101 0303 0201 0303 0202 0303 0202 0302 0104 0404 0404 0202 0404 0101 0202 0302 0303 0303 0303 0304 0101 0303 0203 0202 0404 0101 0303 0201 0403 0303 0303 0404 0101 0302 0101 0202 0101 0303 0202 0101 0304 0303 0101 0303 0101 0203 0202 0303 0201 0202 0102 0301 0101 0404 0202 0201 0101 0404 0202 0402 0101 0404 0402 0403 0303 0202 0101 0303 0303 0303 0303 0404 0404 0101 0104 0101 0201 0204 0202 
54 , 0202 0103 0303 0202 0303 0202 0303 0202 0202 0101 0404 0404 0204 0404 0101 0202 0302 0303 0302 0303 0303 0101 0303 0202 0204 0404 0101 0303 0202 0404 0303 0301 0404 0101 0303 0101 0202 0301 0203 0203 0202 0303 0403 0101 0303 0101 0303 0202 0303 0102 0204 0202 0103 0101 0404 0202 0102 0101 0404 0202 0404 0103 0404 0202 0304 0303 0404 0101 0303 0203 0303 0103 0404 0403 0101 0101 0101 0201 0404 0202 
55 , 0203 0101 0303 0202 0303 0202 0303 0202 0202 0104 0404 0402 0202 0404 0103 0402 0203 0303 0303 0303 0403 0101 0303 0202 0402 0304 0101 0303 0202 0404 0303 0303 0404 0103 0302 0104 0202 0101 0303 0203 0202 0304 0303 0101 0203 0301 0303 0202 0303 0102 0204 0202 0101 0101 0402 0202 0102 0101 0204 0202 0404 0101 0202 0202 0403 0303 0202 0104 0303 0203 0303 0303 0401 0303 0101 0104 0101 0101 0404 0402 
56 , 0202 0101 0303 0201 0303 0202 0103 0102 0203 0101 0404 0402 0202 0404 0103 0402 0202 0303 0203 0303 0404 0101 0303 0202 0404 0404 0101 0303 0102 0404 0303 0101 0404 0101 0303 0401 0202 0101 0203 0202 0202 0403 0303 0101 0202 0103 0303 0202 0303 0101 0202 0202 0301 0101 0404 0202 0202 0101 0404 0202 0204 0101 0404 0202 0303 0303 0202 0101 0103 0203 0303 0301 0401 0404 0101 0101 0101 0101 0204 0202 
57 , 0202 0101 0101 0102 0303 0202 0303 0202 0202 0401 0304 0404 0202 0404 0301 0204 0202 0303 0303 0303 0403 0101 0303 0202 0402 0404 0101 0302 0202 0403 0303 0303 0404 0103 0303 0401 0201 0101 0203 0202 0102 0303 0303 0101 0303 0103 0303 0202 0303 0201 0202 0202 0101 0102 0404 0202 0202 0101 0404 0202 0404 0301 0404 0402 0403 0303 0202 0101 0303 0203 0303 0303 0104 0304 0101 0401 0202 0201 0404 0202 
58 , 0302 0101 0303 0202 0303 0202 0303 0202 0202 0401 0403 0202 0204 0404 0101 0202 0202 0301 0303 0303 0404 0404 0303 0202 0202 0404 0101 0303 0202 0404 0303 0303 0404 0101 0303 0101 0202 0101 0303 0302 0202 0404 0303 0301 0302 0101 0303 0202 0203 0101 0202 0202 0101 0101 0404 0202 0201 0101 0204 0202 0402 0301 0404 0202 0404 0303 0204 0101 0103 0303 0303 0303 0404 0304 0101 0401 0102 0101 0202 0404 
59 , 0202 0103 0303 0202 0303 0202 0103 0102 0202 0101 0404 0402 0402 0404 0101 0202 0302 0303 0303 0303 0304 0101 0303 0202 0402 0404 0101 0303 0201 0404 0303 0303 0404 0101 0202 0104 0202 0101 0302 0203 0202 0304 0303 0101 0303 0301 0303 0202 0303 0101 0404 0202 0101 0101 0404 0402 0201 0101 0402 0202 0402 0103 0404 0202 0403 0303 0204 0101 0303 0302 0303 0303 0101 0303 0101 0101 0101 0101 0404 0402 
60 , 0202 0101 0103 0201 0303 0202 0103 0202 0302 0104 0404 0404 0402 0404 0101 0202 0202 0303 0303 0303 0304 0101 0303 0302 0402 0404 0101 0203 0202 0404 0303 0303 0404 0101 0203 0101 0102 0101 0303 0202 0201 0404 0303 0103 0303 0101 0303 0202 0303 0101 0202 0202 0101 0101 0402 0202 0202 0101 0204 0202 0202 0101 0404 0202 0403 0301 0202 0401 0303 0303 0203 0303 0104 0304 0101 0104 0201 0201 0404 0202 
61 , 0202 0101 0303 0202 0303 0202 0301 0202 0202 0101 0404 0404 0402 0404 0101 0202 0203 0103 0203 0403 0304 0401 0403 0202 0202 0304 0101 0302 0202 0404 0303 0103 0404 0101 0203 0101 0202 0101 0203 0202 0102 0303 0303 0101 0302 0301 0303 0203 0303 0101 0202 0202 0101 0101 0404 0202 0102 0104 0404 0202 0404 0101 0404 0202 0304 0303 0202 0401 0303 0303 0303 0301 0101 0403 0101 0401 0101 0101 0404 0202 
62 , 0202 0103 0301 0202 0303 0202 0103 0202 0302 0104 0404 0204 0204 0404 0101 0202 0302 0303 0203 0303 0403 0101 0303 0202 0404 0404 0101 0302 0102 0404 0303 0303 0404 0101 0202 0104 0102 0301 0203 0202 0202 0303 0303 0101 0302 0103 0303 0202 0303 0101 0202 0201 0101 0201 0404 0202 0101 0101 0404 0402 0204 0103 0404 0202 0404 0103 0402 0401 0103 0302 0303 0303 0404 0304 0201 0401 0101 0101 0402 0404 
63 , 0202 0101 0103 0202 0303 0202 0103 0201 0302 0401 0403 0404 0404 0404 0101 0202 0202 0103 0303 0303 0403 0101 0303 0302 0204 0304 0101 0302 0202 0404 0303 0303 0404 0101 0203 0401 0202 0101 0203 0202 0202 0304 0404 0101 0303 0103 0303 0202 0302 0101 0202 0202 0101 0101 0402 0202 0201 0101 0404 0202 0404 0101 0404 0202 0404 0303 0202 0101 0301 0203 0303 0301 0104 0304 0101 0101 0201 0101 0404 0202 
64 , 0202 0301 0103 0202 0303 0204 0303 0202 0202 0101 0404 0404 0404 0404 0103 0202 0202 0303 0203 0303 0404 0101 0303 0202 0402 0304 0101 0302 0202 0404 0303 0303 0404 0101 0302 0404 0202 0101 0302 0202 0101 0403 0404 0101 0302 0301 0302 0202 0303 0101 0202 0202 0101 0101 0404 0204 0202 0101 0404 0202 0204 0103 0404 0202 0304 0303 0402 0101 0303 0203 0303 0303 0401 0403 0101 0101 0101 0102 0404 0204 
65 , 0202 0103 0103 0202 0303 0204 0303 0202 0202 0101 0404 0404 0202 0104 0101 0202 0302 0103 0303 0303 0304 0101 0303 0202 0404 0404 0101 0303 0202 0403 0303 0303 0104 0103 0202 0101 0202 0101 0203 0202 0102 0303 0403 0101 0303 0101 0303 0202 0303 0102 0202 0202 0103 0101 0404 0202 0202 0101 0402 0202 0202 0103 0404 0404 0404 0103 0204 0104 0301 0302 0303 0103 0401 0403 0101 0401 0102 0101 0404 0202 
66 , 0302 0103 0301 0202 0303 0202 0303 0202 0202 0104 0403 0402 0202 0404 0101 0202 0302 0303 0303 0303 0403 0101 0303 0202 0404 0404 0101 0303 0202 0404 0303 0101 0404 0101 0302 0401 0202 0101 0303 0202 0201 0404 0403 0101 0203 0101 0302 0202 0303 0201 0402 0101 0301 0102 0404 0202 0201 0101 0404 0202 0404 0101 0404 0202 0303 0103 0204 0104 0303 0303 0302 0303 0104 0403 0101 0101 0201 0101 0404 0204 
67 , 0202 0301 0303 0202 0303 0202 0303 0202 0203 0101 0404 0402 0204 0404 0101 0202 0202 0303 0303 0303 0404 0101 0303 0202 0402 0404 0101 0303 0202 0403 0302 0303 0404 0101 0303 0404 0202 0101 0302 0203 0102 0404 0303 0101 0302 0301 0303 0202 0303 0202 0402 0202 0101 0101 0402 0202 0202 0101 0404 0202 0204 0101 0404 0204 0303 0303 0202 0401 0301 0203 0303 0303 0404 0403 0101 0104 0102 0101 0404 0204 
68 , 0202 0101 0303 0202 0303 0202 0303 0202 0202 0101 0403 0402 0204 0404 0101 0402 0202 0303 0203 0303 0303 0101 0303 0203 0202 0404 0104 0303 0202 0303 0303 0101 0404 0101 0203 0404 0202 0103 0302 0202 0202 0304 0304 0101 0303 0101 0303 0202 0303 0102 0202 0202 0103 0101 0404 0202 0102 0101 0404 0204 0404 0101 0404 0202 0404 0303 0402 0101 0303 0303 0302 0301 0404 0303 0102 0101 0201 0101 0202 0204 
69 , 0202 0101 0303 0202 0203 0202 0303 0202 0203 0401 0404 0402 0402 0404 0101 0202 0203 0103 0203 0303 0303 0101 0303 0202 0404 0404 0101 0303 0102 0404 0303 0303 0404 0101 0202 0101 0102 0101 0202 0302 0101 0403 0303 0301 0303 0101 0303 0202 0203 0102 0204 0202 0101 0101 0204 0202 0102 0101 0404 0202 0402 0301 0404 0202 0403 0103 0204 0104 0303 0303 0303 0103 0404 0403 0101 0101 0101 0102 0404 0402 
70 , 0202 0101 0303 0202 0303 0204 0303 0102 0302 0101 0404 0402 0402 0404 0101 0202 0202 0303 0203 0303 0404 0401 0303 0202 0204 0403 0101 0303 0102 0403 0303 0303 0104 0101 0302 0104 0102 0101 0203 0202 0201 0304 0303 0301 0303 0101 0303 0202 0303 0202 0202 0102 0101 0101 0404 0202 0101 0101 0404 0204 0402 0301 0404 0204 0404 0103 0202 0401 0303 0303 0303 0303 0404 0303 0102 0101 0101 0101 0404 0404 
71 , 0202 0103 0303 0202 0303 0202 0303 0102 0202 0101 0404 0404 0204 0404 0103 0202 0302 0303 0303 0404 0303 0101 0303 0203 0204 0404 0101 0302 0201 0403 0203 0301 0404 0101 0302 0401 0202 0101 0202 0202 0201 0403 0404 0101 0303 0303 0303 0202 0303 0102 0204 0202 0101 0101 0404 0402 0101 0101 0402 0202 0404 0103 0402 0402 0304 0303 0402 0401 0303 0303 0303 0303 0101 0303 0101 0401 0102 0101 0404 0202 
72 , 0202 0301 0303 0201 0303 0202 0303 0202 0302 0401 0403 0402 0202 0404 0101 0204 0202 0303 0203 0303 0403 0101 0303 0202 0402 0404 0101 0202 0202 0403 0203 0303 0404 0103 0202 0104 0201 0101 0203 0202 0202 0404 0303 0101 0303 0101 0303 0202 0303 0101 0202 0202 0301 0101 0404 0202 0101 0101 0404 0202 0204 0103 0404 0202 0403 0303 0402 0101 0303 0303 0303 0303 0104 0404 0101 0101 0102 0101 0404 0402 
73 , 0202 0103 0301 0202 0203 0202 0303 0202 0203 0104 0404 0204 0202 0404 0101 0202 0302 0303 0302 0303 0404 0101 0303 0202 0204 0304 0101 0303 0101 0403 0303 0303 0404 0101 0303 0401 0102 0101 0203 0202 0202 0404 0303 0101 0203 0303 0303 0202 0303 0102 0202 0202 0303 0101 0402 0202 0102 0101 0404 0202 0404 0301 0404 0202 0304 0303 0402 0101 0303 0303 0302 0101 0104 0403 0101 0101 0101 0101 0204 0404 
74 , 0202 0101 0303 0202 0303 0204 0103 0202 0202 0101 0404 0202 0202 0404 0101 0202 0302 0303 0203 0303 0303 0101 0303 0202 0202 0304 0101 0203 0202 0404 0303 0303 0404 0101 0202 0401 0101 0101 0302 0202 0101 0304 0303 0101 0303 0301 0302 0202 0303 0101 0202 0202 0101 0101 0404 0202 0101 0101 0404 0402 0404 0103 0404 0202 0403 0103 0404 0101 0303 0203 0303 0301 0404 0403 0201 0401 0101 0101 0404 0402 
75 , 0202 0303 0303 0202 0303 0202 0303 0102 0202 0104 0304 0202 0404 0404 0101 0202 0202 0301 0203 0303 0403 0101 0303 0202 0404 0404 0101 0302 0202 0404 0303 0303 0404 0101 0303 0101 0202 0101 0302 0202 0201 0403 0303 0101 0303 0101 0302 0302 0303 0202 0202 0202 0301 0101 0202 0202 0202 0401 0204 0402 0404 0103 0404 0202 0404 0303 0404 0101 0303 0203 0303 0301 0104 0403 0101 0101 0101 0101 0404 0402 
76 , 0202 0101 0303 0202 0303 0202 0303 0202 0202 0101 0404 0404 0402 0404 0101 0204 0302 0301 0302 0304 0303 0101 0303 0202 0402 0404 0101 0303 0202 0404 0303 0303 0404 0101 0202 0401 0202 0101 0303 0202 0102 0303 0303 0101 0303 0101 0203 0202 0303 0202 0204 0102 0101 0201 0404 0202 0202 0101 0404 0402 0404 0103 0404 0202 0404 0303 0202 0101 0303 0303 0303 0303 0104 0303 0101 0401 0101 0101 0404 0402 
77 , 0202 0101 0301 0102 0302 0202 0301 0202 0202 0104 0404 0204 0404 0404 0101 0202 0202 0303 0203 0303 0303 0101 0303 0202 0404 0404 0101 0302 0202 0404 0303 0103 0404 0301 0302 0404 0202 0301 0203 0202 0202 0403 0303 0103 0302 0101 0303 0202 0303 0201 0402 0201 0301 0101 0404 0202 0101 0101 0404 0202 0404 0303 0404 0202 0304 0103 0202 0101 0303 0302 0303 0301 0404 0403 0101 0101 0101 0101 0402 0202 
78 , 0202 0103 0103 0202 0303 0202 0303 0202 0302 0101 0404 0402 0204 0404 0101 0202 0202 0303 0203 0303 0304 0101 0303 0202 0404 0403 0101 0302 0202 0404 0303 0303 0404 0101 0202 0404 0102 0101 0302 0202 0202 0404 0303 0101 0303 0101 0303 0202 0303 0101 0402 0202 0301 0101 0404 0202 0202 0101 0402 0202 0402 0301 0202 0202 0403 0303 0202 0101 0303 0302 0303 0303 0404 0403 0201 0101 0101 0101 0204 0204 
79 , 0202 0101 0303 0201 0303 0202 0301 0202 0202 0401 0404 0404 0202 0404 0103 0204 0202 0103 0303 0303 0303 0101 0303 0202 0404 0404 0101 0303 0202 0403 0303 0303 0404 0101 0203 0104 0202 0101 0203 0202 0101 0403 0303 0101 0302 0301 0303 0202 0303 0201 0402 0202 0301 0201 0404 0202 0101 0101 0404 0202 0404 0101 0404 0202 0404 0301 0404 0101 0303 0303 0303 0303 0401 0304 0101 0101 0101 0101 0204 0402 
80 , 0202 0301 0303 0202 0303 0204 0303 0202 0202 0101 0404 0402 0204 0404 0101 0202 0203 0303 0303 0303 0404 0404 0303 0202 0404 0404 0101 0303 0202 0404 0303 0303 0104 0101 0303 0401 0202 0101 0203 0202 0201 0404 0303 0101 0303 0101 0303 0202 0303 0102 0202 0202 0101 0201 0404 0202 0102 0101 0404 0202 0202 0101 0402 0204 0303 0303 0202 0101 0301 0302 0303 0301 0401 0304 0101 0101 0102 0101 0204 0404 
81 , 0202 0103 0303 0202 0303 0202 0303 0202 0202 0104 0404 0202 0402 0404 0101 0202 0203 0303 0202 0304 0303 0101 0303 0203 0402 0404 0101 0303 0202 0304 0303 0301 0404 0103 0203 0101 0202 0101 0303 0203 0202 0304 0303 0101 0303 0303 0203 0203 0303 0101 0204 0202 0103 0101 0404 0202 0202 0101 0404 0202 0204 0101 0404 0202 0403 0303 0202 0101 0303 0303 0303 0303 0104 0403 0101 0104 0101 0101 0404 0402 
82 , 0203 0103 0303 0202 0303 0202 0303 0102 0202 0401 0404 0204 0202 0404 0101 0202 0202 0303 0303 0303 0403 0101 0303 0202 0202 0404 0101 0303 0202 0403 0203 0301 0404 0103 0303 0101 0101 0101 0202 0203 0202 0404 0303 0101 0303 0101 0303 0202 0303 0202 0204 0202 0101 0101 0402 0204 0202 0101 0404 0202 0402 0301 0402 0402 0303 0303 0402 0104 0103 0303 0303 0303 0404 0303 0101 0101 0101 0101 0404 0202 
83 , 0202 0103 0303 0202 0303 0404 0103 0202 0202 0101 0404 0204 0404 0404 0301 0202 0302 0303 0302 0303 0403 0401 0303 0202 0204 0404 0101 0203 0202 0303 0302 0103 0404 0103 0203 0404 0202 0301 0303 0302 0201 0303 0404 0101 0303 0101 0303 0202 0303 0101 0202 0202 0101 0101 0404 0202 0201 0101 0404 0204 0202 0101 0202 0402 0404 0303 0404 0101 0303 0303 0303 0303 0401 0403 0101 0104 0101 0101 0404 0202 
84 , 0202 0101 0303 0202 0303 0202 0303 0202 0202 0404 0304 0202 0404 0404 0101 0202 0202 0103 0303 0303 0403 0101 0303 0202 0402 0403 0104 0303 0201 0304 0303 0301 0404 0101 0203 0401 0202 0101 0203 0202 0202 0403 0304 0101 0302 0301 0303 0202 0302 0101 0202 0102 0101 0101 0404 0202 0102 0101 0404 0202 0204 0301 0204 0402 0404 0103 0204 0101 0301 0203 0303 0101 0104 0303 0101 0404 0101 0201 0404 0402 
85 , 0203 0301 0303 0202 0303 0202 0103 0202 0202 0404 0404 0204 0204 0404 0103 0202 0302 0303 0303 0403 0304 0104 0304 0202 0404 0304 0101 0303 0202 0404 0303 0303 0104 0101 0203 0101 0202 0101 0303 0202 0202 0303 0303 0101 0303 0301 0303 0202 0303 0101 0402 0202 0301 0101 0404 0202 0202 0101 0404 0202 0404 0101 0404 0202 0404 0103 0202 0101 0303 0303 0303 0303 0401 0304 0102 0104 0101 0102 0404 0402 
86 , 0202 0301 0303 0201 0303 0202 0301 0202 0202 0101 0404 0204 0202 0404 0101 0204 0302 0303 0303 0303 0303 0101 0303 0203 0204 0403 0101 0203 0202 0303 0303 0303 0401 0101 0203 0104 0202 0101 0203 0202 0101 0404 0303 0101 0303 0101 0303 0202 0303 0101 0202 0202 0101 0201 0404 0202 0101 0101 0404 0202 0404 0101 0404 0202 0304 0301 0204 0401 0303 0303 0303 0303 0101 0403 0101 0401 0101 0101 0404 0402 
87 , 0202 0303 0301 0202 0303 0204 0303 0102 0202 0101 0403 0204 0402 0404 0101 0202 0202 0303 0303 0303 0304 0101 0303 0302 0404 0404 0101 0303 0202 0403 0303 0301 0404 0103 0303 0101 0202 0101 0303 0202 0202 0404 0303 0101 0203 0101 0203 0202 0303 0201 0402 0102 0303 0101 0204 0202 0102 0101 0202 0402 0204 0103 0402 0204 0404 0303 0204 0104 0303 0202 0303 0303 0104 0403 0101 0101 0102 0101 0404 0202 
88 , 0302 0101 0103 0202 0303 0202 0303 0201 0303 0404 0404 0204 0204 0404 0101 0202 0202 0301 0303 0303 0303 0101 0304 0202 0404 0304 0101 0303 0202 0304 0303 0303 0404 0101 0303 0101 0102 0101 0202 0302 0201 0303 0304 0101 0303 0101 0303 0202 0303 0201 0202 0201 0103 0101 0402 0202 0101 0101 0402 0202 0204 0101 0404 0202 0403 0303 0404 0101 0301 0303 0303 0303 0401 0303 0101 0101 0102 0101 0204 0202 
89 , 0202 0101 0303 0102 0203 0202 0303 0202 0202 0104 0404 0202 0202 0404 0101 0204 0202 0303 0203 0303 0304 0101 0303 0202 0402 0404 0104 0302 0202 0404 0302 0301 0404 0101 0203 0401 0101 0101 0303 0202 0102 0403 0303 0101 0303 0101 0303 0202 0203 0101 0202 0102 0101 0101 0404 0202 0202 0101 0404 0202 0404 0301 0402 0202 0304 0303 0402 0101 0303 0303 0303 0303 0104 0303 0101 0404 0101 0101 0404 0202 
90 , 0202 0301 0303 0102 0303 0202 0303 0202 0202 0401 0404 0202 0204 0404 0101 0204 0203 0303 0303 0303 0303 0104 0303 0202 0202 0404 0101 0303 0201 0404 0303 0303 0404 0101 0302 0404 0202 0101 0202 0303 0202 0404 0303 0101 0203 0101 0303 0202 0303 0101 0202 0102 0101 0101 0404 0202 0201 0101 0404 0404 0204 0303 0404 0402 0303 0303 0404 0101 0303 0303 0303 0301 0104 0404 0101 0101 0101 0102 0402 0404 
91 , 0202 0301 0303 0201 0303 0202 0303 0202 0202 0101 0404 0404 0402 0404 0101 0204 0202 0303 0303 0303 0303 0101 0303 0302 0404 0403 0401 0303 0202 0304 0303 0101 0404 0101 0203 0101 0202 0101 0203 0202 0102 0403 0403 0101 0303 0101 0303 0202 0303 0102 0402 0202 0303 0101 0404 0202 0202 0101 0404 0202 0404 0301 0404 0202 0404 0103 0202 0401 0303 0303 0303 0303 0104 0303 0101 0104 0101 0101 0402 0404 
92 , 0202 0301 0303 0202 0303 0204 0303 0102 0303 0404 0404 0202 0202 0404 0101 0202 0302 0303 0303 0403 0303 0101 0303 0202 0402 0404 0101 0302 0202 0404 0302 0303 0401 0101 0203 0101 0202 0101 0302 0202 0102 0304 0303 0101 0303 0101 0303 0202 0303 0202 0402 0202 0101 0101 0404 0202 0102 0101 0402 0202 0402 0103 0404 0202 0404 0103 0204 0101 0303 0303 0303 0301 0104 0303 0101 0101 0101 0102 0404 0402 
93 , 0202 0303 0303 0202 0303 0202 0303 0201 0202 0101 0404 0202 0202 0404 0101 0202 0202 0301 0302 0303 0404 0101 0303 0202 0204 0303 0101 0303 0202 0404 0303 0301 0404 0101 0202 0104 0202 0101 0302 0202 0202 0404 0403 0101 0303 0301 0303 0202 0303 0202 0402 0202 0103 0101 0404 0202 0102 0101 0404 0202 0202 0101 0404 0202 0403 0303 0404 0101 0103 0202 0303 0303 0404 0403 0101 0401 0101 0102 0404 0204 
94 , 0202 0101 0303 0102 0303 0402 0303 0202 0203 0104 0304 0402 0202 0404 0101 0202 0303 0303 0302 0303 0403 0101 0303 0202 0404 0403 0101 0303 0202 0304 0303 0303 0404 0101 0303 0401 0201 0101 0203 0202 0201 0303 0303 0101 0303 0101 0303 0202 0303 0101 0202 0202 0101 0201 0404 0202 0202 0101 0404 0202 0404 0103 0404 0402 0404 0103 0204 0104 0303 0303 0303 0303 0401 0304 0102 0104 0101 0101 0404 0202 
95 , 0202 0301 0303 0102 0303 0202 0303 0202 0202 0104 0404 0202 0202 0404 0101 0202 0203 0303 0202 0303 0404 0101 0303 0203 0402 0404 0101 0303 0202 0404 0303 0303 0404 0103 0303 0104 0202 0101 0203 0202 0202 0404 0303 0101 0303 0103 0303 0203 0303 0101 0204 0202 0101 0101 0404 0202 0101 0101 0404 0202 0204 0103 0404 0402 0303 0303 0202 0101 0303 0303 0303 0303 0101 0303 0101 0101 0101 0101 0204 0202 
96 , 0202 0101 0303 0202 0303 0202 0103 0202 0203 0101 0404 0202 0402 0404 0101 0202 0203 0301 0202 0303 0303 0101 0303 0202 0204 0403 0101 0303 0102 0304 0303 0303 0401 0101 0202 0101 0102 0301 0303 0202 0201 0303 0303 0101 0203 0101 0303 0202 0303 0101 0202 0202 0101 0201 0404 0202 0102 0101 0404 0402 0202 0103 0404 0202 0403 0103 0404 0104 0303 0303 0303 0303 0401 0304 0102 0404 0101 0102 0404 0402 
97 , 0302 0101 0301 0202 0303 0402 0303 0202 0302 0101 0404 0202 0202 0404 0101 0202 0202 0303 0303 0303 0303 0101 0303 0203 0402 0404 0104 0303 0202 0404 0303 0303 0404 0101 0303 0104 0202 0101 0202 0202 0101 0404 0304 0101 0203 0301 0303 0202 0303 0202 0402 0202 0303 0101 0404 0202 0202 0101 0404 0202 0204 0101 0404 0402 0304 0103 0202 0101 0101 0203 0203 0303 0104 0403 0101 0101 0102 0101 0402 0404 
98 , 0202 0103 0301 0202 0303 0402 0103 0202 0202 0101 0404 0404 0402 0404 0101 0402 0202 0303 0202 0303 0304 0101 0303 0202 0404 0403 0101 0303 0202 0403 0303 0103 0404 0101 0203 0401 0202 0101 0302 0202 0202 0304 0303 0101 0302 0101 0303 0202 0303 0102 0202 0201 0101 0201 0404 0202 0102 0101 0404 0204 0202 0103 0402 0202 0304 0303 0404 0101 0303 0303 0303 0101 0401 0403 0101 0101 0101 0101 0202 0402 
99 , 0202 0303 0303 0202 0303 0202 0303 0201 0202 0101 0403 0202 0202 0404 0101 0202 0202 0303 0302 0303 0404 0101 0303 0202 0204 0404 0101 0303 0202 0404 0303 0103 0404 0101 0203 0401 0202 0101 0303 0202 0202 0404 0403 0101 0302 0101 0303 0202 0303 0102 0404 0202 0101 0101 0204 0202 0101 0101 0404 0202 0202 0103 0404 0402 0403 0303 0404 0101 0303 0303 0303 0303 0404 0404 0101 0401 0102 0101 0404 0202 
100 , 0202 0101 0303 0102 0303 0204 0303 0202 0202 0101 0304 0402 0202 0404 0301 0202 0202 0303 0303 0303 0404 0401 0303 0202 0404 0403 0101 0303 0202 0404 0303 0103 0404 0101 0303 0404 0202 0101 0203 0202 0101 0303 0304 0101 0303 0103 0303 0202 0303 0201 0202 0202 0101 0201 0404 0202 0201 0101 0404 0202 0402 0101 0404 0402 0304 0303 0202 0101 0303 0203 0303 0303 0104 0303 0102 0101 0201 0201 0404 0404 
101 , 0202 0103 0303 0202 0303 0202 0303 0202 0302 0401 0404 0404 0204 0404 0103 0202 0202 0103 0303 0303 0303 0101 0303 0203 0404 0404 0101 0302 0201 0404 0303 0301 0104 0101 0202 0101 0202 0101 0202 0302 0102 0303 0303 0101 0303 0301 0303 0202 0303 0202 0202 0202 0301 0101 0404 0202 0102 0101 0202 0204 0404 0103 0404 0202 0304 0303 0202 0101 0303 0302 0303 0303 0101 0303 0101 0104 0101 0101 0204 0202 
102 , 0202 0301 0103 0202 0303 0202 0303 0202 0202 0101 0404 0202 0404 0404 0101 0202 0202 0303 0303 0303 0403 0401 0303 0202 0404 0404 0101 0303 0202 0304 0303 0301 0404 0101 0303 0104 0202 0101 0303 0202 0102 0404 0303 0101 0302 0101 0303 0202 0303 0102 0202 0202 0301 0101 0204 0202 0202 0101 0404 0204 0204 0101 0404 0402 0304 0303 0204 0101 0303 0203 0303 0303 0404 0403 0102 0401 0102 0101 0402 0404 
103 , 0202 0103 0103 0202 0203 0202 0303 0202 0302 0401 0404 0402 0404 0404 0103 0202 0203 0303 0203 0403 0303 0101 0303 0202 0404 0403 0101 0303 0202 0403 0303 0303 0404 0101 0203 0101 0102 0103 0202 0202 0101 0304 0303 0101 0303 0103 0303 0202 0303 0102 0202 0202 0101 0101 0204 0202 0102 0104 0404 0202 0402 0303 0404 0202 0403 0103 0204 0101 0303 0303 0303 0103 0401 0403 0101 0104 0101 0101 0404 0404 
104 , 0203 0101 0303 0201 0303 0202 0303 0202 0202 0101 0404 0202 0404 0404 0101 0202 0202 0101 0303 0303 0304 0104 0403 0202 0204 0303 0101 0303 0202 0404 0303 0103 0404 0101 0202 0104 0201 0101 0203 0202 0202 0304 0303 0101 0303 0101 0303 0202 0303 0102 0204 0202 0101 0101 0404 0202 0102 0101 0402 0202 0402 0101 0404 0202 0304 0103 0202 0101 0101 0302 0303 0303 0104 0303 0101 0404 0102 0101 0402 0204 
105 , 0203 0103 0101 0202 0303 0404 0303 0202 0202 0101 0404 0404 0404 0404 0101 0202 0203 0303 0302 0303 0403 0101 0303 0202 0402 0404 0101 0303 0202 0303 0303 0303 0404 0101 0302 0104 0102 0101 0202 0302 0202 0303 0303 0101 0302 0103 0303 0202 0303 0202 0202 0201 0101 0202 0404 0204 0202 0101 0404 0202 0404 0101 0404 0402 0403 0303 0202 0101 0303 0303 0303 0303 0401 0304 0101 0101 0201 0101 0404 0402 
106 , 0202 0103 0301 0201 0303 0202 0303 0202 0302 0401 0304 0202 0202 0404 0101 0202 0303 0303 0303 0303 0303 0101 0303 0202 0402 0404 0101 0303 0202 0304 0303 0303 0404 0101 0303 0101 0202 0101 0302 0302 0202 0403 0303 0101 0302 0101 0203 0202 0303 0102 0202 0202 0101 0101 0404 0202 0202 0101 0404 0202 0202 0301 0402 0202 0304 0103 0202 0101 0301 0303 0303 0303 0104 0404 0101 0101 0101 0101 0404 0404 
107 , 0202 0303 0303 0202 0303 0202 0301 0202 0202 0101 0404 0204 0204 0404 0101 0202 0302 0303 0303 0303 0304 0101 0303 0202 0202 0404 0101 0202 0202 0303 0303 0303 0404 0101 0303 0404 0202 0101 0203 0202 0202 0403 0303 0101 0303 0101 0303 0203 0303 0102 0204 0202 0101 0101 0404 0202 0202 0104 0404 0202 0404 0101 0404 0202 0304 0303 0202 0401 0303 0303 0303 0301 0101 0303 0101 0401 0101 0101 0404 0402 
108 , 0202 0101 0301 0201 0303 0202 0303 0201 0202 0104 0304 0204 0402 0404 0101 0402 0203 0303 0303 0303 0404 0101 0303 0202 0204 0404 0101 0203 0202 0404 0303 0303 0404 0301 0303 0101 0201 0101 0202 0202 0202 0403 0303 0103 0303 0303 0303 0202 0303 0101 0202 0202 0101 0101 0404 0202 0101 0101 0402 0202 0402 0301 0404 0202 0404 0301 0202 0401 0303 0303 0303 0103 0404 0304 0101 0101 0101 0101 0404 0402 
109 , 0202 0103 0303 0202 0303 0204 0303 0202 0202 0104 0404 0202 0202 0404 0101 0202 0202 0303 0203 0303 0303 0101 0303 0202 0402 0404 0101 0302 0202 0404 0302 0303 0404 0101 0202 0404 0202 0101 0302 0202 0102 0404 0303 0101 0303 0101 0203 0202 0303 0202 0202 0102 0101 0201 0404 0202 0202 0104 0404 0202 0204 0303 0404 0202 0404 0303 0204 0101 0303 0203 0303 0301 0401 0303 0101 0101 0101 0102 0404 0402 
110 , 0202 0101 0103 0202 0302 0202 0303 0202 0203 0101 0404 0204 0404 0404 0101 0202 0203 0303 0303 0303 0304 0104 0303 0203 0202 0403 0101 0303 0202 0404 0303 0303 0404 0101 0202 0104 0102 0101 0302 0202 0202 0303 0303 0101 0302 0101 0202 0202 0303 0201 0402 0102 0301 0101 0404 0202 0102 0101 0404 0202 0204 0101 0404 0202 0403 0303 0404 0101 0303 0203 0303 0303 0401 0303 0101 0404 0101 0101 0402 0202 
111 , 0202 0101 0301 0202 0303 0202 0303 0201 0202 0104 0404 0404 0202 0404 0101 0204 0202 0303 0302 0304 0303 0101 0303 0202 0404 0404 0401 0303 0202 0404 0303 0303 0404 0101 0302 0101 0102 0101 0303 0202 0202 0304 0303 0101 0303 0101 0302 0202 0303 0201 0402 0202 0101 0101 0404 0202 0201 0101 0204 0402 0404 0303 0404 0402 0304 0303 0402 0104 0303 0303 0303 0303 0401 0303 0101 0104 0201 0101 0404 0402 
112 , 0202 0301 0303 0101 0302 0204 0303 0202 0302 0104 0404 0204 0402 0404 0101 0204 0303 0303 0303 0303 0404 0101 0303 0202 0204 0404 0101 0303 0102 0304 0302 0303 0401 0101 0303 0104 0102 0101 0203 0202 0202 0303 0303 0101 0303 0101 0303 0202 0303 0202 0202 0202 0101 0201 0404 0202 0101 0101 0404 0202 0402 0301 0402 0202 0304 0103 0202 0401 0303 0303 0303 0303 0404 0303 0101 0101 0201 0101 0204 0204 
113 , 0202 0101 0103 0202 0303 0202 0303 0202 0202 0101 0304 0402 0402 0404 0101 0202 0203 0303 0302 0303 0303 0101 0303 0202 0402 0404 0101 0302 0202 0404 0303 0103 0401 0101 0302 0404 0202 0101 0303 0202 0201 0403 0303 0101 0203 0101 0303 0202 0303 0102 0202 0202 0101 0101 0404 0202 0201 0101 0404 0202 0204 0301 0404 0402 0303 0303 0202 0104 0303 0203 0302 0301 0104 0304 0101 0101 0202 0101 0404 0402 
114 , 0202 0101 0303 0102 0303 0402 0303 0202 0202 0101 0304 0204 0404 0404 0101 0202 0202 0303 0202 0304 0303 0101 0303 0202 0204 0304 0101 0303 0202 0403 0303 0101 0401 0101 0302 0401 0202 0103 0302 0202 0202 0304 0403 0101 0303 0301 0303 0202 0303 0201 0202 0202 0101 0102 0402 0202 0202 0101 0404 0202 0404 0101 0404 0202 0304 0303 0402 0101 0301 0303 0303 0301 0104 0404 0101 0401 0101 0101 0402 0204 
115 , 0203 0301 0303 0202 0303 0202 0303 0202 0303 0101 0403 0202 0402 0404 0101 0202 0202 0303 0303 0304 0404 0101 0303 0202 0204 0304 0101 0303 0202 0403 0303 0301 0404 0101 0202 0104 0202 0101 0203 0202 0202 0404 0304 0101 0303 0101 0303 0202 0303 0102 0204 0202 0103 0201 0404 0202 0101 0101 0404 0204 0404 0101 0404 0202 0304 0303 0402 0101 0103 0303 0303 0303 0104 0303 0101 0401 0201 0202 0404 0204 
116 , 0202 0303 0301 0201 0303 0202 0301 0102 0202 0101 0403 0204 0402 0404 0101 0202 0202 0303 0203 0303 0304 0101 0303 0302 0402 0404 0101 0303 0202 0404 0303 0303 0404 0101 0302 0101 0102 0101 0203 0202 0202 0304 0303 0101 0303 0101 0303 0202 0303 0101 0402 0202 0101 0102 0402 0202 0102 0101 0404 0202 0204 0101 0404 0204 0304 0303 0204 0101 0303 0203 0303 0303 0404 0403 0101 0404 0101 0101 0404 0404 
117 , 0202 0101 0303 0202 0303 0202 0303 0102 0202 0104 0404 0402 0402 0404 0101 0202 0202 0303 0203 0304 0404 0101 0303 0202 0204 0404 0101 0303 0202 0404 0303 0301 0404 0101 0202 0104 0202 0103 0302 0202 0201 0304 0304 0101 0302 0101 0303 0202 0303 0102 0204 0202 0101 0201 0404 0202 0201 0101 0404 0202 0404 0101 0204 0202 0403 0103 0202 0101 0301 0303 0203 0103 0101 0403 0101 0101 0101 0201 0202 0404 
118 , 0202 0101 0303 0102 0303 0202 0303 0201 0203 0404 0403 0404 0404 0404 0101 0202 0202 0301 0303 0303 0303 0101 0304 0202 0402 0404 0101 0303 0202 0404 0303 0103 0101 0101 0202 0101 0202 0101 0203 0302 0101 0303 0304 0101 0303 0301 0303 0202 0303 0101 0202 0201 0303 0201 0202 0202 0201 0101 0202 0202 0404 0101 0404 0202 0403 0303 0404 0101 0303 0203 0303 0303 0401 0303 0101 0101 0102 0101 0202 0204 
119 , 0202 0301 0303 0201 0203 0202 0301 0202 0202 0101 0404 0204 0202 0404 0103 0204 0202 0303 0203 0303 0403 0401 0303 0202 0204 0304 0101 0203 0202 0404 0303 0303 0401 0101 0203 0104 0202 0101 0203 0202 0202 0304 0303 0101 0302 0103 0303 0202 0203 0201 0202 0102 0101 0202 0404 0202 0102 0101 0204 0202 0404 0101 0404 0202 0304 0301 0204 0101 0303 0303 0303 0303 0401 0304 0101 0101 0101 0101 0404 0402 
120 , 0202 0301 0303 0202 0303 0204 0303 0102 0202 0401 0404 0202 0202 0404 0101 0202 0202 0303 0303 0403 0403 0104 0303 0202 0404 0304 0101 0303 0202 0304 0303 0303 0404 0301 0302 0401 0202 0101 0202 0202 0202 0403 0303 0101 0303 0101 0303 0202 0303 0202 0202 0102 0101 0101 0404 0202 0202 0101 0404 0402 0202 0301 0202 0204 0403 0303 0402 0101 0301 0303 0303 0303 0401 0303 0101 0401 0102 0101 0402 0204 
121 , 0202 0101 0301 0202 0303 0202 0303 0201 0202 0104 0404 0204 0402 0404 0101 0202 0203 0303 0203 0303 0403 0101 0303 0202 0404 0304 0101 0303 0202 0404 0303 0303 0404 0101 0203 0101 0101 0101 0202 0202 0202 0304 0303 0101 0303 0101 0303 0202 0303 0101 0404 0202 0101 0102 0404 0202 0202 0101 0404 0402 0404 0303 0404 0202 0304 0303 0402 0101 0303 0303 0303 0303 0404 0303 0101 0404 0101 0101 0404 0202 
122 , 0203 0103 0303 0202 0303 0202 0303 0202 0202 0104 0404 0402 0402 0404 0103 0402 0203 0303 0302 0303 0403 0101 0303 0202 0402 0404 0101 0303 0202 0404 0303 0103 0104 0103 0302 0404 0102 0301 0302 0202 0102 0304 0303 0103 0303 0101 0303 0202 0303 0102 0402 0202 0301 0201 0402 0202 0202 0401 0404 0202 0204 0101 0402 0202 0403 0303 0202 0104 0303 0302 0303 0303 0404 0303 0101 0101 0101 0101 0204 0402 
123 , 0202 0301 0301 0202 0303 0202 0103 0202 0302 0101 0404 0202 0404 0404 0101 0402 0302 0303 0203 0303 0404 0104 0303 0202 0404 0304 0101 0303 0102 0404 0303 0303 0404 0101 0203 0401 0201 0101 0202 0203 0202 0303 0303 0101 0203 0101 0303 0203 0303 0102 0202 0202 0101 0201 0404 0202 0102 0101 0402 0402 0204 0103 0402 0202 0404 0103 0404 0401 0103 0303 0303 0303 0404 0304 0201 0401 0101 0101 0404 0404 
124 , 0302 0101 0301 0202 0302 0202 0303 0202 0202 0401 0404 0202 0202 0404 0101 0202 0202 0303 0302 0303 0404 0401 0303 0202 0402 0404 0101 0303 0202 0404 0303 0303 0404 0101 0302 0404 0202 0101 0203 0302 0202 0404 0304 0101 0303 0103 0303 0202 0203 0101 0202 0202 0101 0101 0404 0202 0201 0101 0204 0202 0202 0301 0404 0204 0404 0303 0402 0101 0303 0303 0303 0303 0104 0303 0102 0401 0201 0101 0204 0202 
125 , 0202 0101 0303 0202 0303 0202 0303 0202 0203 0104 0404 0402 0404 0404 0101 0202 0203 0301 0303 0303 0303 0104 0303 0202 0402 0404 0101 0302 0201 0404 0303 0303 0401 0101 0303 0401 0202 0101 0303 0202 0202 0303 0403 0301 0303 0103 0303 0202 0303 0101 0202 0201 0101 0101 0204 0202 0201 0101 0404 0202 0404 0101 0402 0202 0303 0303 0402 0101 0303 0303 0303 0303 0404 0303 0101 0101 0102 0102 0404 0402 
126 , 0202 0303 0303 0201 0303 0202 0303 0202 0203 0101 0404 0402 0202 0404 0101 0204 0302 0303 0303 0303 0303 0101 0303 0202 0204 0404 0101 0203 0201 0404 0303 0301 0404 0101 0203 0401 0202 0101 0202 0202 0202 0403 0303 0101 0302 0101 0303 0202 0303 0102 0202 0202 0303 0101 0404 0202 0102 0101 0404 0202 0404 0101 0404 0202 0304 0303 0202 0101 0303 0303 0203 0303 0101 0303 0101 0404 0202 0101 0402 0202 
127 , 0202 0103 0303 0202 0303 0202 0103 0102 0302 0101 0404 0202 0402 0401 0101 0202 0302 0303 0303 0403 0303 0101 0303 0202 0404 0404 0101 0303 0202 0404 0303 0303 0404 0101 0203 0101 0202 0101 0302 0203 0202 0304 0303 0101 0303 0101 0303 0202 0303 0101 0402 0202 0101 0101 0404 0202 0202 0101 0402 0204 0404 0303 0404 0202 0403 0303 0204 0101 0303 0302 0303 0303 0404 0303 0101 0104 0101 0101 0404 0402 
128 , 0202 0103 0303 0201 0303 0402 0303 0201 0302 0101 0404 0204 0202 0404 0101 0204 0202 0303 0303 0303 0304 0101 0303 0202 0402 0404 0101 0303 0202 0404 0203 0303 0104 0101 0202 0404 0201 0101 0203 0202 0201 0303 0304 0101 0303 0101 0302 0202 0303 0201 0202 0201 0101 0101 0404 0202 0102 0101 0404 0204 0404 0103 0402 0202 0404 0303 0202 0101 0303 0303 0303 0103 0401 0403 0101 0104 0101 0101 0404 0202 
129 , 0202 0303 0101 0101 0302 0202 0301 0202 0203 0104 0403 0404 0402 0404 0101 0202 0202 0303 0203 0303 0304 0101 0303 0202 0402 0404 0101 0303 0202 0404 0303 0103 0401 0101 0303 0101 0202 0101 0303 0202 0202 0303 0303 0301 0303 0101 0303 0302 0303 0101 0202 0202 0101 0101 0404 0202 0202 0101 0204 0202 0204 0301 0404 0404 0404 0103 0204 0101 0303 0203 0303 0303 0104 0303 0101 0104 0102 0101 0402 0202 
130 , 0202 0101 0303 0202 0303 0202 0303 0202 0202 0401 0404 0402 0404 0404 0101 0402 0302 0303 0303 0303 0304 0104 0303 0202 0402 0303 0101 0203 0202 0404 0303 0303 0104 0101 0202 0104 0202 0101 0202 0202 0202 0303 0303 0101 0302 0303 0302 0202 0303 0202 0402 0202 0101 0101 0404 0402 0101 0401 0404 0202 0402 0101 0404 0402 0403 0303 0202 0101 0303 0303 0303 0303 0404 0303 0101 0104 0102 0101 0404 0402 
131 , 0202 0101 0303 0202 0303 0202 0303 0102 0202 0101 0404 0404 0402 0404 0101 0202 0302 0303 0302 0403 0303 0104 0303 0202 0404 0303 0101 0302 0202 0404 0303 0303 0104 0101 0202 0101 0202 0101 0302 0202 0102 0304 0304 0101 0303 0101 0303 0202 0303 0101 0402 0201 0301 0101 0404 0202 0201 0401 0404 0202 0404 0101 0404 0202 0403 0303 0202 0101 0303 0302 0303 0301 0404 0303 0101 0101 0101 0101 0404 0404 
132 , 0202 0303 0101 0102 0303 0202 0303 0202 0202 0401 0304 0404 0402 0404 0101 0202 0202 0301 0203 0303 0303 0401 0303 0203 0404 0404 0101 0303 0202 0404 0303 0303 0404 0101 0302 0104 0202 0101 0302 0202 0202 0404 0303 0301 0303 0103 0302 0202 0303 0101 0204 0202 0303 0101 0404 0202 0202 0101 0202 0204 0204 0101 0404 0402 0304 0303 0202 0101 0303 0203 0203 0303 0104 0404 0101 0101 0101 0101 0404 0204 
133 , 0202 0101 0303 0202 0303 0202 0303 0202 0202 0401 0304 0404 0202 0104 0101 0202 0303 0303 0303 0303 0304 0101 0303 0202 0404 0404 0101 0302 0202 0404 0303 0301 0404 0101 0203 0104 0202 0101 0203 0202 0102 0403 0403 0101 0303 0103 0303 0202 0303 0101 0202 0202 0301 0101 0404 0202 0202 0101 0404 0202 0404 0101 0404 0202 0303 0303 0204 0101 0303 0303 0303 0303 0401 0304 0101 0401 0101 0101 0404 0202 
134 , 0202 0101 0303 0201 0302 0202 0303 0202 0202 0401 0304 0204 0404 0404 0101 0202 0202 0303 0303 0303 0303 0101 0303 0202 0404 0404 0101 0302 0202 0404 0303 0303 0404 0101 0202 0104 0201 0101 0202 0202 0102 0403 0303 0103 0302 0303 0303 0202 0303 0102 0202 0102 0101 0101 0404 0202 0201 0101 0404 0202 0404 0103 0204 0202 0304 0103 0202 0101 0303 0303 0203 0303 0404 0404 0101 0101 0101 0201 0202 0402 
135 , 0202 0103 0303 0202 0202 0202 0303 0201 0203 0101 0304 0204 0202 0404 0101 0202 0202 0301 0203 0303 0403 0401 0303 0202 0404 0404 0401 0303 0202 0404 0303 0303 0404 0101 0203 0101 0202 0301 0202 0202 0202 0303 0404 0301 0303 0101 0302 0202 0303 0101 0202 0202 0301 0201 0404 0202 0201 0101 0404 0202 0402 0103 0404 0202 0404 0303 0202 0101 0303 0303 0303 0301 0404 0303 0101 0101 0201 0101 0402 0402 
136 , 0202 0101 0303 0202 0203 0202 0103 0202 0203 0401 0404 0202 0404 0401 0101 0202 0202 0303 0302 0303 0303 0101 0403 0202 0404 0304 0101 0303 0102 0304 0303 0303 0404 0101 0202 0104 0202 0101 0203 0202 0102 0303 0303 0101 0203 0101 0303 0202 0303 0102 0402 0202 0301 0201 0404 0202 0102 0101 0404 0204 0204 0301 0404 0202 0403 0303 0402 0101 0303 0303 0303 0303 0401 0303 0101 0101 0101 0101 0404 0402 
137 , 0203 0301 0303 0202 0303 0202 0303 0102 0202 0401 0404 0402 0404 0404 0101 0202 0302 0303 0303 0404 0303 0101 0303 0202 0404 0304 0101 0303 0202 0404 0302 0303 0104 0101 0202 0104 0201 0101 0203 0202 0202 0303 0303 0101 0303 0301 0303 0202 0303 0202 0402 0202 0303 0101 0404 0202 0202 0401 0404 0202 0402 0101 0402 0402 0404 0303 0202 0101 0303 0303 0303 0303 0104 0304 0101 0101 0101 0101 0404 0404 
138 , 0202 0303 0301 0202 0303 0202 0303 0202 0202 0101 0404 0204 0202 0404 0101 0202 0202 0303 0203 0303 0403 0101 0303 0202 0402 0404 0101 0303 0202 0404 0303 0303 0404 0101 0202 0401 0202 0101 0203 0202 0102 0303 0404 0101 0303 0101 0203 0202 0303 0201 0202 0102 0103 0202 0404 0202 0201 0101 0404 0204 0404 0103 0404 0202 0403 0303 0204 0101 0301 0303 0303 0303 0101 0303 0101 0104 0101 0101 0402 0402 
139 , 0202 0103 0303 0202 0303 0202 0303 0202 0302 0104 0304 0202 0204 0404 0101 0202 0302 0301 0302 0303 0303 0101 0303 0202 0404 0404 0101 0303 0201 0303 0303 0303 0404 0101 0303 0401 0202 0101 0303 0302 0201 0403 0303 0101 0303 0101 0303 0202 0303 0102 0202 0202 0101 0201 0404 0204 0202 0101 0404 0204 0204 0301 0404 0202 0304 0303 0202 0101 0303 0303 0303 0303 0401 0403 0101 0101 0101 0102 0404 0402 
140 , 0202 0101 0301 0202 0303 0202 0303 0202 0202 0101 0304 0204 0402 0404 0101 0402 0303 0303 0202 0303 0304 0101 0303 0202 0404 0404 0101 0303 0102 0403 0303 0301 0404 0101 0203 0401 0202 0101 0303 0202 0202 0404 0303 0101 0303 0303 0303 0202 0303 0202 0202 0201 0301 0101 0404 0202 0202 0101 0404 0204 0402 0303 0204 0202 0304 0303 0204 0101 0303 0303 0303 0301 0404 0303 0101 0101 0101 0101 0402 0402 
141 , 0202 0101 0303 0202 0303 0202 0303 0202 0202 0104 0404 0402 0204 0404 0101 0202 0203 0303 0302 0303 0403 0101 0303 0202 0402 0404 0101 0303 0202 0404 0303 0101 0404 0101 0303 0401 0202 0101 0303 0202 0202 0403 0304 0103 0303 0101 0303 0202 0302 0201 0202 0102 0301 0101 0404 0202 0202 0101 0404 0202 0404 0101 0404 0202 0304 0103 0204 0101 0303 0302 0303 0301 0404 0403 0101 0104 0101 0102 0404 0204 
142 , 0202 0301 0103 0102 0303 0204 0303 0202 0202 0101 0404 0404 0202 0404 0101 0402 0202 0303 0202 0303 0303 0101 0303 0202 0204 0404 0101 0303 0202 0404 0203 0303 0404 0101 0302 0401 0202 0101 0302 0203 0202 0404 0403 0101 0303 0101 0303 0202 0303 0201 0204 0201 0101 0101 0404 0204 0202 0101 0404 0202 0404 0301 0404 0402 0404 0303 0202 0101 0301 0302 0303 0103 0404 0303 0101 0101 0101 0101 0204 0404 
143 , 0202 0301 0301 0102 0303 0202 0303 0202 0202 0401 0303 0202 0402 0404 0103 0204 0203 0303 0303 0303 0303 0101 0303 0202 0202 0404 0104 0302 0202 0403 0303 0303 0404 0101 0303 0401 0202 0101 0303 0202 0202 0303 0303 0101 0303 0103 0303 0202 0303 0101 0202 0102 0101 0101 0404 0202 0202 0101 0404 0202 0204 0301 0404 0404 0404 0303 0402 0101 0303 0303 0203 0303 0104 0303 0101 0401 0101 0101 0404 0204 
144 , 0202 0301 0303 0201 0303 0202 0303 0102 0202 0101 0404 0202 0202 0404 0101 0202 0203 0303 0303 0303 0403 0101 0303 0202 0402 0403 0101 0303 0201 0403 0303 0303 0404 0101 0202 0101 0202 0101 0202 0202 0202 0404 0303 0101 0303 0103 0303 0302 0303 0201 0202 0202 0101 0101 0404 0202 0201 0104 0404 0202 0402 0301 0404 0202 0403 0303 0402 0104 0103 0303 0303 0301 0401 0303 0101 0104 0101 0101 0404 0204 
145 , 0202 0101 0303 0202 0303 0202 0303 0202 0202 0101 0404 0202 0202 0404 0101 0202 0202 0301 0302 0303 0403 0401 0303 0202 0404 0404 0101 0303 0202 0404 0303 0303 0404 0101 0203 0101 0202 0101 0203 0202 0202 0403 0303 0101 0303 0103 0303 0202 0203 0102 0202 0202 0101 0101 0404 0202 0202 0101 0204 0402 0204 0103 0402 0202 0404 0303 0202 0101 0301 0303 0303 0303 0404 0304 0102 0404 0201 0101 0404 0202 
146 , 0202 0301 0303 0202 0303 0202 0303 0202 0203 0101 0404 0402 0404 0404 0101 0202 0302 0303 0302 0303 0304 0101 0303 0202 0202 0404 0101 0303 0202 0303 0302 0303 0404 0101 0202 0404 0201 0101 0203 0202 0102 0403 0303 0101 0303 0101 0303 0202 0303 0102 0202 0201 0301 0101 0404 0202 0101 0101 0404 0202 0404 0101 0404 0202 0304 0303 0202 0401 0303 0303 0203 0301 0104 0404 0101 0101 0101 0101 0404 0204 
147 , 0202 0101 0103 0202 0203 0202 0303 0202 0302 0401 0404 0404 0202 0404 0101 0204 0202 0303 0202 0404 0403 0101 0303 0202 0404 0404 0101 0203 0202 0404 0303 0303 0404 0301 0303 0101 0102 0101 0303 0203 0102 0303 0303 0301 0303 0101 0303 0202 0303 0102 0204 0202 0101 0101 0204 0202 0102 0101 0404 0202 0204 0103 0402 0202 0304 0103 0202 0101 0303 0303 0303 0103 0404 0403 0101 0101 0101 0101 0404 0402 
148 , 0202 0303 0303 0201 0303 0402 0303 0202 0302 0101 0404 0202 0402 0404 0101 0204 0203 0303 0303 0303 0403 0101 0303 0202 0204 0403 0101 0303 0202 0404 0303 0301 0401 0101 0303 0401 0102 0101 0202 0202 0202 0403 0303 0101 0302 0101 0303 0202 0303 0102 0202 0202 0301 0101 0404 0202 0202 0101 0404 0202 0204 0303 0404 0402 0303 0303 0202 0101 0303 0303 0203 0303 0404 0303 0101 0401 0102 0101 0402 0404 
149 , 0202 0303 0301 0202 0303 0402 0303 0202 0203 0101 0404 0404 0404 0401 0101 0204 0203 0303 0303 0303 0303 0101 0303 0202 0404 0404 0101 0303 0202 0404 0303 0301 0404 0101 0302 0101 0202 0103 0303 0202 0102 0303 0304 0101 0303 0101 0203 0202 0303 0202 0402 0201 0101 0201 0204 0202 0202 0101 0202 0202 0402 0303 0404 0202 0303 0303 0402 0101 0303 0203 0303 0301 0401 0303 0101 0404 0201 0101 0404 0404 
150 , 0302 0103 0101 0202 0303 0202 0303 0202 0203 0104 0404 0204 0402 0404 0101 0202 0303 0303 0303 0303 0403 0401 0303 0202 0204 0404 0101 0303 0202 0303 0303 0303 0404 0101 0302 0101 0202 0101 0303 0302 0202 0304 0303 0101 0303 0101 0302 0202 0303 0101 0204 0202 0103 0101 0404 0202 0102 0101 0202 0204 0404 0101 0404 0202 0404 0303 0402 0101 0303 0303 0303 0303 0104 0304 0101 0101 0201 0101 0404 0402 
151 , 0202 0301 0303 0202 0303 0202 0301 0202 0203 0104 0403 0402 0402 0404 0101 0202 0202 0303 0303 0303 0403 0101 0303 0202 0402 0403 0104 0303 0202 0404 0303 0303 0404 0101 0302 0404 0202 0301 0303 0202 0102 0304 0303 0101 0302 0101 0303 0202 0303 0201 0402 0202 0101 0201 0402 0202 0201 0101 0202 0202 0404 0103 0404 0202 0304 0303 0202 0101 0303 0202 0303 0303 0404 0403 0101 0404 0102 0102 0404 0404 
152 , 0203 0301 0301 0202 0303 0202 0303 0202 0302 0101 0404 0204 0202 0404 0101 0202 0202 0303 0203 0303 0303 0101 0303 0202 0404 0304 0101 0302 0202 0304 0303 0303 0104 0101 0302 0104 0101 0101 0203 0202 0202 0303 0303 0103 0303 0101 0303 0202 0303 0102 0202 0201 0301 0101 0404 0202 0201 0101 0404 0202 0404 0103 0404 0402 0404 0303 0402 0101 0303 0303 0303 0301 0404 0304 0101 0101 0101 0101 0404 0402 
153 , 0202 0301 0301 0202 0303 0402 0303 0202 0303 0101 0403 0402 0404 0404 0101 0204 0202 0303 0302 0303 0403 0104 0303 0202 0404 0404 0101 0303 0202 0404 0303 0303 0404 0101 0303 0401 0101 0101 0302 0202 0201 0404 0303 0101 0303 0101 0303 0203 0303 0102 0402 0201 0103 0101 0404 0202 0201 0101 0404 0202 0204 0103 0404 0202 0304 0303 0204 0104 0303 0303 0303 0103 0401 0304 0101 0404 0101 0101 0404 0204 
154 , 0202 0101 0303 0202 0303 0202 0303 0202 0303 0101 0404 0402 0402 0404 0101 0202 0203 0103 0303 0303 0304 0101 0303 0202 0404 0304 0101 0303 0202 0404 0303 0103 0401 0101 0202 0101 0202 0101 0202 0303 0101 0304 0303 0101 0303 0301 0303 0202 0303 0201 0404 0102 0301 0101 0204 0202 0102 0101 0404 0202 0402 0101 0404 0202 0304 0303 0402 0101 0303 0303 0303 0301 0401 0303 0101 0104 0101 0101 0204 0402 
155 , 0202 0101 0103 0202 0303 0204 0303 0202 0203 0401 0404 0202 0402 0404 0101 0202 0302 0303 0303 0303 0403 0401 0303 0202 0402 0404 0101 0302 0202 0304 0303 0303 0401 0101 0303 0404 0202 0101 0202 0302 0202 0304 0303 0301 0303 0101 0303 0202 0203 0102 0202 0202 0101 0101 0404 0202 0101 0104 0202 0202 0404 0103 0404 0202 0404 0303 0204 0101 0303 0303 0303 0101 0101 0303 0101 0401 0101 0101 0204 0202 
156 , 0203 0101 0303 0101 0302 0202 0303 0202 0303 0101 0403 0202 0402 0404 0101 0202 0202 0303 0202 0304 0403 0101 0303 0202 0404 0304 0101 0303 0202 0404 0303 0301 0404 0101 0202 0104 0202 0103 0303 0202 0202 0403 0303 0101 0303 0101 0303 0202 0303 0102 0204 0202 0103 0201 0404 0202 0101 0101 0204 0204 0404 0101 0404 0202 0304 0303 0404 0101 0303 0303 0303 0303 0104 0303 0102 0401 0201 0201 0204 0404 
157 , 0202 0101 0301 0201 0303 0202 0303 0202 0302 0101 0404 0204 0202 0404 0101 0204 0202 0303 0203 0303 0304 0101 0303 0202 0402 0404 0101 0303 0202 0404 0303 0303 0404 0101 0302 0404 0101 0101 0203 0202 0202 0304 0304 0101 0303 0101 0302 0202 0303 0101 0402 0201 0101 0101 0404 0202 0102 0101 0404 0404 0404 0103 0402 0202 0303 0303 0402 0101 0301 0303 0303 0303 0404 0303 0201 0404 0101 0201 0404 0404 
158 , 0202 0103 0303 0201 0303 0202 0303 0202 0202 0104 0404 0402 0404 0404 0101 0204 0202 0303 0303 0303 0304 0101 0303 0202 0204 0403 0101 0203 0202 0404 0303 0103 0401 0301 0303 0401 0202 0301 0203 0202 0202 0404 0303 0101 0303 0101 0303 0202 0303 0201 0202 0202 0301 0101 0404 0202 0102 0101 0404 0202 0404 0301 0404 0202 0304 0103 0204 0101 0303 0303 0303 0303 0404 0404 0101 0101 0101 0101 0404 0202 
159 , 0202 0301 0101 0202 0303 0202 0303 0201 0202 0104 0404 0402 0202 0404 0101 0204 0202 0303 0203 0304 0303 0101 0303 0202 0404 0404 0101 0303 0202 0404 0303 0303 0404 0101 0203 0101 0202 0101 0303 0202 0202 0303 0303 0101 0303 0101 0303 0202 0303 0101 0202 0202 0101 0101 0404 0202 0201 0101 0404 0202 0204 0103 0204 0402 0303 0303 0204 0104 0303 0303 0303 0303 0401 0403 0101 0104 0101 0101 0404 0204 
160 , 0202 0101 0103 0201 0303 0204 0303 0202 0203 0101 0404 0404 0202 0404 0101 0402 0202 0303 0303 0303 0304 0101 0303 0202 0402 0404 0401 0302 0202 0404 0203 0303 0404 0101 0302 0104 0202 0101 0202 0202 0202 0304 0403 0101 0302 0303 0202 0202 0303 0101 0202 0202 0101 0101 0404 0204 0202 0101 0404 0202 0404 0303 0404 0402 0304 0303 0202 0101 0303 0303 0303 0303 0101 0303 0101 0101 0102 0101 0404 0204 
161 , 0202 0101 0103 0202 0303 0202 0303 0202 0302 0101 0304 0202 0204 0404 0101 0202 0202 0303 0203 0303 0303 0101 0303 0202 0402 0404 0101 0303 0101 0404 0303 0301 0404 0101 0203 0401 0102 0101 0303 0202 0201 0403 0303 0103 0302 0101 0303 0202 0303 0101 0202 0201 0301 0101 0404 0202 0202 0101 0404 0202 0404 0101 0402 0202 0304 0303 0204 0104 0301 0303 0303 0301 0404 0403 0101 0101 0101 0101 0204 0202 
162 , 0202 0103 0303 0202 0303 0202 0103 0201 0202 0104 0404 0404 0204 0404 0101 0202 0202 0303 0203 0303 0404 0101 0303 0202 0404 0404 0101 0303 0202 0404 0303 0301 0104 0101 0202 0401 0202 0101 0303 0202 0201 0304 0303 0103 0303 0103 0302 0202 0203 0101 0202 0201 0101 0202 0404 0202 0202 0401 0404 0202 0404 0101 0404 0202 0304 0303 0404 0101 0303 0303 0202 0303 0404 0303 0101 0101 0101 0201 0404 0404 
163 , 0202 0101 0303 0202 0303 0202 0301 0101 0202 0104 0404 0402 0402 0404 0101 0202 0202 0301 0303 0303 0403 0101 0303 0202 0404 0404 0101 0202 0202 0304 0303 0303 0404 0101 0303 0101 0202 0301 0203 0202 0202 0403 0303 0101 0303 0101 0303 0202 0303 0101 0202 0202 0103 0102 0404 0202 0202 0101 0404 0202 0204 0101 0404 0202 0304 0303 0404 0101 0303 0202 0303 0103 0404 0403 0201 0401 0101 0101 0404 0202 
164 , 0202 0301 0103 0201 0303 0202 0303 0102 0203 0101 0404 0404 0204 0404 0101 0202 0202 0303 0203 0304 0303 0101 0303 0202 0204 0304 0101 0302 0202 0404 0303 0301 0404 0101 0302 0101 0202 0101 0302 0202 0102 0403 0304 0101 0303 0103 0303 0202 0303 0102 0202 0202 0101 0102 0404 0202 0101 0101 0402 0202 0204 0103 0202 0202 0303 0303 0202 0401 0101 0202 0303 0303 0401 0304 0101 0401 0102 0101 0404 0402 
165 , 0202 0101 0303 0202 0303 0202 0303 0202 0302 0404 0404 0402 0202 0104 0301 0202 0303 0303 0303 0303 0303 0101 0403 0202 0202 0404 0104 0303 0201 0304 0303 0301 0404 0101 0203 0101 0202 0101 0303 0202 0201 0303 0304 0103 0303 0101 0303 0202 0303 0101 0202 0202 0101 0102 0404 0202 0202 0101 0404 0202 0204 0101 0202 0202 0304 0303 0204 0104 0303 0302 0303 0301 0404 0403 0101 0404 0101 0201 0204 0402 
166 , 0202 0103 0301 0202 0302 0202 0303 0202 0303 0401 0403 0204 0202 0401 0101 0204 0203 0303 0303 0303 0403 0101 0303 0202 0204 0404 0101 0203 0202 0404 0303 0303 0404 0101 0202 0104 0201 0103 0203 0202 0201 0404 0303 0101 0303 0101 0303 0202 0303 0102 0202 0201 0301 0101 0404 0202 0102 0101 0402 0202 0204 0101 0404 0202 0403 0103 0402 0101 0303 0303 0303 0301 0101 0404 0101 0101 0202 0101 0404 0204 
167 , 0302 0301 0303 0202 0303 0202 0103 0202 0202 0101 0404 0404 0402 0404 0103 0202 0302 0303 0203 0303 0304 0101 0303 0202 0404 0403 0101 0303 0202 0304 0303 0303 0404 0101 0302 0401 0201 0101 0303 0202 0202 0303 0303 0101 0203 0101 0303 0202 0203 0102 0402 0202 0101 0201 0404 0202 0201 0401 0404 0202 0204 0101 0404 0202 0404 0303 0202 0101 0303 0303 0203 0303 0104 0303 0101 0101 0101 0201 0404 0402 
168 , 0302 0301 0301 0201 0303 0202 0303 0202 0202 0101 0404 0402 0204 0404 0101 0202 0303 0303 0303 0303 0404 0101 0303 0202 0404 0403 0101 0303 0202 0404 0303 0103 0404 0103 0302 0401 0202 0101 0302 0202 0201 0403 0403 0101 0203 0101 0303 0202 0303 0202 0404 0101 0303 0101 0404 0202 0201 0101 0404 0402 0404 0101 0404 0402 0304 0103 0402 0101 0303 0303 0303 0301 0404 0303 0101 0104 0201 0101 0404 0202 
169 , 0202 0303 0301 0201 0302 0402 0303 0202 0203 0104 0403 0404 0202 0404 0101 0202 0302 0303 0303 0303 0304 0101 0303 0202 0402 0404 0101 0303 0202 0404 0302 0303 0404 0101 0302 0104 0202 0101 0303 0202 0202 0403 0403 0101 0303 0101 0303 0202 0303 0201 0202 0102 0301 0102 0402 0202 0202 0101 0404 0402 0404 0101 0402 0204 0304 0303 0404 0101 0303 0303 0303 0303 0404 0403 0101 0101 0202 0101 0404 0202 
170 , 0203 0301 0103 0201 0303 0202 0303 0202 0302 0101 0404 0402 0202 0404 0101 0202 0202 0103 0303 0303 0304 0401 0403 0303 0404 0404 0101 0303 0202 0404 0303 0303 0401 0101 0203 0401 0201 0301 0203 0202 0202 0303 0303 0101 0203 0101 0303 0202 0303 0101 0402 0202 0101 0101 0404 0202 0201 0101 0404 0202 0204 0101 0404 0402 0403 0303 0402 0101 0303 0303 0303 0303 0404 0403 0102 0101 0101 0101 0404 0402 
171 , 0202 0303 0301 0202 0303 0202 0103 0202 0202 0101 0304 0404 0202 0404 0301 0202 0203 0303 0303 0303 0303 0101 0303 0202 0404 0404 0401 0303 0202 0304 0303 0303 0404 0101 0202 0101 0102 0101 0203 0203 0202 0404 0303 0101 0302 0101 0302 0202 0303 0101 0404 0202 0101 0101 0404 0202 0202 0101 0402 0202 0402 0301 0404 0204 0403 0103 0202 0401 0303 0303 0303 0103 0104 0304 0101 0101 0101 0101 0404 0402 
172 , 0202 0103 0303 0202 0303 0202 0103 0202 0202 0401 0404 0402 0404 0404 0101 0402 0302 0301 0303 0403 0304 0101 0303 0202 0404 0304 0101 0303 0202 0404 0303 0303 0104 0101 0203 0101 0201 0101 0303 0202 0102 0303 0303 0101 0303 0301 0303 0202 0303 0202 0402 0202 0301 0101 0404 0402 0202 0401 0404 0202 0402 0101 0402 0202 0403 0303 0204 0101 0303 0303 0303 0303 0104 0304 0101 0101 0101 0101 0402 0404 
173 , 0202 0303 0103 0102 0303 0204 0301 0202 0202 0101 0404 0202 0204 0404 0301 0202 0203 0303 0303 0303 0404 0101 0303 0202 0404 0304 0101 0203 0202 0304 0303 0303 0401 0301 0303 0104 0202 0101 0302 0203 0201 0304 0304 0101 0303 0103 0303 0202 0303 0102 0204 0202 0103 0101 0404 0202 0202 0101 0404 0202 0404 0101 0404 0202 0304 0303 0202 0101 0303 0203 0303 0303 0401 0303 0101 0104 0101 0101 0204 0404 
174 , 0202 0301 0301 0201 0303 0204 0303 0202 0302 0101 0304 0204 0402 0104 0101 0202 0302 0303 0303 0303 0303 0104 0303 0202 0404 0404 0101 0203 0202 0404 0303 0303 0404 0103 0202 0104 0201 0101 0302 0202 0202 0304 0303 0101 0203 0101 0303 0202 0303 0201 0202 0102 0103 0101 0204 0202 0102 0101 0402 0202 0404 0303 0404 0202 0404 0103 0404 0101 0301 0302 0303 0303 0401 0404 0101 0101 0202 0101 0404 0202 
175 , 0202 0101 0303 0102 0303 0202 0303 0202 0202 0401 0404 0202 0202 0404 0301 0202 0302 0301 0203 0303 0303 0101 0303 0302 0204 0404 0101 0203 0202 0303 0303 0103 0404 0301 0202 0101 0102 0101 0202 0202 0201 0303 0403 0101 0302 0301 0303 0202 0303 0102 0204 0102 0103 0101 0404 0202 0201 0101 0404 0202 0204 0101 0404 0202 0403 0303 0204 0104 0303 0303 0303 0301 0104 0304 0101 0101 0101 0101 0404 0202 
176 , 0202 0303 0303 0102 0303 0202 0303 0202 0202 0101 0403 0204 0204 0404 0101 0202 0202 0301 0303 0303 0304 0101 0303 0202 0402 0404 0101 0203 0202 0304 0303 0303 0404 0101 0303 0101 0201 0101 0203 0202 0102 0304 0303 0101 0302 0101 0303 0302 0303 0102 0202 0202 0101 0101 0404 0202 0102 0101 0404 0202 0402 0101 0404 0202 0404 0303 0404 0401 0303 0203 0303 0303 0104 0404 0101 0101 0101 0101 0404 0204 
177 , 0302 0101 0303 0202 0303 0402 0303 0201 0203 0104 0403 0402 0204 0104 0101 0202 0202 0301 0303 0303 0403 0101 0304 0202 0404 0404 0101 0202 0202 0404 0303 0303 0104 0101 0303 0101 0202 0101 0202 0202 0101 0403 0303 0101 0303 0301 0303 0202 0303 0202 0202 0101 0301 0101 0402 0202 0201 0104 0404 0202 0402 0101 0404 0402 0304 0103 0202 0101 0101 0303 0203 0103 0101 0403 0101 0101 0101 0101 0404 0404 
178 , 0203 0301 0303 0202 0302 0202 0303 0202 0202 0101 0404 0402 0202 0404 0101 0202 0202 0301 0203 0303 0303 0101 0303 0202 0404 0304 0101 0302 0202 0404 0303 0303 0404 0101 0303 0401 0202 0101 0302 0302 0101 0403 0403 0101 0303 0101 0302 0202 0303 0201 0202 0202 0101 0101 0404 0202 0202 0101 0404 0202 0204 0103 0404 0202 0304 0303 0402 0401 0303 0203 0303 0303 0404 0404 0101 0401 0101 0101 0404 0404 
179 , 0202 0101 0303 0202 0303 0202 0303 0102 0302 0101 0404 0404 0402 0404 0103 0402 0302 0303 0303 0304 0303 0101 0304 0203 0404 0404 0101 0203 0202 0403 0303 0303 0104 0101 0203 0101 0201 0103 0203 0202 0102 0304 0303 0103 0303 0101 0303 0202 0303 0101 0404 0202 0103 0101 0404 0402 0101 0401 0404 0202 0404 0301 0404 0202 0404 0103 0202 0101 0303 0303 0303 0303 0404 0303 0101 0101 0101 0101 0404 0404 
180 , 0202 0101 0101 0202 0303 0202 0103 0202 0202 0401 0403 0202 0402 0404 0101 0202 0303 0303 0303 0303 0404 0101 0303 0202 0402 0404 0101 0303 0102 0304 0303 0303 0401 0101 0203 0104 0202 0101 0202 0202 0202 0303 0303 0101 0202 0101 0303 0202 0303 0101 0202 0202 0301 0201 0404 0202 0102 0101 0404 0202 0202 0301 0402 0204 0403 0303 0402 0101 0301 0303 0303 0303 0104 0303 0101 0101 0101 0101 0402 0404 
181 , 0202 0101 0301 0202 0303 0204 0303 0202 0302 0101 0404 0402 0202 0404 0301 0202 0202 0303 0303 0303 0303 0101 0303 0202 0402 0304 0101 0303 0202 0404 0303 0303 0404 0101 0302 0104 0201 0101 0303 0202 0201 0303 0303 0101 0303 0101 0302 0202 0303 0102 0202 0202 0101 0101 0404 0202 0101 0101 0404 0402 0204 0101 0404 0202 0303 0303 0202 0101 0301 0202 0303 0301 0401 0304 0201 0401 0101 0101 0404 0404 
182 , 0202 0301 0303 0102 0303 0202 0303 0202 0202 0104 0304 0402 0404 0404 0101 0202 0302 0303 0203 0303 0303 0101 0303 0202 0402 0403 0104 0302 0202 0404 0303 0303 0104 0101 0202 0104 0102 0101 0303 0202 0202 0303 0303 0101 0303 0301 0303 0202 0303 0201 0402 0202 0303 0201 0404 0202 0202 0101 0204 0204 0404 0101 0404 0202 0304 0303 0202 0101 0303 0202 0303 0303 0104 0303 0101 0104 0101 0102 0404 0402 
183 , 0202 0101 0301 0102 0303 0202 0303 0202 0202 0101 0404 0202 0204 0104 0301 0202 0202 0301 0302 0303 0403 0101 0303 0202 0404 0304 0101 0303 0202 0303 0303 0303 0404 0101 0303 0101 0201 0101 0202 0202 0202 0304 0303 0101 0303 0101 0303 0202 0303 0102 0202 0202 0103 0101 0404 0202 0201 0101 0404 0202 0204 0303 0402 0202 0404 0301 0202 0401 0103 0303 0303 0301 0401 0304 0101 0104 0101 0101 0404 0404 
184 , 0202 0103 0101 0202 0203 0202 0103 0202 0202 0101 0404 0202 0404 0401 0101 0204 0303 0303 0303 0303 0303 0101 0303 0202 0404 0404 0101 0303 0202 0303 0303 0301 0404 0101 0203 0101 0202 0103 0202 0202 0201 0304 0304 0101 0203 0101 0303 0202 0303 0102 0402 0201 0301 0101 0404 0202 0101 0101 0404 0202 0204 0303 0404 0202 0404 0303 0402 0101 0301 0303 0303 0301 0101 0303 0101 0104 0102 0101 0204 0404 
185 , 0202 0101 0303 0201 0303 0202 0303 0102 0202 0101 0404 0404 0202 0404 0301 0202 0303 0303 0302 0303 0304 0101 0303 0202 0402 0303 0101 0303 0202 0404 0303 0101 0404 0101 0302 0101 0202 0101 0203 0302 0202 0404 0304 0101 0303 0101 0302 0202 0303 0102 0204 0201 0301 0101 0404 0202 0101 0101 0404 0202 0402 0101 0404 0202 0304 0301 0402 0101 0303 0302 0302 0303 0401 0403 0101 0401 0101 0101 0404 0402 
186 , 0202 0103 0303 0102 0303 0202 0303 0202 0302 0101 0304 0404 0202 0404 0101 0402 0202 0303 0203 0303 0403 0101 0303 0302 0402 0304 0101 0302 0202 0404 0303 0101 0401 0101 0203 0104 0102 0101 0302 0202 0202 0304 0303 0101 0303 0301 0303 0202 0303 0101 0202 0202 0301 0101 0404 0202 0201 0101 0204 0202 0204 0101 0404 0402 0403 0303 0404 0101 0303 0303 0203 0303 0404 0303 0101 0101 0101 0101 0402 0404 
187 , 0202 0301 0303 0202 0303 0202 0303 0202 0202 0101 0404 0402 0202 0404 0101 0202 0203 0303 0202 0303 0303 0101 0304 0202 0404 0304 0101 0303 0202 0404 0303 0303 0404 0101 0302 0404 0202 0101 0302 0302 0102 0404 0403 0101 0303 0301 0303 0202 0303 0202 0202 0201 0101 0101 0404 0202 0201 0101 0404 0202 0204 0101 0402 0202 0303 0303 0402 0401 0301 0203 0303 0303 0401 0404 0101 0401 0101 0102 0404 0204 
188 , 0202 0301 0303 0202 0303 0202 0103 0202 0202 0101 0404 0402 0204 0404 0101 0202 0202 0303 0203 0303 0403 0101 0303 0203 0202 0404 0104 0303 0202 0404 0303 0303 0404 0101 0203 0104 0201 0103 0302 0202 0202 0304 0304 0101 0303 0103 0303 0302 0303 0102 0202 0202 0101 0101 0404 0202 0102 0401 0404 0204 0404 0101 0204 0402 0403 0303 0204 0101 0301 0303 0303 0303 0404 0304 0202 0101 0101 0101 0402 0404 
189 , 0202 0101 0103 0102 0303 0202 0303 0202 0202 0101 0304 0402 0402 0404 0301 0202 0203 0303 0303 0303 0404 0101 0303 0202 0404 0403 0101 0303 0202 0403 0303 0303 0104 0101 0302 0404 0202 0101 0302 0202 0202 0304 0303 0101 0302 0103 0303 0202 0303 0201 0202 0202 0103 0201 0404 0202 0202 0101 0404 0202 0204 0301 0404 0404 0303 0301 0202 0101 0303 0203 0303 0303 0104 0304 0101 0104 0202 0101 0202 0402 
190 , 0202 0101 0301 0202 0303 0202 0303 0202 0303 0101 0403 0204 0204 0404 0101 0402 0202 0303 0202 0303 0403 0104 0303 0202 0204 0304 0101 0203 0102 0404 0303 0303 0404 0101 0203 0104 0101 0301 0302 0202 0202 0304 0303 0101 0303 0101 0303 0202 0303 0102 0202 0202 0101 0201 0404 0202 0101 0101 0404 0402 0402 0103 0404 0202 0404 0103 0404 0404 0103 0303 0303 0301 0401 0303 0101 0404 0101 0101 0404 0404 
191 , 0202 0103 0303 0202 0303 0202 0303 0202 0202 0101 0404 0204 0404 0404 0101 0202 0202 0303 0303 0303 0403 0401 0303 0202 0404 0404 0101 0303 0201 0303 0303 0301 0404 0101 0202 0401 0202 0101 0202 0202 0201 0303 0304 0101 0303 0101 0303 0202 0303 0102 0202 0202 0101 0102 0404 0202 0102 0101 0202 0402 0204 0303 0404 0202 0303 0303 0402 0101 0101 0302 0303 0103 0101 0304 0101 0404 0102 0101 0404 0402 
192 , 0203 0301 0103 0101 0303 0202 0303 0202 0302 0101 0404 0202 0402 0401 0101 0202 0302 0303 0303 0303 0304 0104 0303 0202 0404 0404 0101 0303 0102 0404 0302 0303 0404 0101 0203 0104 0202 0101 0203 0202 0202 0403 0304 0101 0303 0103 0303 0202 0303 0201 0202 0202 0101 0101 0404 0202 0201 0101 0404 0202 0404 0101 0402 0202 0303 0303 0202 0101 0303 0303 0303 0303 0101 0303 0102 0101 0201 0101 0404 0204 
193 , 0202 0301 0303 0202 0303 0202 0303 0201 0202 0101 0404 0202 0202 0404 0101 0202 0202 0103 0203 0403 0304 0101 0403 0202 0204 0404 0101 0303 0202 0404 0303 0103 0404 0101 0202 0104 0202 0101 0203 0202 0102 0304 0303 0101 0302 0101 0303 0202 0303 0102 0204 0202 0101 0101 0404 0402 0101 0101 0402 0202 0404 0101 0404 0202 0303 0103 0402 0401 0103 0303 0303 0303 0101 0403 0101 0404 0101 0101 0402 0402 
194 , 0202 0303 0301 0202 0303 0202 0303 0202 0302 0101 0404 0402 0402 0404 0301 0202 0202 0303 0203 0303 0304 0104 0303 0302 0402 0404 0101 0203 0202 0304 0303 0303 0404 0101 0302 0401 0201 0101 0202 0202 0202 0303 0303 0101 0303 0101 0303 0202 0303 0102 0202 0202 0101 0101 0404 0202 0101 0101 0402 0202 0202 0103 0404 0202 0303 0303 0204 0101 0303 0303 0303 0303 0404 0304 0101 0404 0101 0102 0404 0404 
195 , 0202 0101 0303 0202 0303 0402 0103 0202 0202 0101 0404 0204 0204 0401 0301 0202 0203 0303 0202 0303 0304 0401 0303 0202 0402 0304 0101 0203 0202 0404 0303 0103 0404 0101 0203 0404 0202 0101 0303 0202 0202 0403 0403 0101 0303 0103 0303 0202 0303 0102 0202 0102 0103 0101 0404 0202 0202 0101 0404 0204 0204 0101 0202 0402 0304 0303 0402 0101 0303 0303 0303 0303 0401 0403 0101 0101 0101 0101 0404 0202 
196 , 0202 0303 0303 0202 0303 0202 0303 0201 0202 0401 0404 0202 0402 0404 0101 0202 0203 0303 0303 0303 0304 0101 0303 0202 0204 0404 0101 0302 0202 0404 0303 0301 0104 0101 0202 0104 0102 0103 0302 0202 0201 0304 0304 0101 0302 0101 0303 0202 0303 0102 0402 0202 0101 0201 0404 0202 0101 0101 0204 0202 0404 0103 0404 0204 0303 0303 0202 0101 0103 0303 0203 0303 0101 0304 0101 0101 0101 0101 0404 0404 
197 , 0202 0101 0103 0202 0303 0202 0301 0202 0303 0104 0404 0202 0404 0404 0101 0202 0302 0303 0303 0303 0303 0101 0303 0202 0402 0404 0101 0202 0202 0304 0303 0303 0404 0101 0202 0104 0202 0101 0303 0202 0102 0403 0303 0101 0203 0101 0303 0202 0303 0102 0402 0202 0101 0101 0202 0202 0101 0104 0402 0402 0404 0103 0404 0202 0404 0303 0202 0101 0103 0302 0203 0303 0104 0303 0101 0101 0102 0101 0404 0204 
198 , 0202 0101 0101 0102 0303 0204 0303 0102 0303 0101 0404 0404 0404 0404 0101 0402 0202 0103 0202 0303 0304 0101 0303 0202 0402 0404 0401 0302 0202 0404 0303 0103 0404 0103 0303 0404 0102 0101 0302 0202 0102 0403 0304 0101 0203 0103 0303 0202 0303 0201 0202 0201 0103 0101 0202 0402 0102 0101 0404 0202 0402 0303 0404 0202 0304 0303 0202 0101 0303 0203 0302 0301 0104 0404 0101 0101 0202 0101 0404 0402 
199 , 0302 0101 0303 0202 0303 0204 0303 0202 0302 0101 0404 0402 0404 0101 0101 0202 0202 0303 0303 0303 0403 0101 0303 0202 0402 0404 0101 0203 0202 0404 0303 0103 0101 0101 0303 0104 0202 0101 0203 0202 0101 0404 0303 0101 0303 0101 0303 0202 0303 0202 0402 0102 0101 0101 0404 0202 0101 0101 0404 0202 0404 0101 0404 0202 0303 0303 0202 0101 0103 0303 0302 0303 0404 0404 0101 0101 0102 0101 0404 0402 
200 , 0202 0103 0303 0102 0303 0202 0303 0202 0302 0101 0304 0404 0202 0404 0101 0402 0202 0301 0202 0303 0403 0101 0303 0202 0404 0404 0101 0303 0202 0404 0303 0103 0404 0301 0303 0101 0102 0101 0303 0202 0202 0303 0303 0101 0203 0103 0303 0202 0303 0102 0202 0202 0301 0101 0404 0202 0102 0101 0204 0202 0404 0103 0202 0202 0403 0303 0202 0104 0301 0203 0303 0303 0404 0304 0102 0104 0101 0101 0402 0402 
