Auto-generated genotype output.
1
2
3
4
5
6
7
8
9
10
11
12
13
14
15
16
17
18
19
20
21
22
23
24
25
26
27
28
29
30
31
32
33
34
35
36
37
38
39
40
41
42
43
44
45
46
47
48
49
50
51
52
53
54
55
56
57
58
59
60
61
62
63
64
65
66
67
68
69
70
71
72
73
74
75
76
77
78
79
80
81
82
83
84
85
86
87
88
89
90
91
92
93
94
95
96
97
98
99
100
101
102
103
104
105
106
107
108
109
110
111
112
113
114
115
116
117
118
119
120
121
122
123
124
125
126
127
128
129
130
131
132
133
134
135
136
137
138
139
140
141
142
143
144
145
146
147
148
149
150
151
152
153
154
155
156
157
158
159
160
Pop
1 , 0202 0101 0303 0202 0303 0402 0303 0201 0202 0104 0304 0202 0202 0404 0101 0202 0303 0303 0202 0303 0303 0101 0303 0202 0404 0404 0101 0303 0202 0404 0302 0301 0404 0103 0203 0101 0202 0301 0302 0203 0202 0404 0303 0101 0203 0101 0303 0202 0303 0101 0202 0202 0101 0102 0404 0202 0201 0101 0204 0202 0404 0101 0404 0202 0304 0301 0402 0401 0303 0303 0303 0301 0401 0304 0101 0101 0101 0101 0404 0202 0101 0202 0303 0403 0202 0303 0202 0303 0404 0303 0101 0103 0202 0101 0404 0404 0203 0204 0102 0101 0203 0103 0201 0102 0404 0202 0204 0202 0202 0102 0403 0303 0303 0303 0403 0104 0301 0202 0104 0103 0202 0303 0303 0101 0101 0303 0202 0101 0401 0203 0303 0303 0404 0402 0101 0101 0202 0404 0102 0303 0202 0203 0202 0204 0101 0101 0102 0404 0101 0201 0402 0303 0202 0404 0101 0404 0101 0102 0202 0303 
2 , 0202 0101 0303 0202 0303 0202 0303 0202 0203 0101 0404 0204 0402 0404 0101 0202 0202 0303 0303 0303 0303 0104 0303 0302 0202 0404 0101 0303 0202 0404 0303 0303 0401 0101 0303 0401 0102 0101 0203 0202 0201 0304 0303 0101 0203 0101 0303 0202 0303 0201 0402 0202 0101 0101 0402 0202 0102 0101 0204 0204 0404 0301 0204 0204 0304 0301 0404 0101 0103 0303 0303 0303 0401 0403 0101 0401 0101 0101 0404 0402 0401 0204 0301 0403 0202 0303 0202 0103 0404 0304 0101 0101 0202 0404 0404 0202 0202 0204 0202 0101 0302 0303 0101 0101 0404 0202 0402 0202 0202 0202 0303 0403 0303 0303 0304 0104 0301 0204 0404 0303 0402 0303 0303 0401 0404 0303 0202 0101 0104 0302 0303 0303 0404 0402 0101 0401 0204 0404 0101 0303 0202 0303 0202 0202 0102 0303 0202 0404 0101 0101 0202 0304 0203 0404 0103 0404 0101 0101 0201 0303 
3 , 0202 0101 0303 0202 0303 0202 0303 0201 0202 0101 0404 0202 0202 0404 0103 0202 0303 0303 0203 0304 0403 0104 0303 0202 0202 0404 0101 0203 0201 0303 0303 0301 0404 0301 0203 0101 0202 0101 0302 0203 0201 0303 0403 0101 0303 0101 0303 0202 0303 0102 0202 0202 0101 0102 0404 0202 0201 0101 0404 0204 0404 0301 0404 0202 0404 0303 0202 0101 0303 0303 0203 0303 0101 0403 0101 0401 0102 0101 0404 0204 0101 0202 0103 0403 0202 0101 0202 0303 0404 0304 0101 0303 0204 0404 0104 0202 0302 0404 0102 0101 0303 0103 0101 0101 0402 0202 0202 0202 0102 0202 0303 0403 0303 0301 0404 0104 0303 0202 0404 0301 0202 0303 0304 0101 0404 0301 0202 0101 0104 0203 0304 0303 0404 0202 0101 0101 0204 0304 0101 0303 0204 0303 0202 0202 0201 0301 0101 0404 0401 0202 0404 0303 0302 0404 0101 0404 0101 0201 0202 0303 
4 , 0202 0103 0103 0202 0303 0202 0303 0202 0302 0104 0404 0202 0204 0404 0101 0202 0302 0303 0203 0303 0404 0101 0303 0202 0402 0304 0101 0303 0102 0404 0303 0303 0404 0101 0202 0401 0202 0103 0302 0202 0202 0403 0403 0301 0302 0101 0303 0202 0303 0101 0202 0202 0101 0101 0404 0202 0202 0104 0404 0202 0404 0101 0204 0202 0403 0303 0202 0101 0103 0303 0303 0301 0401 0404 0101 0104 0101 0101 0404 0402 0101 0204 0303 0404 0202 0301 0202 0303 0404 0403 0101 0101 0204 0404 0404 0202 0302 0204 0201 0101 0303 0303 0101 0101 0404 0202 0204 0202 0202 0202 0303 0304 0303 0103 0303 0404 0303 0202 0404 0301 0202 0303 0403 0101 0401 0303 0202 0101 0101 0202 0404 0303 0404 0404 0101 0104 0402 0404 0101 0302 0402 0303 0202 0202 0102 0303 0202 0403 0101 0102 0404 0303 0202 0404 0101 0204 0201 0101 0202 0303 
5 , 0302 0301 0303 0202 0303 0202 0303 0202 0302 0104 0404 0204 0204 0404 0101 0202 0303 0303 0302 0303 0304 0101 0303 0202 0402 0404 0101 0303 0202 0404 0303 0103 0404 0101 0303 0104 0102 0301 0203 0202 0102 0403 0303 0101 0303 0101 0303 0202 0303 0101 0202 0202 0301 0201 0404 0202 0101 0401 0404 0202 0204 0101 0404 0402 0404 0303 0402 0101 0303 0303 0303 0303 0104 0304 0101 0101 0102 0101 0404 0202 0101 0202 0301 0404 0102 0103 0202 0303 0404 0303 0101 0103 0402 0404 0404 0202 0202 0202 0201 0101 0303 0303 0101 0101 0404 0202 0202 0202 0102 0101 0303 0303 0303 0303 0404 0401 0301 0202 0401 0303 0202 0302 0403 0104 0401 0303 0202 0101 0404 0302 0303 0303 0404 0204 0101 0101 0204 0304 0101 0203 0202 0303 0202 0202 0102 0301 0202 0404 0401 0101 0402 0304 0203 0404 0301 0402 0201 0202 0101 0303 
6 , 0202 0101 0303 0202 0303 0202 0303 0202 0302 0101 0404 0404 0202 0404 0301 0202 0202 0103 0303 0303 0404 0104 0303 0202 0204 0404 0101 0303 0202 0404 0302 0103 0404 0101 0302 0401 0102 0101 0302 0202 0102 0403 0304 0101 0303 0101 0303 0202 0303 0201 0202 0201 0101 0101 0402 0202 0202 0101 0404 0204 0404 0303 0404 0202 0403 0303 0402 0101 0303 0203 0302 0303 0104 0303 0101 0401 0101 0102 0404 0204 0101 0202 0303 0304 0202 0103 0202 0303 0404 0303 0101 0101 0202 0404 0404 0202 0202 0404 0201 0101 0303 0103 0101 0101 0402 0202 0204 0202 0202 0102 0303 0304 0303 0303 0404 0401 0303 0202 0404 0303 0202 0303 0303 0401 0101 0103 0202 0101 0101 0302 0403 0303 0404 0404 0201 0101 0204 0404 0101 0302 0202 0303 0202 0202 0101 0101 0202 0404 0101 0201 0404 0303 0202 0404 0101 0404 0101 0202 0201 0303 
7 , 0202 0301 0303 0102 0303 0402 0103 0202 0202 0401 0404 0202 0202 0404 0101 0402 0203 0303 0202 0303 0303 0101 0303 0302 0202 0403 0101 0303 0202 0304 0203 0301 0404 0101 0202 0101 0101 0103 0303 0202 0202 0404 0303 0101 0303 0101 0303 0202 0303 0202 0402 0202 0101 0101 0404 0202 0101 0101 0402 0402 0404 0101 0404 0202 0403 0103 0404 0101 0303 0303 0303 0303 0401 0304 0102 0404 0101 0101 0404 0404 0101 0402 0303 0304 0202 0301 0202 0301 0304 0303 0101 0103 0204 0104 0401 0202 0202 0404 0201 0101 0203 0303 0101 0102 0404 0202 0402 0202 0202 0202 0303 0404 0303 0303 0404 0404 0303 0202 0104 0301 0202 0302 0303 0101 0404 0303 0202 0101 0404 0202 0303 0303 0404 0204 0101 0104 0202 0404 0101 0303 0402 0303 0202 0202 0101 0301 0202 0303 0104 0201 0202 0303 0302 0404 0101 0404 0101 0201 0201 0403 
8 , 0202 0303 0101 0102 0303 0204 0303 0202 0202 0101 0404 0204 0202 0404 0101 0202 0202 0301 0302 0303 0403 0101 0303 0203 0404 0404 0101 0303 0202 0404 0303 0303 0404 0101 0302 0401 0202 0101 0302 0202 0202 0404 0303 0101 0303 0101 0303 0202 0303 0202 0202 0202 0101 0101 0404 0202 0201 0101 0404 0202 0202 0101 0404 0202 0303 0303 0402 0101 0301 0303 0303 0103 0401 0404 0101 0104 0101 0101 0204 0404 0101 0204 0303 0304 0202 0101 0202 0303 0404 0303 0101 0303 0202 0101 0404 0202 0202 0404 0102 0301 0303 0303 0101 0102 0404 0202 0402 0202 0102 0202 0403 0404 0302 0303 0404 0404 0301 0202 0404 0303 0202 0303 0303 0104 0101 0303 0202 0101 0101 0202 0303 0303 0404 0402 0101 0101 0404 0404 0101 0303 0202 0303 0202 0202 0201 0303 0202 0304 0101 0101 0404 0303 0202 0404 0101 0404 0201 0202 0202 0303 
9 , 0202 0101 0103 0202 0303 0202 0303 0102 0202 0401 0404 0204 0404 0404 0101 0202 0203 0301 0302 0303 0303 0101 0303 0302 0204 0404 0101 0303 0202 0404 0303 0303 0404 0301 0303 0101 0202 0101 0202 0302 0102 0304 0304 0101 0303 0101 0303 0202 0303 0102 0202 0202 0103 0101 0204 0202 0201 0101 0404 0204 0404 0101 0404 0202 0304 0103 0202 0101 0103 0303 0303 0303 0101 0404 0102 0404 0101 0101 0402 0204 0101 0402 0303 0304 0102 0101 0102 0303 0404 0404 0101 0103 0202 0404 0404 0202 0202 0402 0101 0101 0303 0303 0101 0101 0404 0202 0404 0203 0202 0202 0303 0403 0203 0303 0304 0101 0303 0204 0404 0103 0202 0303 0303 0401 0104 0303 0202 0101 0101 0202 0403 0303 0404 0404 0101 0101 0204 0404 0102 0303 0202 0303 0202 0202 0101 0301 0202 0404 0101 0101 0404 0303 0203 0404 0101 0404 0101 0201 0102 0303 
10 , 0202 0303 0303 0202 0303 0202 0301 0202 0203 0404 0404 0202 0202 0104 0101 0202 0202 0103 0303 0303 0404 0101 0303 0202 0402 0404 0101 0303 0202 0404 0303 0303 0404 0101 0202 0401 0202 0101 0303 0202 0202 0403 0303 0103 0203 0103 0303 0202 0303 0102 0202 0202 0101 0201 0404 0202 0102 0101 0404 0202 0204 0101 0404 0202 0303 0303 0202 0101 0303 0303 0303 0301 0404 0303 0101 0101 0101 0101 0402 0402 0101 0204 0303 0304 0202 0101 0201 0303 0404 0303 0101 0303 0404 0404 0404 0202 0202 0402 0101 0101 0303 0303 0101 0101 0404 0202 0202 0202 0202 0202 0303 0303 0303 0303 0404 0404 0103 0202 0404 0301 0202 0303 0303 0401 0401 0303 0202 0201 0401 0202 0304 0303 0404 0404 0101 0101 0202 0404 0101 0303 0202 0303 0202 0202 0101 0103 0102 0404 0101 0101 0204 0303 0202 0404 0101 0404 0101 0101 0201 0303 
11 , 0202 0103 0301 0202 0303 0202 0303 0202 0202 0101 0404 0404 0402 0404 0101 0202 0302 0303 0302 0303 0404 0104 0303 0202 0204 0304 0101 0303 0202 0404 0303 0303 0404 0101 0203 0101 0202 0101 0203 0202 0101 0404 0303 0101 0303 0101 0203 0202 0303 0102 0402 0201 0101 0101 0202 0202 0202 0401 0404 0204 0204 0103 0402 0202 0303 0303 0404 0101 0303 0203 0303 0303 0404 0403 0101 0401 0101 0102 0404 0404 0101 0202 0303 0304 0102 0101 0202 0303 0404 0303 0101 0301 0402 0404 0404 0202 0202 0404 0201 0301 0303 0303 0101 0101 0402 0202 0404 0202 0202 0202 0303 0403 0303 0303 0404 0401 0303 0202 0404 0303 0202 0303 0303 0401 0104 0103 0202 0101 0101 0302 0303 0303 0404 0404 0101 0101 0204 0304 0101 0303 0202 0303 0202 0202 0101 0301 0202 0404 0101 0101 0404 0303 0202 0404 0101 0404 0101 0202 0101 0303 
12 , 0202 0303 0303 0202 0303 0202 0101 0202 0203 0104 0403 0404 0404 0404 0101 0202 0303 0303 0302 0403 0304 0101 0303 0302 0202 0403 0101 0303 0201 0404 0303 0303 0404 0101 0202 0104 0102 0101 0303 0202 0202 0403 0303 0101 0303 0101 0203 0202 0303 0102 0402 0202 0101 0101 0404 0202 0202 0101 0404 0402 0204 0301 0204 0202 0404 0303 0202 0101 0303 0303 0303 0303 0104 0303 0101 0404 0201 0201 0404 0402 0101 0204 0303 0303 0202 0303 0202 0303 0404 0403 0101 0103 0202 0404 0404 0204 0202 0402 0102 0101 0203 0303 0101 0101 0404 0202 0202 0202 0202 0202 0403 0403 0203 0303 0404 0404 0301 0204 0404 0303 0202 0303 0403 0101 0101 0303 0202 0101 0404 0302 0304 0403 0404 0402 0101 0101 0202 0304 0102 0303 0202 0303 0202 0202 0102 0103 0201 0404 0101 0201 0204 0304 0203 0404 0301 0404 0101 0101 0102 0303 
13 , 0202 0303 0303 0202 0303 0202 0303 0202 0202 0101 0404 0404 0402 0401 0101 0202 0302 0303 0203 0303 0303 0101 0303 0202 0404 0404 0101 0203 0202 0403 0303 0303 0104 0101 0302 0401 0202 0101 0202 0202 0202 0403 0303 0101 0303 0103 0303 0302 0303 0102 0402 0202 0301 0101 0404 0202 0201 0101 0404 0202 0402 0303 0402 0202 0304 0301 0202 0101 0303 0303 0303 0303 0101 0303 0101 0101 0101 0101 0404 0402 0101 0202 0303 0304 0202 0103 0202 0303 0404 0303 0102 0303 0202 0104 0404 0202 0202 0404 0202 0101 0303 0301 0101 0101 0404 0202 0204 0202 0202 0201 0303 0304 0203 0303 0404 0404 0303 0202 0404 0101 0202 0303 0303 0404 0401 0303 0202 0101 0101 0202 0304 0303 0104 0402 0101 0101 0204 0404 0101 0303 0202 0202 0202 0202 0102 0301 0101 0404 0101 0201 0404 0304 0203 0404 0101 0404 0102 0201 0101 0303 
14 , 0202 0101 0303 0102 0303 0202 0301 0202 0202 0404 0404 0402 0202 0404 0101 0202 0203 0303 0303 0303 0303 0101 0303 0202 0404 0404 0104 0303 0202 0304 0303 0301 0404 0101 0303 0101 0202 0101 0302 0202 0102 0403 0303 0101 0302 0103 0303 0202 0303 0101 0204 0202 0101 0102 0404 0202 0102 0101 0404 0202 0404 0101 0404 0202 0403 0303 0402 0101 0303 0302 0302 0301 0101 0403 0101 0101 0101 0101 0404 0402 0101 0202 0303 0303 0202 0101 0202 0303 0404 0303 0101 0101 0402 0401 0404 0402 0203 0204 0202 0101 0303 0303 0101 0101 0404 0202 0204 0202 0202 0202 0303 0403 0303 0303 0403 0404 0301 0402 0404 0303 0202 0303 0303 0101 0101 0303 0202 0201 0101 0202 0404 0303 0404 0402 0101 0101 0402 0404 0101 0302 0202 0303 0202 0204 0101 0303 0202 0304 0101 0101 0202 0303 0202 0404 0101 0404 0101 0102 0202 0303 
15 , 0202 0103 0303 0202 0303 0402 0303 0102 0202 0101 0404 0204 0204 0404 0101 0202 0202 0303 0303 0303 0404 0101 0303 0202 0404 0404 0101 0303 0202 0304 0303 0103 0104 0101 0202 0104 0202 0101 0302 0202 0202 0403 0303 0101 0203 0101 0303 0202 0303 0201 0202 0102 0101 0201 0402 0202 0202 0101 0404 0202 0404 0103 0404 0404 0303 0303 0402 0101 0303 0203 0303 0303 0404 0304 0201 0104 0201 0101 0404 0204 0101 0204 0303 0403 0202 0101 0202 0303 0404 0303 0101 0103 0202 0404 0104 0202 0202 0202 0102 0301 0303 0303 0101 0101 0404 0202 0402 0202 0202 0201 0403 0304 0303 0303 0404 0104 0303 0202 0404 0303 0202 0203 0303 0401 0104 0303 0202 0101 0104 0202 0304 0303 0404 0404 0101 0101 0404 0404 0101 0303 0202 0303 0202 0202 0201 0103 0201 0403 0101 0102 0404 0303 0202 0404 0301 0404 0101 0102 0202 0303 
16 , 0202 0301 0103 0202 0303 0202 0103 0202 0202 0101 0404 0402 0402 0404 0101 0202 0303 0103 0303 0303 0303 0101 0303 0302 0204 0404 0101 0303 0202 0404 0303 0303 0404 0103 0202 0101 0102 0101 0302 0202 0202 0404 0303 0101 0303 0101 0303 0202 0303 0102 0402 0202 0301 0101 0404 0202 0202 0101 0404 0202 0202 0301 0204 0202 0403 0303 0202 0101 0303 0303 0303 0303 0101 0303 0101 0401 0201 0201 0404 0202 0401 0202 0303 0303 0202 0301 0202 0303 0404 0403 0102 0301 0402 0401 0404 0202 0202 0404 0102 0101 0303 0303 0101 0101 0404 0202 0202 0202 0202 0201 0303 0404 0303 0103 0404 0404 0301 0202 0404 0301 0202 0203 0403 0104 0401 0303 0202 0101 0401 0202 0304 0404 0404 0202 0101 0401 0204 0404 0201 0302 0202 0303 0202 0202 0202 0101 0202 0404 0101 0202 0204 0303 0203 0404 0101 0404 0102 0102 0101 0303 
17 , 0202 0101 0101 0202 0303 0202 0303 0202 0202 0101 0404 0402 0202 0404 0301 0202 0303 0303 0202 0303 0303 0101 0303 0202 0402 0303 0101 0303 0202 0304 0303 0301 0401 0301 0303 0101 0202 0103 0203 0202 0202 0403 0303 0101 0303 0101 0303 0202 0303 0102 0202 0202 0101 0201 0404 0202 0201 0101 0402 0204 0404 0301 0404 0202 0403 0303 0202 0101 0303 0303 0303 0303 0404 0404 0102 0404 0101 0101 0404 0404 0101 0402 0303 0304 0202 0101 0202 0301 0404 0303 0101 0103 0204 0404 0401 0202 0202 0404 0201 0101 0303 0303 0101 0102 0404 0202 0202 0203 0202 0202 0304 0304 0203 0103 0404 0401 0303 0202 0404 0303 0202 0202 0303 0101 0104 0303 0201 0101 0404 0202 0403 0303 0404 0404 0101 0104 0402 0404 0101 0303 0404 0303 0202 0202 0102 0301 0202 0404 0104 0101 0402 0303 0302 0404 0301 0404 0101 0102 0201 0303 
18 , 0202 0101 0301 0202 0303 0202 0303 0102 0202 0101 0404 0202 0402 0404 0101 0202 0203 0103 0202 0303 0404 0401 0303 0203 0404 0404 0101 0303 0202 0404 0303 0303 0104 0301 0302 0101 0202 0101 0302 0202 0202 0404 0303 0103 0302 0103 0303 0302 0303 0101 0202 0202 0301 0101 0404 0202 0102 0101 0202 0202 0204 0101 0404 0204 0404 0303 0404 0101 0303 0303 0303 0303 0401 0303 0101 0104 0102 0101 0404 0404 0101 0402 0303 0403 0202 0101 0202 0303 0403 0404 0101 0101 0202 0404 0404 0402 0202 0404 0201 0101 0303 0303 0101 0101 0404 0201 0204 0202 0102 0202 0303 0404 0303 0303 0404 0101 0301 0202 0404 0303 0202 0203 0403 0401 0401 0103 0202 0101 0101 0202 0404 0303 0404 0404 0101 0101 0204 0404 0101 0302 0202 0303 0202 0202 0201 0101 0201 0404 0104 0202 0404 0403 0202 0404 0101 0404 0101 0101 0102 0303 
19 , 0202 0101 0103 0201 0303 0202 0103 0202 0202 0101 0404 0402 0402 0104 0101 0202 0203 0303 0303 0303 0303 0101 0303 0202 0404 0404 0101 0303 0202 0403 0302 0303 0404 0101 0202 0401 0102 0101 0203 0202 0201 0303 0303 0101 0303 0101 0303 0202 0303 0201 0402 0202 0101 0101 0404 0202 0202 0101 0404 0202 0404 0101 0404 0204 0404 0303 0404 0101 0303 0303 0303 0303 0404 0304 0101 0101 0102 0101 0404 0202 0101 0202 0103 0403 0202 0103 0202 0303 0404 0303 0101 0103 0402 0404 0404 0202 0202 0402 0202 0101 0302 0303 0101 0101 0404 0202 0202 0202 0202 0102 0303 0404 0303 0303 0404 0101 0103 0202 0104 0303 0202 0302 0304 0101 0101 0303 0202 0101 0101 0202 0304 0303 0404 0402 0101 0101 0202 0304 0101 0303 0204 0303 0202 0202 0201 0101 0102 0404 0104 0102 0404 0303 0303 0404 0103 0402 0201 0101 0101 0303 
20 , 0202 0101 0303 0202 0303 0204 0101 0202 0202 0401 0403 0402 0402 0404 0301 0202 0302 0303 0303 0303 0403 0101 0303 0202 0202 0403 0401 0302 0202 0404 0303 0303 0404 0101 0202 0101 0202 0101 0203 0203 0202 0303 0303 0101 0303 0101 0302 0202 0303 0101 0202 0201 0101 0101 0404 0202 0201 0101 0404 0202 0404 0103 0404 0202 0403 0303 0204 0101 0103 0302 0303 0303 0404 0404 0101 0101 0201 0101 0404 0402 0401 0202 0301 0403 0202 0301 0202 0303 0404 0304 0101 0301 0202 0404 0401 0204 0302 0402 0102 0101 0303 0303 0101 0101 0404 0202 0204 0203 0202 0202 0303 0303 0303 0303 0404 0404 0303 0202 0404 0103 0202 0303 0303 0101 0404 0303 0102 0101 0401 0202 0304 0303 0404 0204 0101 0101 0202 0404 0201 0303 0402 0303 0202 0202 0201 0301 0202 0404 0401 0101 0402 0304 0202 0404 0101 0404 0202 0101 0202 0303 
21 , 0202 0301 0303 0102 0303 0202 0303 0202 0302 0104 0404 0402 0402 0404 0101 0202 0302 0303 0303 0303 0303 0101 0303 0202 0204 0403 0101 0203 0202 0404 0303 0303 0404 0101 0203 0404 0202 0103 0303 0202 0101 0304 0303 0103 0303 0301 0303 0202 0303 0201 0202 0202 0101 0101 0404 0202 0201 0101 0404 0202 0404 0103 0404 0202 0404 0301 0202 0101 0303 0303 0303 0303 0404 0304 0101 0401 0101 0101 0404 0202 0101 0202 0303 0404 0202 0301 0201 0303 0404 0303 0101 0301 0202 0104 0404 0202 0202 0404 0202 0101 0303 0103 0101 0101 0402 0202 0204 0202 0101 0101 0303 0403 0303 0301 0404 0101 0301 0204 0404 0103 0202 0303 0303 0101 0104 0303 0202 0201 0401 0202 0404 0303 0404 0404 0101 0101 0202 0403 0101 0203 0202 0303 0202 0202 0101 0303 0102 0404 0101 0202 0404 0303 0202 0404 0103 0404 0102 0202 0101 0304 
22 , 0202 0301 0103 0202 0303 0202 0103 0201 0302 0104 0404 0202 0402 0404 0101 0202 0302 0303 0203 0303 0303 0101 0403 0202 0402 0304 0101 0302 0202 0403 0303 0303 0404 0101 0203 0104 0202 0101 0302 0202 0201 0304 0303 0101 0303 0101 0303 0202 0302 0102 0204 0202 0103 0101 0204 0202 0201 0101 0404 0402 0404 0301 0404 0202 0303 0303 0402 0101 0303 0303 0303 0303 0404 0404 0101 0101 0201 0101 0404 0202 0401 0202 0301 0403 0202 0101 0202 0303 0404 0403 0101 0103 0202 0404 0401 0202 0202 0202 0202 0101 0303 0103 0102 0101 0404 0202 0202 0202 0202 0202 0303 0303 0203 0301 0404 0401 0103 0202 0104 0303 0202 0303 0303 0404 0101 0303 0202 0101 0401 0202 0403 0304 0404 0404 0101 0101 0404 0303 0201 0303 0204 0303 0202 0202 0202 0103 0201 0403 0104 0202 0404 0303 0203 0404 0303 0404 0102 0202 0201 0304 
23 , 0202 0103 0303 0201 0303 0402 0303 0101 0202 0101 0404 0404 0202 0104 0101 0202 0302 0303 0203 0303 0303 0101 0303 0202 0402 0404 0104 0303 0202 0303 0303 0103 0404 0101 0203 0104 0202 0101 0302 0202 0202 0403 0303 0103 0203 0101 0303 0202 0303 0201 0202 0102 0301 0201 0404 0202 0202 0101 0404 0402 0404 0101 0404 0202 0404 0103 0402 0101 0303 0203 0303 0103 0104 0304 0101 0104 0201 0101 0404 0402 0101 0202 0303 0404 0202 0103 0202 0303 0404 0303 0101 0103 0402 0404 0401 0202 0202 0204 0102 0301 0303 0303 0101 0201 0402 0202 0202 0202 0202 0201 0403 0403 0303 0303 0404 0404 0301 0202 0404 0303 0202 0303 0303 0404 0401 0301 0202 0101 0101 0202 0304 0303 0404 0202 0201 0101 0202 0404 0202 0303 0202 0303 0202 0202 0201 0103 0202 0404 0101 0101 0404 0304 0202 0404 0303 0404 0101 0101 0101 0303 
24 , 0302 0301 0301 0202 0303 0202 0303 0202 0202 0401 0304 0402 0402 0401 0301 0202 0203 0303 0303 0303 0304 0104 0303 0202 0402 0403 0401 0303 0202 0404 0203 0103 0404 0301 0203 0101 0202 0101 0303 0202 0202 0304 0403 0101 0303 0101 0303 0202 0303 0101 0402 0202 0301 0101 0204 0202 0201 0101 0402 0202 0204 0103 0404 0202 0303 0303 0204 0104 0303 0203 0303 0303 0104 0303 0101 0101 0101 0101 0404 0202 0401 0202 0303 0404 0202 0101 0202 0303 0404 0303 0101 0103 0202 0104 0104 0202 0302 0202 0102 0101 0302 0303 0101 0201 0404 0202 0202 0202 0202 0202 0304 0404 0302 0303 0304 0101 0301 0204 0404 0301 0202 0303 0403 0101 0104 0301 0201 0101 0404 0202 0403 0403 0401 0404 0101 0104 0202 0403 0102 0303 0204 0303 0202 0402 0101 0101 0202 0404 0101 0201 0202 0303 0202 0404 0101 0402 0202 0201 0201 0303 
25 , 0202 0303 0103 0102 0303 0202 0301 0202 0202 0101 0403 0402 0202 0404 0101 0202 0202 0303 0302 0303 0303 0101 0303 0202 0404 0403 0101 0202 0202 0404 0303 0303 0404 0101 0203 0101 0202 0101 0302 0203 0202 0303 0303 0101 0302 0101 0303 0202 0303 0101 0202 0201 0301 0102 0404 0202 0201 0101 0404 0202 0404 0101 0404 0202 0403 0103 0204 0101 0303 0202 0303 0303 0401 0304 0101 0101 0101 0101 0404 0402 0101 0202 0101 0303 0202 0101 0202 0303 0404 0403 0101 0301 0202 0404 0101 0202 0202 0202 0202 0101 0303 0303 0101 0101 0404 0202 0204 0202 0202 0202 0303 0303 0303 0303 0404 0404 0103 0202 0404 0101 0202 0303 0303 0104 0104 0303 0102 0101 0101 0202 0404 0303 0104 0404 0102 0101 0202 0304 0101 0303 0202 0302 0202 0204 0101 0103 0101 0404 0101 0201 0204 0304 0202 0404 0301 0404 0101 0101 0101 0303 
26 , 0202 0301 0103 0202 0303 0202 0303 0202 0302 0101 0404 0202 0204 0404 0101 0402 0202 0303 0203 0303 0303 0101 0304 0302 0402 0403 0101 0303 0202 0304 0303 0303 0404 0101 0203 0101 0102 0101 0303 0202 0202 0404 0304 0103 0303 0101 0303 0202 0203 0101 0402 0202 0301 0101 0404 0202 0201 0101 0404 0202 0404 0101 0404 0202 0404 0303 0202 0101 0303 0303 0303 0303 0104 0403 0101 0104 0101 0101 0404 0402 0101 0202 0303 0404 0202 0101 0201 0303 0404 0303 0101 0101 0404 0404 0101 0202 0202 0404 0202 0101 0303 0103 0101 0101 0402 0202 0204 0202 0202 0202 0303 0403 0303 0103 0404 0404 0303 0202 0404 0303 0202 0203 0303 0101 0101 0303 0202 0201 0101 0202 0304 0304 0101 0404 0101 0101 0202 0403 0101 0303 0202 0302 0202 0202 0101 0103 0202 0404 0101 0101 0204 0403 0202 0404 0303 0404 0101 0202 0201 0304 
27 , 0202 0103 0303 0201 0302 0202 0303 0202 0302 0101 0304 0402 0202 0404 0101 0202 0302 0303 0303 0403 0303 0101 0303 0202 0402 0404 0101 0303 0202 0404 0303 0303 0404 0101 0202 0101 0202 0101 0303 0202 0101 0403 0303 0101 0303 0301 0303 0203 0303 0201 0202 0202 0101 0101 0404 0202 0202 0101 0404 0202 0204 0303 0402 0202 0303 0303 0202 0104 0303 0303 0303 0303 0101 0404 0101 0101 0102 0101 0404 0202 0101 0202 0303 0303 0202 0103 0202 0303 0404 0304 0101 0303 0202 0101 0404 0402 0202 0202 0201 0101 0302 0303 0101 0101 0404 0202 0202 0202 0202 0202 0303 0304 0202 0303 0404 0401 0101 0202 0404 0303 0202 0303 0303 0401 0101 0303 0202 0101 0101 0202 0404 0303 0404 0204 0101 0101 0202 0404 0101 0202 0202 0303 0202 0202 0101 0103 0202 0404 0101 0102 0404 0303 0202 0404 0103 0404 0101 0201 0202 0303 
28 , 0202 0301 0103 0202 0303 0202 0103 0202 0203 0101 0404 0404 0402 0404 0101 0402 0202 0303 0202 0303 0404 0101 0403 0202 0202 0404 0104 0203 0202 0404 0303 0303 0101 0101 0302 0101 0101 0101 0302 0202 0102 0404 0303 0101 0303 0101 0303 0203 0303 0201 0202 0202 0303 0201 0404 0202 0202 0401 0404 0202 0202 0101 0404 0202 0404 0303 0404 0401 0303 0303 0303 0303 0104 0304 0101 0104 0101 0101 0204 0202 0101 0204 0303 0403 0202 0103 0202 0303 0304 0303 0102 0101 0202 0404 0404 0204 0202 0402 0201 0101 0303 0303 0101 0101 0404 0201 0202 0202 0202 0101 0303 0303 0303 0101 0404 0104 0301 0402 0404 0303 0202 0303 0303 0104 0404 0303 0202 0101 0104 0302 0303 0303 0404 0404 0101 0101 0204 0404 0101 0203 0202 0203 0202 0202 0201 0103 0202 0404 0101 0201 0402 0403 0203 0404 0101 0404 0201 0101 0101 0303 
29 , 0202 0101 0303 0102 0303 0202 0303 0202 0202 0104 0304 0404 0204 0404 0101 0202 0302 0303 0203 0303 0404 0101 0303 0202 0204 0304 0104 0303 0102 0403 0303 0303 0404 0103 0203 0101 0102 0101 0303 0202 0202 0304 0303 0101 0303 0103 0303 0202 0303 0101 0202 0202 0101 0101 0204 0202 0202 0101 0404 0202 0404 0101 0204 0204 0404 0101 0402 0101 0103 0202 0303 0303 0104 0303 0101 0104 0201 0101 0404 0204 0101 0202 0301 0403 0202 0101 0202 0303 0404 0403 0101 0303 0202 0404 0404 0202 0202 0202 0201 0101 0303 0103 0101 0101 0404 0202 0404 0202 0202 0201 0303 0404 0303 0303 0404 0404 0303 0202 0104 0303 0202 0302 0303 0104 0104 0303 0202 0102 0404 0202 0403 0304 0404 0204 0101 0101 0404 0404 0101 0303 0202 0202 0202 0202 0101 0301 0201 0404 0101 0101 0404 0403 0202 0104 0101 0402 0102 0102 0201 0303 
30 , 0202 0101 0303 0202 0303 0202 0101 0202 0302 0101 0404 0204 0202 0404 0101 0204 0302 0303 0303 0303 0404 0104 0303 0202 0204 0303 0101 0303 0202 0404 0203 0103 0404 0101 0202 0101 0202 0101 0202 0202 0202 0404 0303 0101 0303 0101 0303 0202 0303 0101 0202 0202 0101 0102 0402 0202 0102 0101 0404 0404 0404 0103 0404 0202 0303 0301 0404 0101 0303 0202 0303 0303 0404 0303 0101 0404 0201 0101 0404 0204 0101 0204 0303 0304 0102 0101 0202 0303 0404 0404 0101 0301 0202 0401 0401 0202 0203 0404 0101 0301 0203 0303 0101 0101 0404 0102 0404 0202 0202 0202 0304 0403 0303 0101 0403 0404 0103 0402 0404 0303 0202 0302 0303 0401 0401 0301 0202 0101 0104 0202 0303 0303 0404 0404 0101 0101 0404 0403 0101 0303 0402 0202 0202 0202 0202 0303 0102 0404 0101 0201 0404 0303 0202 0104 0101 0404 0102 0102 0201 0303 
31 , 0302 0101 0303 0202 0303 0202 0301 0102 0202 0104 0403 0404 0402 0404 0101 0202 0202 0303 0203 0303 0403 0101 0303 0202 0404 0404 0101 0303 0101 0404 0303 0303 0404 0101 0303 0104 0202 0101 0303 0302 0202 0403 0303 0101 0203 0101 0302 0202 0302 0201 0202 0202 0101 0101 0404 0202 0102 0101 0404 0202 0202 0301 0404 0204 0404 0301 0202 0101 0303 0303 0303 0103 0404 0303 0101 0401 0101 0101 0404 0202 0101 0202 0303 0303 0202 0103 0202 0303 0404 0303 0101 0101 0202 0401 0404 0202 0202 0204 0102 0101 0303 0303 0101 0101 0404 0202 0202 0202 0202 0202 0403 0303 0303 0303 0404 0404 0303 0202 0404 0103 0202 0303 0303 0104 0101 0103 0102 0101 0401 0302 0404 0303 0404 0404 0101 0101 0202 0304 0101 0302 0402 0303 0202 0202 0101 0303 0102 0404 0101 0101 0204 0303 0202 0404 0101 0404 0201 0102 0202 0303 
32 , 0302 0101 0303 0202 0303 0202 0301 0202 0202 0101 0404 0402 0402 0404 0101 0202 0203 0303 0202 0303 0403 0101 0303 0202 0404 0404 0101 0303 0202 0404 0302 0301 0404 0303 0303 0101 0202 0101 0202 0203 0102 0303 0303 0101 0302 0103 0303 0202 0303 0101 0204 0202 0101 0101 0404 0202 0101 0101 0404 0202 0204 0301 0404 0202 0404 0303 0202 0101 0303 0303 0303 0103 0401 0404 0101 0401 0101 0101 0404 0402 0101 0202 0303 0303 0202 0103 0202 0303 0404 0303 0101 0301 0202 0401 0404 0204 0202 0204 0101 0101 0303 0103 0101 0102 0404 0102 0204 0202 0202 0202 0403 0403 0303 0303 0404 0404 0301 0202 0404 0103 0202 0303 0403 0101 0101 0303 0102 0101 0404 0203 0403 0303 0404 0404 0101 0101 0202 0404 0101 0302 0404 0203 0202 0204 0101 0301 0202 0304 0101 0101 0202 0303 0202 0404 0101 0404 0202 0102 0102 0303 
33 , 0202 0101 0301 0102 0303 0202 0303 0102 0203 0101 0404 0404 0202 0404 0101 0402 0202 0303 0203 0303 0404 0104 0303 0202 0204 0404 0101 0303 0102 0403 0303 0303 0404 0101 0302 0101 0201 0101 0303 0202 0202 0304 0303 0101 0303 0101 0303 0202 0303 0101 0202 0202 0101 0201 0204 0202 0202 0101 0404 0202 0402 0303 0204 0202 0404 0103 0404 0101 0303 0202 0303 0303 0401 0304 0101 0104 0102 0102 0404 0404 0101 0202 0303 0403 0202 0101 0202 0303 0404 0303 0101 0103 0202 0404 0404 0202 0202 0202 0202 0101 0303 0101 0101 0101 0404 0202 0404 0202 0202 0202 0303 0404 0303 0303 0404 0404 0303 0202 0101 0303 0202 0303 0303 0101 0101 0303 0202 0101 0104 0202 0303 0303 0404 0204 0101 0101 0202 0404 0101 0303 0202 0203 0202 0202 0101 0303 0202 0404 0404 0102 0404 0303 0202 0104 0101 0404 0101 0102 0201 0303 
34 , 0202 0303 0303 0201 0303 0202 0303 0202 0202 0401 0404 0404 0204 0404 0101 0202 0302 0303 0303 0403 0403 0101 0403 0203 0404 0304 0101 0303 0202 0304 0303 0303 0404 0101 0303 0101 0102 0101 0302 0202 0102 0404 0303 0101 0303 0101 0303 0202 0303 0101 0202 0102 0101 0101 0402 0202 0102 0101 0204 0202 0404 0101 0404 0202 0304 0301 0204 0101 0303 0303 0303 0303 0101 0403 0201 0101 0101 0101 0404 0402 0101 0204 0303 0403 0202 0303 0202 0103 0404 0404 0101 0301 0202 0404 0401 0202 0202 0402 0202 0101 0302 0303 0101 0101 0404 0202 0402 0202 0202 0202 0303 0403 0303 0101 0404 0404 0103 0202 0404 0303 0202 0303 0304 0401 0401 0303 0202 0101 0401 0202 0404 0303 0404 0202 0101 0101 0204 0404 0201 0303 0204 0302 0202 0202 0102 0301 0101 0404 0401 0101 0402 0403 0202 0404 0101 0404 0201 0202 0102 0304 
35 , 0202 0301 0301 0202 0303 0202 0303 0102 0202 0101 0404 0404 0404 0404 0101 0202 0202 0303 0202 0303 0303 0101 0303 0202 0404 0403 0101 0203 0202 0404 0203 0301 0104 0101 0302 0401 0202 0101 0303 0202 0201 0404 0403 0101 0203 0103 0303 0202 0303 0101 0402 0201 0301 0101 0204 0202 0101 0101 0404 0202 0404 0301 0402 0204 0304 0303 0202 0401 0303 0302 0303 0303 0104 0303 0101 0101 0101 0101 0404 0404 0101 0202 0301 0303 0202 0101 0202 0303 0404 0303 0101 0303 0202 0101 0404 0202 0202 0402 0202 0101 0303 0303 0201 0101 0404 0202 0204 0202 0202 0202 0404 0304 0203 0101 0404 0404 0303 0202 0404 0103 0202 0303 0303 0401 0401 0301 0202 0101 0104 0202 0304 0303 0104 0402 0101 0101 0204 0403 0101 0303 0204 0202 0202 0204 0101 0303 0201 0404 0101 0101 0404 0304 0203 0404 0103 0404 0201 0202 0201 0303 
36 , 0302 0303 0303 0202 0303 0202 0303 0202 0202 0101 0404 0204 0204 0404 0101 0202 0302 0303 0303 0304 0304 0101 0303 0202 0404 0404 0404 0303 0202 0404 0203 0103 0404 0103 0203 0101 0202 0101 0202 0202 0102 0404 0303 0101 0303 0101 0302 0202 0303 0101 0202 0102 0301 0101 0204 0202 0102 0101 0404 0202 0404 0301 0404 0202 0303 0103 0202 0101 0303 0303 0303 0303 0104 0403 0101 0404 0101 0201 0404 0204 0101 0202 0301 0304 0202 0103 0202 0301 0403 0303 0101 0103 0202 0404 0401 0202 0302 0204 0101 0101 0303 0303 0102 0201 0404 0202 0404 0202 0202 0201 0303 0304 0303 0303 0404 0404 0103 0202 0104 0301 0202 0303 0303 0101 0404 0303 0202 0202 0104 0202 0403 0304 0404 0404 0101 0101 0204 0404 0101 0203 0202 0302 0203 0202 0101 0301 0201 0404 0101 0101 0204 0303 0202 0404 0101 0402 0102 0202 0102 0303 
37 , 0202 0101 0303 0202 0303 0202 0303 0202 0302 0104 0404 0402 0202 0404 0101 0402 0302 0303 0303 0303 0404 0101 0303 0202 0204 0304 0401 0302 0202 0404 0303 0103 0404 0101 0203 0401 0202 0101 0302 0202 0102 0303 0303 0101 0303 0101 0303 0202 0303 0102 0204 0201 0101 0101 0404 0202 0101 0101 0404 0202 0402 0101 0202 0202 0403 0303 0402 0101 0303 0303 0303 0301 0404 0304 0101 0401 0101 0101 0402 0404 0101 0202 0303 0304 0202 0103 0202 0303 0404 0303 0101 0301 0202 0104 0404 0204 0202 0202 0102 0101 0303 0303 0101 0101 0404 0202 0204 0202 0202 0202 0303 0403 0303 0303 0404 0404 0103 0202 0404 0303 0202 0303 0403 0401 0101 0303 0202 0101 0101 0202 0403 0303 0404 0202 0101 0101 0204 0403 0101 0303 0202 0303 0202 0202 0102 0103 0202 0404 0101 0102 0204 0304 0302 0104 0103 0402 0101 0201 0202 0303 
38 , 0202 0303 0303 0102 0303 0202 0303 0202 0202 0101 0404 0202 0402 0404 0101 0202 0202 0303 0202 0303 0303 0101 0303 0302 0204 0404 0101 0203 0202 0404 0303 0303 0104 0101 0302 0101 0202 0101 0202 0202 0202 0403 0303 0101 0203 0101 0303 0202 0303 0101 0402 0202 0101 0101 0404 0202 0202 0101 0204 0402 0402 0303 0404 0202 0403 0303 0402 0104 0103 0203 0303 0303 0404 0303 0101 0101 0101 0101 0404 0202 0101 0202 0303 0404 0202 0303 0102 0301 0404 0303 0101 0103 0202 0404 0404 0402 0202 0404 0202 0101 0303 0303 0101 0101 0404 0202 0202 0202 0102 0202 0303 0304 0303 0303 0404 0404 0301 0202 0104 0301 0202 0303 0303 0104 0101 0303 0102 0101 0401 0302 0304 0304 0104 0402 0101 0101 0204 0404 0101 0303 0202 0202 0202 0202 0102 0103 0102 0404 0101 0102 0404 0403 0203 0404 0101 0402 0202 0202 0201 0303 
39 , 0202 0101 0303 0201 0302 0202 0303 0202 0202 0101 0404 0204 0202 0404 0101 0402 0202 0303 0303 0303 0303 0101 0303 0202 0202 0304 0104 0303 0202 0404 0303 0303 0404 0101 0202 0101 0102 0101 0202 0202 0202 0303 0303 0103 0203 0101 0203 0202 0303 0101 0202 0202 0101 0201 0404 0202 0202 0101 0404 0202 0404 0101 0404 0402 0304 0103 0202 0101 0303 0303 0303 0303 0104 0403 0101 0101 0101 0101 0402 0202 0101 0402 0303 0303 0202 0103 0202 0303 0404 0304 0101 0101 0202 0401 0404 0202 0202 0204 0202 0101 0303 0103 0201 0101 0402 0202 0202 0202 0202 0201 0303 0303 0303 0303 0404 0401 0303 0202 0404 0303 0402 0203 0404 0404 0101 0303 0202 0101 0101 0202 0304 0403 0104 0402 0201 0101 0204 0404 0101 0303 0402 0203 0302 0402 0101 0303 0202 0404 0101 0201 0404 0304 0202 0104 0103 0402 0201 0201 0102 0303 
40 , 0202 0301 0301 0102 0303 0202 0303 0202 0202 0101 0403 0202 0202 0404 0101 0202 0203 0303 0303 0303 0404 0101 0303 0203 0402 0403 0101 0303 0202 0403 0303 0103 0404 0301 0202 0401 0102 0101 0202 0202 0102 0404 0303 0101 0203 0101 0303 0202 0303 0101 0202 0202 0101 0101 0402 0202 0202 0101 0404 0404 0204 0101 0404 0204 0303 0303 0202 0101 0303 0303 0303 0303 0404 0403 0101 0401 0101 0101 0404 0404 0101 0204 0103 0303 0202 0103 0202 0303 0404 0304 0101 0303 0202 0404 0404 0204 0203 0404 0202 0101 0303 0303 0101 0101 0404 0202 0404 0202 0202 0202 0303 0304 0302 0303 0404 0104 0103 0202 0101 0303 0202 0303 0304 0104 0401 0303 0202 0101 0401 0202 0304 0303 0104 0204 0101 0101 0202 0404 0101 0202 0202 0303 0302 0202 0102 0101 0202 0404 0101 0101 0404 0303 0203 0401 0101 0404 0101 0202 0101 0303 
41 , 0302 0101 0303 0102 0303 0202 0303 0202 0202 0104 0304 0204 0402 0404 0101 0202 0202 0303 0303 0303 0404 0101 0303 0202 0202 0403 0101 0203 0202 0404 0302 0301 0404 0301 0202 0104 0202 0101 0303 0202 0202 0303 0403 0103 0303 0101 0303 0202 0303 0202 0204 0202 0101 0101 0404 0202 0202 0101 0404 0202 0402 0303 0404 0202 0304 0303 0402 0101 0303 0303 0303 0303 0101 0403 0101 0401 0101 0201 0404 0202 0101 0202 0101 0403 0202 0103 0202 0301 0404 0303 0101 0303 0202 0404 0104 0202 0302 0404 0201 0101 0303 0303 0101 0101 0404 0202 0402 0202 0102 0202 0303 0404 0203 0303 0404 0104 0303 0202 0404 0303 0202 0303 0303 0104 0401 0303 0201 0101 0104 0202 0303 0303 0404 0202 0101 0101 0404 0404 0101 0303 0202 0303 0202 0202 0201 0303 0102 0404 0401 0102 0404 0303 0302 0404 0101 0404 0201 0101 0201 0403 
42 , 0202 0301 0303 0202 0303 0202 0303 0202 0202 0101 0404 0402 0402 0404 0101 0404 0202 0303 0203 0303 0404 0101 0403 0203 0202 0404 0101 0303 0202 0404 0303 0303 0104 0101 0302 0104 0102 0103 0302 0202 0202 0304 0303 0101 0302 0103 0303 0202 0303 0202 0202 0202 0303 0201 0404 0202 0202 0401 0404 0202 0402 0301 0404 0202 0404 0303 0402 0401 0303 0303 0303 0303 0104 0403 0101 0101 0101 0101 0204 0202 0101 0202 0303 0404 0202 0101 0202 0303 0303 0303 0101 0101 0202 0404 0404 0402 0202 0404 0102 0101 0303 0303 0101 0101 0204 0202 0202 0202 0202 0202 0303 0403 0303 0103 0404 0404 0303 0402 0401 0301 0202 0303 0303 0401 0404 0303 0202 0101 0404 0202 0304 0303 0404 0204 0101 0104 0402 0404 0101 0203 0202 0202 0203 0202 0101 0103 0102 0304 0101 0202 0404 0303 0203 0104 0101 0404 0202 0102 0102 0303 
43 , 0202 0101 0103 0202 0303 0404 0103 0202 0302 0101 0304 0404 0402 0404 0101 0204 0202 0303 0303 0303 0304 0101 0303 0202 0404 0404 0104 0303 0202 0404 0303 0103 0101 0101 0202 0401 0201 0101 0302 0202 0202 0304 0303 0101 0303 0101 0303 0203 0303 0102 0202 0202 0103 0101 0404 0202 0202 0101 0404 0402 0202 0101 0204 0202 0304 0303 0404 0101 0303 0303 0303 0103 0104 0403 0102 0104 0102 0101 0404 0404 0401 0404 0103 0303 0202 0101 0202 0103 0404 0303 0101 0301 0204 0101 0104 0204 0202 0402 0202 0101 0303 0303 0201 0101 0404 0201 0202 0302 0202 0201 0303 0303 0303 0301 0404 0104 0301 0202 0404 0103 0202 0203 0303 0104 0104 0303 0202 0101 0404 0202 0404 0303 0404 0402 0101 0101 0202 0304 0102 0303 0204 0303 0202 0202 0101 0103 0202 0404 0101 0101 0204 0303 0303 0101 0101 0404 0101 0101 0201 0303 
44 , 0202 0101 0301 0202 0303 0202 0303 0202 0202 0101 0404 0402 0204 0404 0101 0202 0202 0103 0302 0303 0304 0104 0303 0202 0404 0404 0101 0303 0202 0404 0303 0303 0401 0101 0302 0404 0202 0101 0303 0202 0102 0403 0303 0101 0303 0101 0303 0202 0303 0101 0204 0202 0103 0101 0404 0202 0102 0101 0404 0202 0404 0101 0404 0202 0304 0103 0402 0101 0303 0203 0203 0303 0104 0403 0101 0101 0101 0101 0404 0402 0101 0402 0303 0403 0202 0103 0201 0303 0404 0303 0101 0103 0402 0401 0404 0402 0202 0404 0202 0101 0203 0303 0101 0101 0404 0202 0204 0202 0202 0202 0304 0303 0303 0103 0404 0404 0301 0202 0404 0301 0202 0303 0303 0104 0101 0301 0202 0201 0404 0202 0404 0303 0404 0202 0101 0104 0202 0304 0101 0303 0202 0303 0202 0202 0101 0303 0202 0404 0101 0102 0404 0304 0203 0404 0101 0404 0101 0101 0201 0303 
45 , 0302 0301 0103 0202 0303 0202 0103 0202 0302 0101 0404 0202 0402 0404 0101 0202 0202 0303 0303 0303 0303 0401 0303 0202 0404 0404 0101 0203 0201 0404 0303 0303 0404 0101 0302 0401 0101 0301 0302 0202 0202 0304 0303 0101 0203 0101 0303 0202 0302 0101 0202 0202 0101 0101 0404 0202 0202 0104 0404 0402 0204 0301 0404 0202 0303 0303 0202 0101 0103 0302 0303 0301 0404 0303 0101 0104 0101 0101 0404 0204 0104 0202 0301 0403 0202 0301 0202 0303 0404 0303 0101 0103 0202 0404 0104 0202 0202 0402 0201 0101 0303 0303 0101 0101 0404 0202 0204 0202 0202 0201 0303 0303 0303 0303 0404 0401 0301 0202 0104 0303 0202 0303 0303 0101 0101 0103 0202 0202 0404 0202 0304 0303 0404 0404 0101 0101 0202 0404 0101 0302 0202 0202 0202 0202 0102 0301 0201 0404 0404 0202 0404 0303 0203 0404 0301 0404 0101 0102 0201 0303 
46 , 0202 0303 0303 0201 0303 0202 0101 0202 0202 0401 0303 0402 0202 0404 0301 0202 0202 0301 0303 0303 0303 0101 0303 0203 0404 0304 0104 0202 0202 0404 0303 0303 0404 0101 0203 0101 0202 0101 0303 0202 0202 0304 0303 0101 0303 0101 0302 0302 0303 0201 0202 0202 0101 0101 0404 0202 0102 0101 0204 0202 0404 0101 0404 0202 0304 0301 0204 0101 0303 0303 0303 0303 0404 0303 0101 0101 0101 0201 0404 0202 0101 0204 0303 0404 0202 0103 0202 0303 0303 0304 0101 0303 0204 0404 0404 0202 0202 0202 0202 0101 0303 0303 0101 0101 0404 0202 0202 0202 0201 0102 0403 0304 0303 0101 0404 0404 0103 0202 0104 0303 0202 0303 0303 0104 0404 0303 0202 0201 0101 0202 0304 0303 0404 0402 0101 0101 0204 0403 0101 0303 0202 0303 0302 0202 0102 0301 0202 0404 0101 0101 0202 0303 0202 0404 0101 0404 0101 0202 0102 0303 
47 , 0202 0101 0303 0102 0302 0202 0303 0202 0202 0401 0404 0202 0202 0404 0101 0204 0202 0103 0303 0304 0303 0104 0303 0203 0404 0404 0101 0303 0202 0404 0303 0303 0404 0101 0303 0104 0202 0103 0302 0202 0102 0304 0303 0101 0302 0101 0303 0202 0303 0101 0202 0202 0103 0101 0404 0202 0102 0101 0404 0202 0204 0101 0404 0202 0404 0103 0202 0101 0303 0303 0203 0303 0104 0303 0101 0101 0101 0101 0404 0402 0101 0204 0303 0304 0202 0303 0202 0303 0403 0303 0101 0303 0202 0401 0404 0402 0202 0204 0102 0101 0303 0303 0102 0101 0404 0202 0202 0202 0202 0102 0303 0304 0303 0103 0404 0401 0303 0202 0404 0301 0202 0302 0303 0104 0104 0303 0202 0101 0104 0202 0404 0303 0401 0404 0101 0104 0402 0404 0101 0303 0202 0302 0203 0202 0101 0303 0201 0304 0101 0101 0204 0303 0203 0404 0101 0404 0102 0102 0202 0303 
48 , 0202 0103 0103 0202 0302 0204 0303 0202 0302 0104 0404 0404 0204 0404 0103 0202 0202 0303 0203 0304 0303 0101 0303 0202 0402 0304 0101 0303 0202 0304 0303 0303 0404 0301 0202 0401 0202 0101 0203 0202 0202 0303 0303 0101 0302 0103 0303 0202 0303 0102 0202 0202 0101 0101 0404 0204 0202 0101 0404 0202 0202 0301 0404 0202 0403 0303 0202 0101 0303 0303 0203 0303 0401 0303 0101 0401 0101 0101 0404 0402 0101 0404 0303 0303 0201 0101 0202 0303 0404 0403 0101 0101 0202 0404 0404 0202 0202 0402 0201 0101 0303 0303 0101 0101 0204 0202 0402 0202 0202 0202 0303 0304 0203 0103 0404 0401 0303 0202 0404 0303 0204 0203 0303 0101 0101 0303 0202 0101 0101 0202 0303 0303 0404 0402 0101 0104 0402 0404 0101 0302 0402 0303 0202 0202 0202 0303 0202 0404 0101 0201 0404 0303 0202 0404 0301 0404 0102 0102 0101 0303 
49 , 0202 0303 0101 0202 0303 0202 0301 0202 0202 0101 0403 0404 0402 0404 0101 0202 0202 0301 0203 0304 0403 0101 0403 0202 0202 0404 0101 0303 0202 0404 0303 0303 0104 0101 0302 0101 0102 0101 0302 0202 0102 0404 0303 0101 0303 0103 0303 0302 0303 0201 0204 0202 0303 0101 0404 0202 0202 0101 0404 0202 0404 0303 0404 0204 0404 0303 0402 0101 0303 0303 0302 0301 0104 0403 0102 0101 0101 0102 0204 0204 0101 0202 0303 0404 0202 0103 0202 0303 0304 0303 0101 0301 0204 0404 0401 0202 0202 0402 0102 0101 0303 0303 0102 0101 0404 0202 0202 0202 0202 0201 0303 0404 0303 0303 0404 0101 0301 0402 0404 0303 0202 0302 0303 0101 0404 0303 0202 0102 0404 0202 0303 0303 0404 0404 0101 0101 0402 0404 0102 0303 0402 0303 0202 0202 0101 0101 0102 0404 0401 0201 0404 0403 0203 0404 0101 0404 0201 0102 0102 0303 
50 , 0202 0301 0303 0102 0302 0202 0303 0202 0202 0101 0404 0404 0402 0404 0101 0202 0302 0303 0303 0303 0303 0101 0303 0202 0204 0404 0401 0303 0202 0303 0303 0103 0404 0101 0203 0401 0202 0101 0302 0202 0102 0403 0303 0101 0303 0101 0303 0202 0303 0201 0402 0201 0101 0201 0404 0202 0202 0101 0404 0204 0204 0103 0404 0202 0404 0303 0202 0101 0303 0303 0303 0303 0404 0404 0101 0104 0101 0101 0404 0202 0101 0402 0303 0403 0202 0103 0202 0303 0404 0303 0101 0303 0402 0101 0401 0202 0202 0404 0202 0101 0303 0101 0101 0101 0204 0201 0202 0202 0202 0202 0303 0304 0303 0303 0404 0401 0101 0202 0104 0303 0202 0303 0304 0404 0404 0301 0202 0201 0101 0202 0404 0303 0404 0202 0101 0101 0204 0404 0201 0303 0202 0303 0202 0202 0101 0303 0202 0404 0101 0101 0404 0304 0202 0404 0101 0404 0201 0202 0202 0303 
51 , 0202 0101 0103 0102 0303 0202 0103 0201 0203 0401 0403 0204 0204 0404 0101 0202 0303 0303 0303 0303 0404 0101 0303 0202 0404 0404 0101 0303 0202 0403 0303 0303 0104 0101 0202 0401 0201 0101 0302 0302 0202 0303 0303 0101 0303 0101 0303 0202 0303 0102 0204 0202 0103 0101 0404 0202 0202 0101 0404 0202 0204 0101 0202 0202 0404 0303 0404 0101 0303 0203 0303 0303 0401 0303 0101 0104 0101 0101 0404 0402 0101 0202 0103 0403 0202 0101 0202 0303 0404 0404 0101 0301 0202 0401 0104 0202 0202 0202 0202 0101 0303 0301 0101 0101 0404 0202 0204 0202 0202 0201 0303 0304 0302 0303 0404 0104 0301 0202 0401 0303 0202 0303 0303 0401 0104 0303 0102 0101 0104 0303 0404 0303 0404 0204 0101 0101 0202 0403 0101 0303 0202 0203 0202 0202 0101 0303 0102 0404 0101 0202 0404 0303 0302 0404 0101 0404 0101 0202 0202 0303 
52 , 0202 0103 0303 0202 0303 0202 0303 0202 0203 0104 0404 0204 0402 0404 0101 0202 0303 0103 0303 0303 0403 0104 0303 0202 0404 0404 0101 0303 0202 0404 0302 0303 0401 0101 0203 0101 0202 0101 0203 0202 0101 0403 0303 0101 0203 0101 0303 0202 0303 0101 0202 0202 0103 0201 0404 0202 0101 0101 0404 0204 0204 0103 0404 0204 0304 0301 0202 0101 0303 0303 0203 0303 0401 0403 0101 0101 0101 0101 0404 0404 0101 0202 0303 0303 0202 0103 0102 0303 0403 0304 0101 0301 0402 0404 0404 0202 0202 0404 0202 0301 0303 0303 0201 0101 0404 0202 0202 0202 0201 0202 0303 0403 0303 0303 0404 0101 0103 0202 0404 0303 0202 0302 0303 0404 0404 0303 0202 0101 0401 0302 0303 0303 0404 0404 0101 0101 0404 0404 0101 0303 0204 0303 0202 0202 0101 0103 0101 0404 0104 0102 0202 0303 0302 0404 0103 0404 0101 0201 0202 0304 
53 , 0202 0103 0303 0202 0203 0202 0303 0102 0202 0404 0404 0202 0202 0404 0101 0202 0202 0303 0203 0303 0303 0101 0303 0302 0404 0304 0101 0303 0202 0304 0303 0303 0401 0101 0203 0101 0202 0101 0302 0302 0202 0403 0303 0101 0303 0101 0303 0202 0302 0101 0202 0202 0301 0101 0404 0202 0201 0101 0404 0402 0402 0301 0404 0202 0404 0103 0202 0101 0303 0303 0303 0303 0404 0404 0101 0101 0101 0101 0204 0402 0101 0202 0303 0304 0202 0301 0102 0303 0304 0303 0102 0303 0202 0401 0404 0204 0202 0204 0202 0101 0203 0303 0101 0101 0404 0202 0204 0202 0202 0202 0303 0303 0303 0303 0404 0104 0103 0202 0401 0103 0202 0303 0303 0104 0401 0303 0202 0101 0401 0202 0404 0303 0404 0404 0101 0101 0202 0403 0101 0303 0202 0203 0202 0202 0201 0301 0102 0404 0101 0101 0404 0303 0202 0404 0101 0404 0202 0202 0201 0303 
54 , 0202 0101 0301 0202 0303 0202 0303 0202 0202 0401 0404 0404 0202 0104 0101 0402 0202 0303 0302 0303 0403 0101 0303 0202 0202 0404 0101 0303 0202 0404 0203 0303 0401 0101 0302 0401 0102 0101 0302 0202 0101 0304 0304 0101 0303 0101 0303 0202 0303 0101 0202 0201 0101 0101 0404 0202 0102 0101 0404 0204 0204 0301 0402 0202 0404 0303 0402 0101 0103 0203 0302 0301 0404 0403 0101 0401 0201 0101 0404 0404 0401 0202 0303 0304 0202 0103 0202 0303 0304 0304 0101 0301 0202 0404 0104 0202 0202 0404 0101 0101 0303 0303 0201 0201 0402 0202 0202 0202 0202 0102 0303 0403 0303 0303 0404 0101 0103 0202 0104 0303 0202 0203 0403 0101 0101 0303 0202 0101 0401 0202 0303 0303 0404 0204 0101 0101 0202 0404 0101 0302 0202 0203 0202 0202 0101 0101 0202 0404 0101 0101 0404 0303 0202 0404 0101 0404 0101 0202 0101 0303 
55 , 0202 0303 0301 0202 0303 0202 0303 0202 0202 0101 0404 0402 0202 0404 0101 0204 0203 0301 0303 0303 0304 0101 0303 0202 0402 0404 0101 0303 0202 0403 0303 0301 0401 0101 0302 0401 0202 0101 0203 0202 0202 0403 0303 0101 0303 0103 0303 0202 0303 0101 0402 0202 0103 0101 0402 0202 0201 0101 0404 0202 0402 0101 0404 0202 0304 0303 0204 0101 0301 0303 0303 0303 0404 0304 0101 0101 0102 0101 0404 0204 0101 0202 0301 0303 0202 0101 0202 0303 0404 0304 0101 0103 0202 0101 0104 0202 0202 0202 0202 0101 0303 0303 0101 0101 0404 0202 0202 0202 0202 0202 0304 0404 0303 0303 0404 0404 0303 0202 0104 0303 0202 0302 0303 0101 0401 0301 0202 0101 0404 0202 0303 0304 0401 0204 0101 0101 0202 0304 0101 0303 0402 0203 0202 0202 0102 0303 0102 0404 0104 0201 0404 0304 0302 0404 0301 0404 0202 0201 0101 0303 
56 , 0303 0301 0101 0202 0303 0204 0303 0202 0202 0101 0404 0204 0202 0404 0101 0202 0302 0303 0302 0303 0403 0101 0303 0202 0402 0403 0401 0303 0202 0404 0303 0103 0404 0103 0203 0104 0202 0101 0202 0202 0102 0403 0303 0101 0303 0101 0203 0202 0303 0102 0202 0202 0101 0101 0204 0202 0102 0101 0402 0202 0404 0303 0404 0202 0404 0303 0202 0101 0303 0203 0302 0303 0404 0403 0101 0401 0101 0101 0404 0202 0401 0204 0301 0403 0202 0101 0102 0303 0404 0304 0101 0101 0202 0404 0404 0202 0302 0404 0202 0101 0303 0303 0101 0201 0404 0202 0404 0202 0202 0202 0404 0303 0303 0301 0404 0404 0103 0202 0404 0303 0202 0303 0303 0104 0101 0301 0202 0201 0101 0202 0404 0303 0404 0404 0101 0101 0204 0404 0101 0303 0202 0203 0202 0202 0102 0303 0202 0404 0101 0101 0204 0304 0203 0404 0101 0404 0101 0102 0102 0303 
57 , 0202 0301 0303 0102 0303 0202 0103 0202 0202 0101 0404 0404 0404 0104 0101 0202 0202 0303 0303 0303 0303 0101 0403 0302 0204 0404 0104 0203 0202 0404 0302 0303 0401 0101 0303 0101 0202 0101 0202 0202 0201 0304 0403 0101 0303 0301 0303 0202 0303 0101 0202 0202 0101 0201 0404 0202 0201 0101 0404 0202 0404 0303 0404 0202 0404 0303 0202 0101 0303 0303 0303 0303 0101 0404 0101 0101 0101 0201 0404 0204 0104 0202 0103 0403 0201 0101 0202 0303 0404 0303 0101 0303 0204 0104 0404 0202 0202 0204 0101 0101 0303 0303 0102 0101 0404 0202 0204 0202 0202 0201 0303 0304 0303 0303 0404 0404 0303 0202 0104 0301 0202 0303 0303 0104 0404 0303 0202 0101 0401 0202 0303 0303 0404 0204 0101 0101 0202 0404 0101 0303 0202 0203 0202 0202 0101 0101 0102 0404 0101 0201 0204 0303 0202 0404 0101 0404 0102 0202 0101 0303 
58 , 0202 0101 0303 0202 0303 0202 0303 0201 0202 0101 0404 0402 0402 0404 0101 0202 0302 0303 0203 0303 0303 0101 0303 0202 0404 0404 0101 0302 0201 0404 0302 0303 0404 0101 0202 0104 0101 0301 0302 0202 0202 0303 0303 0101 0303 0101 0303 0202 0303 0102 0402 0202 0101 0101 0404 0202 0201 0101 0404 0202 0202 0103 0404 0202 0404 0303 0402 0104 0303 0303 0303 0301 0404 0304 0101 0104 0101 0101 0402 0202 0104 0202 0103 0404 0202 0101 0202 0303 0404 0304 0101 0103 0404 0404 0404 0202 0202 0404 0201 0101 0303 0301 0101 0101 0404 0202 0404 0302 0202 0102 0303 0404 0303 0303 0404 0404 0101 0202 0104 0303 0202 0303 0303 0101 0104 0303 0202 0101 0101 0202 0303 0303 0404 0404 0101 0101 0202 0404 0101 0202 0204 0203 0202 0204 0202 0301 0201 0404 0101 0101 0404 0303 0202 0404 0101 0404 0201 0101 0101 0303 
59 , 0202 0103 0303 0201 0303 0202 0303 0202 0203 0401 0403 0204 0402 0404 0101 0204 0202 0103 0303 0303 0403 0101 0303 0202 0404 0403 0101 0303 0202 0404 0303 0303 0104 0301 0303 0101 0202 0101 0302 0202 0202 0403 0403 0101 0303 0301 0302 0302 0303 0102 0202 0202 0101 0101 0404 0202 0102 0101 0204 0202 0204 0103 0404 0202 0404 0303 0404 0101 0303 0303 0303 0303 0401 0403 0101 0104 0102 0101 0404 0402 0101 0404 0103 0404 0202 0101 0202 0303 0404 0403 0201 0103 0202 0404 0404 0202 0202 0404 0102 0101 0203 0303 0101 0101 0404 0202 0204 0202 0202 0202 0303 0404 0303 0303 0404 0104 0303 0202 0404 0303 0202 0303 0403 0404 0404 0103 0201 0101 0401 0202 0404 0303 0404 0404 0101 0101 0202 0404 0101 0303 0202 0303 0202 0202 0201 0101 0202 0404 0101 0201 0404 0403 0202 0404 0301 0404 0201 0102 0202 0303 
60 , 0202 0101 0303 0102 0303 0202 0303 0202 0202 0101 0404 0402 0202 0401 0101 0202 0303 0103 0302 0303 0404 0101 0303 0202 0404 0403 0101 0303 0202 0404 0303 0103 0404 0101 0202 0401 0101 0101 0202 0202 0102 0404 0303 0101 0303 0101 0303 0202 0302 0101 0202 0202 0101 0101 0404 0202 0202 0101 0404 0202 0202 0101 0204 0202 0303 0303 0202 0401 0303 0303 0303 0103 0104 0403 0101 0101 0101 0101 0404 0404 0101 0202 0303 0403 0202 0101 0202 0303 0404 0303 0101 0301 0204 0404 0404 0202 0202 0402 0201 0101 0303 0103 0101 0101 0404 0202 0204 0202 0202 0201 0304 0304 0303 0303 0404 0401 0103 0202 0404 0303 0202 0302 0303 0101 0104 0301 0202 0102 0404 0202 0404 0303 0104 0204 0101 0401 0204 0304 0101 0202 0202 0302 0302 0202 0102 0101 0202 0304 0101 0101 0404 0303 0302 0404 0101 0404 0101 0202 0101 0303 
61 , 0202 0301 0303 0202 0303 0202 0303 0202 0202 0101 0404 0402 0402 0401 0301 0202 0203 0303 0203 0303 0403 0101 0303 0202 0404 0404 0101 0303 0202 0403 0303 0303 0404 0101 0302 0101 0202 0101 0202 0202 0102 0304 0403 0101 0303 0103 0303 0302 0303 0201 0202 0202 0101 0101 0404 0202 0101 0101 0404 0202 0402 0301 0202 0202 0403 0101 0402 0101 0303 0303 0303 0303 0101 0304 0101 0401 0101 0201 0404 0204 0401 0202 0103 0403 0202 0101 0202 0301 0404 0303 0201 0301 0202 0101 0404 0202 0202 0402 0102 0101 0303 0101 0101 0101 0404 0202 0202 0202 0202 0202 0303 0404 0303 0303 0404 0404 0303 0202 0404 0301 0202 0303 0303 0104 0101 0103 0202 0101 0404 0202 0403 0303 0404 0404 0101 0101 0204 0404 0101 0302 0202 0303 0202 0202 0202 0101 0202 0404 0101 0101 0204 0403 0302 0104 0101 0404 0102 0202 0201 0303 
62 , 0202 0301 0101 0102 0303 0202 0103 0201 0202 0104 0404 0404 0204 0104 0101 0202 0202 0303 0203 0303 0304 0101 0403 0202 0404 0404 0101 0202 0202 0404 0203 0303 0104 0101 0303 0104 0202 0101 0303 0203 0202 0303 0303 0101 0303 0301 0303 0302 0303 0101 0202 0202 0101 0101 0404 0202 0201 0101 0404 0204 0402 0301 0404 0202 0403 0303 0202 0101 0303 0303 0303 0303 0404 0404 0101 0101 0101 0201 0404 0204 0101 0202 0103 0403 0202 0103 0202 0303 0404 0303 0101 0101 0202 0101 0404 0202 0202 0204 0101 0101 0303 0303 0101 0101 0404 0202 0202 0202 0202 0202 0403 0304 0303 0103 0404 0404 0303 0202 0104 0303 0202 0303 0303 0104 0401 0303 0202 0101 0401 0202 0303 0303 0104 0404 0101 0101 0402 0403 0101 0303 0202 0203 0202 0202 0101 0303 0102 0404 0101 0202 0402 0303 0203 0404 0101 0404 0101 0101 0102 0303 
63 , 0202 0301 0301 0202 0303 0202 0303 0202 0202 0101 0404 0204 0402 0404 0301 0202 0202 0303 0302 0303 0404 0104 0303 0202 0404 0404 0101 0303 0202 0404 0303 0303 0404 0101 0302 0104 0202 0101 0203 0202 0202 0403 0303 0101 0303 0101 0303 0302 0303 0201 0202 0202 0101 0101 0404 0202 0101 0101 0404 0402 0202 0303 0404 0202 0404 0103 0402 0101 0303 0303 0303 0303 0104 0404 0101 0401 0101 0101 0404 0402 0101 0402 0303 0404 0202 0103 0202 0303 0404 0303 0201 0303 0202 0401 0404 0402 0202 0204 0102 0101 0303 0103 0101 0101 0404 0202 0202 0202 0202 0201 0304 0403 0303 0303 0404 0404 0303 0202 0401 0301 0202 0303 0403 0104 0101 0301 0202 0101 0404 0202 0404 0303 0404 0404 0101 0104 0202 0404 0102 0303 0202 0303 0202 0202 0201 0101 0202 0404 0101 0101 0404 0304 0203 0104 0101 0404 0102 0201 0201 0303 
64 , 0202 0101 0303 0101 0303 0202 0303 0202 0202 0101 0404 0204 0402 0404 0101 0202 0302 0303 0303 0303 0404 0101 0303 0202 0202 0403 0101 0203 0202 0404 0303 0303 0404 0301 0202 0101 0202 0101 0303 0202 0201 0304 0403 0101 0303 0103 0303 0203 0303 0101 0202 0202 0101 0101 0404 0202 0202 0101 0404 0202 0402 0303 0404 0202 0303 0103 0404 0101 0303 0303 0203 0303 0104 0304 0101 0104 0101 0201 0404 0202 0101 0202 0103 0403 0202 0103 0202 0303 0404 0304 0102 0301 0202 0404 0104 0202 0302 0204 0201 0101 0303 0303 0101 0101 0404 0202 0404 0202 0202 0201 0303 0403 0203 0103 0404 0104 0301 0202 0404 0303 0202 0303 0303 0401 0404 0303 0202 0101 0401 0202 0304 0303 0404 0202 0101 0101 0404 0304 0101 0303 0204 0303 0202 0202 0201 0301 0102 0404 0401 0102 0402 0403 0302 0401 0301 0404 0201 0102 0201 0303 
65 , 0302 0101 0103 0201 0303 0202 0303 0202 0202 0101 0404 0402 0202 0404 0303 0204 0202 0301 0202 0303 0303 0101 0303 0202 0404 0304 0101 0303 0202 0304 0303 0303 0404 0101 0203 0101 0202 0101 0303 0202 0202 0303 0303 0101 0302 0103 0303 0202 0303 0101 0202 0202 0101 0202 0404 0202 0201 0101 0404 0202 0404 0301 0404 0202 0404 0303 0402 0101 0303 0203 0203 0303 0401 0304 0101 0404 0101 0101 0404 0202 0101 0402 0303 0303 0202 0101 0201 0303 0404 0303 0101 0301 0202 0404 0404 0202 0202 0404 0201 0101 0303 0303 0101 0101 0204 0202 0402 0203 0201 0202 0404 0304 0203 0103 0404 0404 0303 0202 0404 0301 0202 0203 0303 0101 0404 0303 0201 0101 0404 0203 0304 0303 0401 0404 0101 0401 0402 0404 0101 0303 0402 0303 0202 0202 0101 0303 0202 0404 0404 0201 0404 0303 0202 0404 0101 0402 0101 0101 0202 0303 
66 , 0202 0101 0303 0202 0303 0202 0303 0202 0202 0101 0404 0202 0402 0404 0101 0202 0203 0303 0303 0303 0303 0101 0303 0202 0404 0403 0101 0303 0202 0404 0303 0303 0101 0101 0303 0404 0202 0101 0303 0202 0201 0303 0303 0101 0303 0103 0303 0202 0303 0101 0204 0202 0301 0101 0404 0202 0201 0101 0404 0202 0404 0303 0402 0202 0304 0103 0202 0401 0303 0302 0303 0303 0401 0403 0101 0101 0102 0101 0404 0204 0101 0202 0303 0403 0202 0301 0202 0303 0404 0303 0101 0303 0202 0404 0104 0202 0203 0402 0201 0301 0303 0303 0101 0101 0404 0202 0202 0202 0202 0202 0304 0304 0303 0301 0404 0404 0303 0202 0404 0303 0202 0303 0303 0404 0101 0301 0101 0101 0404 0202 0404 0303 0404 0404 0101 0401 0202 0404 0101 0303 0204 0302 0202 0204 0101 0103 0201 0404 0101 0101 0404 0303 0203 0404 0103 0404 0201 0102 0202 0303 
67 , 0203 0301 0103 0202 0303 0202 0303 0202 0202 0104 0403 0202 0204 0404 0101 0202 0203 0301 0202 0303 0303 0101 0303 0202 0404 0404 0101 0303 0202 0404 0303 0303 0401 0103 0202 0101 0201 0101 0303 0202 0202 0404 0404 0101 0303 0101 0303 0202 0303 0101 0402 0202 0101 0101 0404 0202 0202 0101 0404 0202 0402 0101 0404 0204 0404 0303 0202 0101 0303 0303 0303 0303 0104 0403 0101 0101 0201 0101 0402 0404 0101 0202 0303 0404 0202 0301 0202 0303 0404 0304 0101 0103 0204 0404 0104 0202 0202 0202 0201 0101 0303 0103 0101 0101 0404 0202 0404 0202 0202 0201 0303 0404 0303 0103 0404 0404 0303 0202 0404 0303 0202 0203 0304 0101 0101 0103 0202 0201 0104 0302 0304 0303 0401 0404 0101 0104 0404 0404 0101 0303 0202 0303 0202 0202 0102 0303 0202 0404 0404 0101 0404 0403 0203 0404 0101 0404 0101 0102 0201 0303 
68 , 0202 0103 0301 0202 0303 0204 0303 0202 0202 0101 0404 0202 0404 0401 0103 0202 0203 0103 0302 0303 0303 0101 0304 0202 0404 0404 0401 0303 0102 0403 0303 0303 0404 0101 0302 0101 0202 0101 0202 0202 0202 0303 0303 0101 0303 0103 0303 0202 0303 0102 0204 0202 0303 0101 0404 0204 0202 0101 0204 0202 0404 0303 0204 0202 0403 0303 0402 0101 0303 0303 0303 0301 0404 0404 0101 0101 0101 0102 0404 0404 0401 0202 0303 0303 0202 0103 0202 0303 0404 0303 0201 0103 0202 0404 0404 0204 0202 0402 0102 0101 0303 0101 0101 0101 0404 0202 0202 0202 0202 0102 0303 0404 0303 0303 0404 0101 0103 0202 0404 0103 0202 0303 0303 0101 0104 0303 0202 0101 0401 0202 0304 0303 0401 0404 0101 0101 0404 0404 0101 0303 0402 0303 0202 0202 0202 0103 0202 0403 0101 0101 0204 0304 0202 0404 0301 0404 0101 0201 0201 0303 
69 , 0202 0101 0103 0101 0303 0202 0303 0201 0202 0404 0404 0204 0402 0404 0301 0202 0202 0103 0303 0303 0304 0101 0303 0202 0202 0403 0101 0303 0202 0403 0303 0101 0404 0101 0203 0404 0202 0101 0303 0202 0102 0304 0403 0301 0303 0101 0303 0202 0303 0201 0202 0202 0101 0101 0204 0204 0202 0101 0404 0202 0204 0103 0404 0402 0404 0303 0204 0101 0303 0203 0303 0303 0104 0403 0101 0101 0102 0101 0404 0202 0101 0402 0301 0403 0202 0103 0202 0303 0404 0303 0101 0103 0202 0404 0104 0202 0202 0202 0101 0301 0303 0303 0101 0101 0404 0202 0202 0202 0202 0101 0403 0404 0303 0103 0404 0404 0303 0202 0401 0303 0202 0302 0303 0404 0101 0303 0202 0101 0104 0302 0303 0303 0404 0404 0101 0101 0404 0404 0101 0203 0202 0303 0202 0202 0102 0101 0202 0404 0101 0101 0404 0404 0302 0404 0101 0402 0201 0202 0201 0303 
70 , 0202 0103 0303 0202 0303 0402 0303 0202 0202 0101 0404 0202 0202 0404 0101 0402 0203 0303 0303 0403 0304 0101 0304 0202 0204 0303 0101 0203 0202 0403 0303 0303 0101 0101 0302 0404 0202 0101 0302 0202 0101 0404 0303 0101 0203 0103 0303 0202 0303 0201 0202 0102 0103 0101 0402 0202 0202 0101 0404 0202 0402 0301 0404 0402 0403 0303 0202 0101 0303 0303 0303 0303 0401 0303 0101 0404 0102 0101 0404 0202 0101 0202 0301 0304 0202 0301 0102 0303 0304 0303 0101 0301 0204 0404 0104 0202 0202 0204 0202 0101 0303 0303 0101 0101 0204 0202 0402 0202 0202 0202 0303 0304 0303 0103 0404 0401 0301 0202 0401 0103 0202 0303 0303 0104 0401 0303 0202 0101 0404 0202 0404 0303 0104 0404 0101 0101 0404 0404 0101 0303 0202 0203 0202 0202 0101 0303 0202 0404 0101 0202 0404 0303 0303 0404 0101 0402 0102 0202 0202 0303 
71 , 0203 0101 0301 0202 0203 0402 0303 0202 0202 0401 0304 0402 0402 0404 0101 0202 0302 0101 0302 0303 0403 0101 0303 0202 0404 0404 0101 0303 0202 0403 0303 0303 0404 0301 0203 0101 0102 0101 0303 0202 0102 0404 0303 0101 0303 0301 0203 0202 0303 0201 0202 0202 0303 0201 0204 0202 0201 0101 0404 0202 0202 0101 0204 0202 0304 0303 0402 0101 0303 0303 0303 0301 0104 0304 0101 0101 0101 0102 0402 0404 0101 0204 0303 0404 0102 0301 0202 0303 0403 0404 0101 0301 0202 0404 0404 0402 0202 0404 0201 0101 0303 0303 0101 0101 0404 0201 0204 0202 0202 0102 0303 0404 0203 0101 0404 0101 0303 0202 0104 0303 0202 0302 0403 0101 0101 0303 0101 0101 0401 0202 0304 0403 0404 0404 0101 0401 0204 0304 0101 0303 0402 0203 0203 0202 0101 0303 0101 0404 0101 0102 0404 0403 0202 0104 0101 0404 0102 0202 0202 0303 
72 , 0202 0303 0303 0202 0303 0202 0303 0202 0202 0101 0404 0204 0204 0404 0101 0202 0202 0303 0302 0303 0404 0101 0403 0202 0404 0404 0101 0303 0202 0404 0303 0303 0404 0101 0202 0104 0202 0301 0203 0202 0102 0304 0303 0101 0303 0101 0303 0202 0303 0101 0204 0102 0103 0101 0204 0202 0202 0101 0204 0202 0404 0101 0404 0202 0304 0303 0402 0101 0103 0303 0303 0303 0104 0304 0101 0401 0201 0101 0404 0202 0101 0402 0303 0403 0202 0101 0202 0103 0404 0403 0101 0101 0204 0104 0104 0202 0202 0202 0101 0101 0303 0301 0101 0101 0404 0202 0204 0202 0202 0101 0303 0303 0303 0303 0404 0104 0103 0202 0404 0303 0202 0303 0304 0104 0404 0303 0202 0101 0404 0202 0304 0303 0404 0404 0101 0101 0202 0404 0101 0303 0402 0303 0202 0202 0102 0103 0202 0403 0104 0102 0204 0303 0202 0404 0101 0404 0101 0202 0102 0303 
73 , 0202 0301 0303 0202 0303 0204 0303 0102 0202 0401 0404 0204 0402 0104 0101 0202 0303 0103 0302 0303 0403 0101 0303 0202 0402 0404 0101 0303 0202 0304 0303 0301 0404 0101 0203 0404 0102 0101 0302 0202 0202 0304 0303 0101 0203 0101 0303 0202 0303 0101 0402 0202 0101 0101 0404 0202 0202 0101 0404 0202 0204 0103 0404 0202 0404 0301 0402 0101 0303 0303 0303 0103 0404 0403 0101 0101 0102 0101 0204 0202 0101 0204 0301 0403 0102 0101 0102 0303 0404 0304 0101 0301 0202 0404 0404 0402 0202 0404 0102 0101 0303 0303 0101 0101 0404 0202 0404 0202 0202 0202 0403 0303 0303 0303 0404 0404 0103 0202 0104 0103 0202 0302 0303 0401 0104 0301 0202 0102 0104 0202 0403 0303 0404 0404 0101 0101 0204 0303 0201 0303 0202 0303 0202 0202 0102 0103 0202 0404 0101 0101 0404 0404 0202 0404 0101 0404 0101 0201 0102 0303 
74 , 0202 0303 0103 0202 0303 0202 0303 0202 0202 0101 0304 0204 0202 0404 0101 0202 0202 0103 0203 0303 0303 0101 0303 0202 0204 0304 0101 0303 0202 0304 0303 0303 0404 0101 0202 0101 0102 0301 0303 0203 0202 0304 0303 0101 0303 0101 0203 0202 0303 0201 0204 0202 0303 0101 0404 0202 0102 0101 0404 0202 0404 0301 0404 0202 0304 0303 0202 0101 0303 0303 0303 0103 0404 0304 0101 0401 0201 0201 0404 0202 0401 0204 0303 0403 0201 0101 0102 0303 0304 0303 0201 0301 0204 0401 0404 0202 0202 0204 0202 0101 0303 0301 0201 0101 0402 0202 0404 0202 0202 0201 0303 0303 0203 0303 0403 0104 0301 0202 0404 0101 0202 0303 0303 0104 0104 0303 0202 0101 0101 0202 0403 0303 0404 0402 0201 0101 0202 0404 0101 0303 0202 0302 0202 0202 0202 0101 0202 0403 0101 0102 0404 0303 0203 0404 0101 0404 0201 0102 0101 0303 
75 , 0202 0303 0103 0202 0303 0202 0103 0201 0302 0101 0404 0202 0202 0404 0101 0202 0202 0303 0202 0303 0304 0101 0303 0302 0404 0304 0101 0303 0202 0404 0303 0303 0404 0101 0203 0101 0101 0103 0302 0202 0202 0403 0404 0101 0303 0103 0303 0203 0303 0101 0402 0202 0103 0101 0202 0202 0202 0101 0404 0202 0404 0103 0404 0204 0304 0303 0202 0101 0303 0302 0302 0303 0104 0403 0102 0104 0101 0101 0404 0404 0101 0202 0303 0404 0202 0101 0202 0303 0404 0304 0101 0103 0402 0104 0104 0202 0202 0202 0202 0101 0303 0103 0101 0101 0404 0202 0402 0202 0202 0202 0303 0404 0303 0101 0403 0404 0101 0202 0104 0303 0202 0203 0303 0101 0101 0103 0202 0202 0101 0302 0403 0303 0104 0404 0101 0101 0404 0403 0101 0303 0202 0303 0202 0202 0102 0301 0202 0404 0401 0101 0204 0303 0202 0404 0301 0404 0101 0202 0201 0303 
76 , 0202 0301 0101 0202 0303 0202 0103 0202 0203 0101 0304 0202 0202 0404 0101 0202 0202 0303 0203 0303 0403 0101 0303 0202 0404 0404 0101 0302 0202 0404 0303 0103 0104 0103 0202 0101 0201 0101 0203 0202 0202 0304 0303 0101 0302 0103 0302 0202 0303 0202 0202 0202 0303 0101 0404 0202 0202 0101 0404 0202 0204 0101 0404 0202 0304 0303 0204 0101 0303 0203 0303 0301 0404 0303 0101 0101 0101 0101 0404 0402 0401 0204 0103 0403 0202 0103 0202 0303 0404 0403 0101 0303 0202 0404 0104 0202 0202 0204 0102 0101 0302 0301 0101 0101 0404 0202 0204 0202 0202 0202 0303 0304 0302 0303 0404 0101 0301 0202 0104 0303 0202 0203 0303 0404 0104 0303 0202 0101 0404 0202 0303 0303 0404 0404 0101 0101 0202 0404 0201 0302 0202 0303 0202 0202 0102 0101 0102 0404 0101 0201 0404 0304 0303 0401 0101 0404 0201 0101 0102 0304 
77 , 0202 0301 0101 0202 0303 0202 0303 0202 0302 0104 0404 0204 0404 0404 0101 0402 0302 0303 0203 0303 0303 0401 0303 0302 0402 0404 0101 0302 0202 0404 0303 0303 0404 0101 0202 0104 0202 0101 0302 0203 0202 0403 0403 0101 0303 0101 0303 0202 0203 0101 0202 0202 0301 0101 0404 0202 0201 0101 0404 0204 0402 0103 0404 0202 0303 0303 0202 0101 0103 0302 0303 0303 0104 0404 0101 0101 0101 0101 0404 0404 0101 0202 0303 0403 0202 0303 0202 0303 0404 0304 0102 0103 0204 0101 0101 0202 0202 0404 0202 0101 0303 0103 0101 0101 0404 0202 0402 0202 0202 0201 0303 0303 0203 0101 0404 0404 0303 0202 0104 0303 0202 0203 0303 0104 0101 0303 0202 0201 0101 0202 0403 0303 0104 0404 0101 0101 0402 0404 0101 0303 0202 0303 0202 0202 0101 0303 0202 0404 0101 0102 0404 0303 0202 0404 0301 0404 0101 0202 0201 0303 
78 , 0202 0103 0103 0102 0303 0202 0101 0202 0202 0101 0404 0402 0402 0404 0101 0204 0202 0303 0303 0303 0303 0401 0403 0202 0404 0404 0101 0303 0202 0404 0303 0301 0404 0101 0303 0101 0102 0101 0302 0202 0201 0304 0303 0101 0203 0101 0303 0202 0303 0101 0202 0202 0101 0101 0402 0202 0102 0101 0404 0402 0404 0301 0404 0202 0304 0301 0204 0101 0103 0303 0303 0303 0401 0403 0101 0101 0201 0101 0404 0402 0101 0204 0303 0404 0202 0103 0102 0303 0404 0304 0101 0101 0404 0404 0104 0202 0202 0402 0202 0101 0203 0303 0101 0101 0404 0202 0202 0202 0201 0202 0303 0304 0303 0303 0404 0104 0303 0202 0101 0303 0202 0303 0304 0104 0104 0103 0202 0202 0101 0202 0304 0303 0404 0404 0101 0101 0204 0403 0201 0303 0204 0202 0202 0202 0101 0303 0201 0404 0101 0202 0402 0303 0202 0404 0101 0204 0201 0201 0102 0303 
79 , 0202 0301 0101 0102 0303 0202 0303 0202 0202 0101 0404 0402 0202 0404 0101 0202 0202 0303 0203 0303 0304 0101 0303 0202 0402 0404 0101 0302 0202 0404 0203 0303 0104 0301 0202 0404 0201 0101 0302 0202 0201 0304 0303 0101 0203 0101 0303 0202 0303 0202 0202 0202 0103 0101 0404 0202 0102 0101 0404 0202 0402 0303 0404 0402 0304 0303 0202 0104 0303 0203 0303 0301 0401 0304 0101 0101 0101 0101 0404 0404 0104 0402 0303 0404 0102 0101 0202 0303 0404 0303 0101 0303 0402 0404 0404 0402 0202 0404 0101 0101 0303 0301 0201 0101 0404 0202 0202 0202 0202 0202 0303 0304 0303 0303 0404 0104 0301 0202 0404 0103 0202 0303 0303 0101 0404 0303 0201 0101 0104 0202 0403 0303 0404 0404 0101 0101 0204 0404 0101 0302 0202 0303 0202 0204 0102 0301 0202 0404 0101 0101 0404 0304 0202 0404 0101 0404 0201 0101 0101 0303 
80 , 0202 0301 0303 0202 0303 0202 0103 0102 0202 0101 0404 0202 0404 0404 0101 0202 0202 0103 0203 0303 0304 0101 0303 0303 0404 0404 0401 0303 0202 0404 0203 0303 0404 0101 0303 0104 0202 0101 0202 0202 0101 0403 0303 0101 0303 0103 0303 0202 0303 0201 0202 0202 0101 0101 0404 0202 0202 0101 0404 0202 0402 0301 0404 0402 0304 0303 0204 0101 0303 0203 0303 0303 0404 0303 0101 0104 0101 0101 0404 0402 0101 0202 0103 0403 0102 0101 0202 0303 0404 0303 0101 0301 0202 0401 0104 0202 0202 0404 0102 0101 0303 0303 0201 0101 0404 0202 0202 0302 0202 0202 0403 0304 0302 0303 0404 0104 0301 0202 0404 0101 0202 0303 0303 0401 0101 0301 0202 0101 0101 0202 0404 0303 0404 0404 0101 0101 0202 0404 0101 0302 0204 0303 0202 0202 0101 0101 0202 0404 0101 0101 0404 0303 0303 0404 0101 0404 0101 0201 0201 0303 
81 , 0202 0301 0303 0202 0303 0204 0303 0202 0202 0104 0404 0404 0404 0401 0101 0202 0203 0303 0202 0303 0403 0101 0403 0202 0404 0404 0101 0303 0202 0403 0303 0303 0104 0101 0302 0101 0202 0101 0302 0202 0102 0303 0303 0101 0303 0303 0303 0302 0303 0201 0204 0202 0301 0201 0404 0204 0202 0101 0404 0202 0402 0103 0404 0202 0403 0303 0402 0101 0303 0303 0303 0301 0104 0303 0102 0101 0101 0102 0204 0204 0101 0202 0303 0303 0202 0103 0202 0303 0404 0303 0101 0103 0202 0404 0404 0204 0202 0402 0102 0101 0303 0301 0101 0101 0204 0202 0202 0202 0202 0102 0303 0303 0302 0103 0404 0101 0303 0204 0404 0303 0202 0303 0303 0101 0401 0303 0202 0101 0401 0302 0303 0304 0401 0204 0101 0101 0204 0404 0101 0302 0202 0303 0202 0202 0102 0303 0102 0403 0401 0201 0404 0404 0202 0104 0101 0404 0201 0101 0101 0303 
82 , 0202 0103 0303 0201 0303 0202 0303 0202 0202 0401 0403 0402 0402 0404 0101 0204 0302 0303 0303 0303 0303 0101 0303 0202 0204 0304 0104 0303 0202 0404 0303 0303 0404 0101 0203 0101 0202 0101 0203 0202 0101 0303 0403 0101 0303 0301 0302 0202 0303 0201 0202 0202 0301 0101 0402 0202 0102 0101 0404 0202 0404 0101 0204 0202 0304 0303 0404 0101 0303 0303 0303 0303 0401 0303 0101 0101 0101 0101 0204 0404 0104 0204 0303 0304 0102 0103 0102 0103 0404 0304 0101 0101 0402 0404 0401 0402 0202 0204 0202 0101 0302 0303 0101 0101 0404 0202 0202 0202 0202 0202 0303 0404 0303 0303 0404 0104 0303 0202 0404 0303 0202 0203 0303 0404 0404 0303 0202 0101 0101 0302 0304 0303 0404 0204 0101 0101 0204 0403 0101 0203 0404 0302 0202 0202 0201 0301 0201 0404 0101 0102 0404 0303 0202 0404 0101 0404 0201 0201 0202 0304 
83 , 0203 0101 0303 0202 0303 0402 0303 0202 0302 0101 0304 0402 0202 0404 0101 0202 0202 0303 0202 0303 0303 0101 0303 0202 0402 0403 0101 0303 0202 0304 0303 0303 0404 0101 0203 0401 0202 0101 0203 0202 0202 0304 0303 0101 0303 0101 0303 0202 0303 0102 0204 0202 0101 0101 0402 0202 0202 0101 0404 0202 0202 0103 0202 0202 0303 0303 0204 0101 0303 0303 0303 0103 0401 0403 0101 0104 0101 0101 0404 0402 0101 0202 0303 0303 0202 0103 0202 0303 0404 0303 0101 0303 0204 0104 0404 0402 0202 0404 0201 0101 0303 0303 0202 0101 0404 0202 0204 0302 0202 0102 0303 0303 0302 0303 0404 0404 0303 0202 0404 0103 0202 0303 0303 0101 0401 0303 0202 0101 0401 0202 0403 0303 0404 0404 0101 0101 0202 0304 0101 0303 0202 0303 0202 0204 0101 0101 0202 0404 0104 0102 0402 0303 0302 0104 0101 0404 0202 0102 0202 0403 
84 , 0202 0101 0103 0202 0303 0202 0301 0102 0203 0101 0404 0402 0202 0404 0103 0202 0202 0303 0303 0303 0404 0101 0303 0202 0402 0404 0101 0303 0202 0304 0303 0103 0404 0101 0203 0101 0202 0101 0302 0202 0201 0304 0303 0101 0303 0101 0303 0202 0303 0102 0204 0102 0101 0101 0404 0202 0201 0101 0204 0202 0404 0303 0204 0202 0303 0303 0202 0101 0303 0303 0303 0303 0404 0303 0101 0101 0101 0101 0404 0204 0401 0202 0303 0404 0202 0101 0202 0303 0403 0303 0101 0101 0204 0401 0404 0202 0203 0404 0102 0101 0303 0303 0101 0101 0404 0202 0202 0202 0202 0201 0403 0403 0303 0303 0404 0401 0103 0202 0404 0301 0202 0303 0303 0101 0401 0303 0202 0101 0104 0202 0304 0303 0404 0204 0102 0101 0202 0404 0102 0202 0404 0303 0202 0204 0101 0103 0202 0404 0104 0101 0402 0303 0202 0404 0303 0404 0101 0202 0201 0403 
85 , 0302 0101 0303 0102 0303 0202 0303 0102 0202 0104 0404 0204 0204 0404 0101 0202 0202 0303 0203 0303 0304 0401 0303 0202 0402 0403 0101 0303 0202 0404 0203 0103 0401 0101 0202 0101 0201 0101 0303 0202 0201 0403 0303 0101 0203 0103 0303 0202 0303 0101 0404 0202 0101 0102 0404 0202 0201 0101 0204 0202 0202 0101 0404 0202 0403 0303 0202 0101 0301 0302 0303 0303 0404 0304 0101 0401 0201 0101 0204 0404 0101 0204 0103 0303 0102 0101 0101 0303 0404 0303 0101 0301 0204 0404 0404 0202 0202 0204 0201 0101 0203 0103 0101 0102 0404 0202 0202 0202 0202 0202 0303 0403 0303 0303 0404 0101 0301 0202 0401 0303 0202 0303 0303 0104 0104 0301 0202 0101 0101 0202 0404 0303 0104 0404 0101 0401 0402 0404 0101 0303 0202 0302 0302 0202 0102 0303 0201 0304 0101 0202 0404 0303 0302 0404 0101 0404 0101 0202 0201 0303 
86 , 0202 0103 0303 0202 0303 0204 0103 0202 0302 0401 0404 0202 0202 0404 0101 0202 0202 0303 0203 0303 0403 0101 0303 0202 0204 0304 0101 0303 0102 0404 0303 0303 0404 0101 0202 0104 0101 0101 0203 0202 0202 0403 0303 0101 0303 0101 0302 0202 0303 0101 0202 0201 0101 0101 0204 0202 0102 0101 0404 0402 0404 0103 0404 0202 0303 0303 0404 0101 0103 0202 0303 0303 0404 0404 0101 0101 0201 0101 0404 0404 0101 0202 0301 0303 0202 0101 0202 0303 0404 0304 0101 0101 0402 0404 0401 0204 0202 0202 0202 0101 0303 0303 0101 0101 0204 0202 0204 0203 0202 0202 0303 0303 0303 0303 0404 0101 0303 0202 0104 0103 0202 0303 0303 0401 0104 0303 0202 0101 0404 0302 0304 0303 0104 0204 0102 0101 0202 0404 0101 0203 0202 0203 0202 0202 0101 0101 0202 0304 0101 0101 0402 0404 0202 0404 0101 0404 0102 0202 0201 0303 
87 , 0202 0103 0103 0102 0303 0202 0303 0202 0202 0104 0403 0204 0404 0404 0101 0402 0203 0103 0203 0303 0403 0104 0303 0202 0404 0404 0101 0303 0202 0404 0303 0303 0404 0103 0303 0104 0202 0101 0302 0202 0202 0404 0303 0101 0303 0103 0303 0202 0303 0101 0204 0202 0103 0101 0402 0202 0102 0101 0404 0402 0404 0303 0204 0202 0403 0103 0402 0101 0303 0303 0303 0303 0104 0404 0101 0401 0101 0101 0402 0402 0104 0202 0303 0303 0202 0301 0202 0303 0404 0303 0201 0303 0202 0401 0404 0202 0202 0404 0202 0101 0303 0303 0101 0101 0402 0202 0202 0202 0202 0202 0304 0404 0303 0303 0404 0401 0303 0202 0404 0303 0202 0203 0304 0104 0101 0303 0201 0201 0104 0202 0304 0303 0401 0404 0101 0101 0202 0404 0101 0303 0402 0303 0202 0202 0101 0103 0202 0404 0101 0201 0404 0303 0202 0404 0301 0404 0102 0201 0102 0304 
88 , 0202 0103 0103 0201 0302 0202 0303 0202 0202 0104 0404 0404 0402 0404 0101 0202 0202 0303 0303 0303 0403 0101 0303 0202 0402 0404 0101 0302 0202 0404 0303 0303 0404 0301 0303 0101 0202 0301 0302 0302 0201 0303 0303 0101 0303 0101 0203 0202 0303 0101 0202 0102 0101 0101 0404 0202 0102 0101 0204 0202 0404 0103 0204 0202 0403 0103 0202 0104 0303 0303 0302 0303 0101 0304 0101 0101 0102 0101 0404 0402 0401 0202 0103 0403 0201 0103 0102 0303 0304 0304 0101 0103 0202 0104 0404 0202 0202 0202 0101 0101 0302 0303 0101 0101 0404 0202 0204 0202 0202 0202 0303 0404 0303 0303 0404 0401 0101 0202 0404 0301 0202 0303 0303 0101 0101 0301 0102 0101 0101 0202 0304 0303 0404 0204 0201 0101 0202 0404 0102 0303 0202 0303 0202 0202 0101 0101 0101 0404 0101 0202 0404 0303 0202 0404 0301 0404 0101 0201 0202 0403 
89 , 0202 0303 0303 0102 0303 0402 0303 0202 0202 0101 0304 0402 0404 0404 0101 0202 0203 0301 0302 0303 0303 0101 0303 0202 0204 0404 0401 0303 0202 0304 0303 0303 0401 0101 0303 0401 0202 0101 0302 0202 0202 0403 0303 0101 0303 0103 0303 0202 0303 0202 0202 0202 0101 0201 0404 0202 0201 0101 0404 0202 0204 0101 0404 0202 0403 0303 0402 0104 0303 0302 0303 0303 0401 0403 0101 0401 0101 0101 0404 0204 0101 0404 0303 0303 0201 0101 0202 0303 0404 0303 0101 0303 0204 0101 0404 0202 0202 0404 0202 0101 0303 0103 0101 0101 0404 0102 0202 0202 0202 0202 0303 0304 0302 0303 0404 0404 0101 0202 0104 0303 0202 0203 0303 0404 0401 0303 0202 0201 0101 0202 0404 0303 0404 0204 0101 0101 0204 0404 0101 0303 0202 0303 0202 0202 0201 0103 0202 0404 0101 0101 0404 0303 0202 0404 0301 0404 0201 0102 0201 0303 
90 , 0202 0303 0303 0202 0203 0202 0303 0202 0202 0101 0404 0404 0202 0404 0101 0202 0302 0303 0302 0303 0303 0101 0303 0202 0402 0304 0101 0203 0102 0404 0303 0103 0401 0101 0303 0104 0202 0101 0203 0202 0102 0404 0304 0101 0303 0103 0303 0202 0303 0201 0202 0202 0101 0102 0204 0202 0201 0101 0404 0202 0404 0301 0404 0402 0303 0303 0202 0104 0303 0303 0303 0103 0404 0303 0101 0101 0101 0101 0404 0402 0101 0402 0301 0404 0201 0101 0102 0303 0404 0303 0101 0103 0202 0401 0404 0202 0302 0202 0202 0101 0303 0303 0101 0101 0404 0202 0402 0202 0202 0201 0304 0303 0302 0301 0404 0401 0101 0202 0104 0303 0202 0303 0303 0404 0101 0303 0202 0201 0404 0202 0304 0303 0404 0204 0101 0101 0204 0404 0101 0303 0202 0303 0202 0202 0102 0101 0202 0404 0101 0202 0204 0304 0202 0404 0101 0404 0102 0202 0102 0303 
91 , 0202 0303 0303 0201 0303 0202 0303 0202 0202 0101 0403 0202 0204 0404 0101 0202 0202 0301 0203 0303 0403 0101 0303 0202 0404 0304 0104 0302 0202 0304 0303 0303 0404 0101 0303 0101 0102 0101 0303 0202 0101 0303 0303 0101 0303 0101 0302 0302 0303 0201 0202 0102 0301 0101 0402 0202 0202 0101 0404 0402 0404 0103 0404 0202 0404 0303 0204 0101 0303 0303 0303 0103 0101 0303 0101 0101 0101 0101 0404 0202 0104 0204 0303 0304 0202 0103 0202 0303 0403 0404 0101 0301 0404 0404 0104 0202 0202 0404 0202 0101 0303 0303 0101 0101 0404 0202 0402 0202 0101 0102 0303 0303 0303 0103 0404 0404 0303 0202 0401 0303 0202 0303 0303 0404 0404 0303 0202 0102 0401 0302 0404 0303 0404 0404 0101 0101 0204 0303 0101 0303 0202 0302 0202 0202 0102 0301 0201 0404 0401 0202 0404 0303 0202 0404 0101 0404 0101 0102 0202 0303 
92 , 0202 0103 0303 0202 0203 0202 0303 0102 0202 0404 0403 0204 0202 0404 0101 0204 0203 0301 0203 0403 0303 0101 0303 0202 0404 0404 0101 0303 0202 0404 0303 0303 0404 0101 0202 0101 0202 0101 0303 0202 0202 0404 0303 0101 0203 0103 0303 0202 0303 0101 0202 0202 0303 0201 0404 0202 0201 0101 0404 0402 0404 0301 0404 0204 0404 0303 0202 0101 0303 0302 0302 0303 0404 0404 0101 0101 0101 0101 0204 0402 0101 0202 0303 0404 0202 0301 0102 0303 0404 0304 0101 0103 0202 0401 0404 0202 0202 0402 0202 0103 0303 0303 0101 0101 0404 0202 0202 0202 0202 0201 0303 0304 0303 0303 0404 0101 0301 0202 0404 0103 0202 0303 0303 0104 0404 0303 0202 0101 0401 0202 0403 0303 0404 0404 0101 0101 0202 0404 0101 0302 0202 0203 0202 0202 0101 0103 0102 0404 0101 0201 0404 0303 0303 0404 0101 0404 0101 0102 0201 0303 
93 , 0202 0301 0303 0202 0303 0202 0303 0202 0202 0101 0404 0202 0402 0104 0101 0202 0302 0103 0303 0403 0404 0104 0304 0202 0402 0404 0101 0303 0102 0404 0303 0303 0404 0101 0203 0101 0202 0101 0302 0202 0101 0404 0304 0103 0203 0101 0303 0202 0303 0201 0202 0202 0103 0201 0404 0204 0201 0101 0404 0202 0204 0101 0404 0202 0303 0301 0202 0101 0303 0303 0303 0303 0404 0303 0101 0101 0101 0101 0404 0402 0101 0202 0303 0304 0202 0101 0202 0303 0304 0303 0101 0301 0404 0404 0404 0402 0202 0402 0102 0301 0303 0303 0201 0101 0404 0202 0204 0202 0201 0202 0303 0403 0303 0301 0404 0104 0101 0202 0404 0303 0202 0303 0303 0401 0404 0303 0202 0201 0401 0302 0304 0404 0401 0404 0101 0101 0402 0404 0101 0303 0202 0302 0202 0202 0101 0303 0202 0404 0401 0101 0204 0303 0202 0404 0101 0404 0102 0202 0201 0304 
94 , 0202 0101 0303 0202 0203 0202 0303 0202 0302 0404 0404 0204 0204 0404 0101 0202 0202 0303 0202 0303 0304 0104 0303 0202 0204 0404 0101 0303 0202 0304 0303 0303 0401 0103 0203 0104 0202 0101 0203 0302 0202 0403 0303 0101 0203 0101 0303 0202 0303 0101 0202 0202 0301 0101 0402 0202 0201 0101 0404 0202 0402 0301 0404 0402 0403 0303 0204 0101 0303 0303 0303 0303 0404 0303 0101 0101 0102 0102 0204 0404 0101 0204 0303 0303 0202 0303 0202 0303 0304 0404 0101 0303 0202 0404 0401 0202 0202 0204 0202 0101 0202 0301 0101 0101 0404 0202 0202 0202 0202 0201 0303 0303 0303 0303 0404 0101 0103 0202 0404 0303 0202 0303 0304 0101 0401 0103 0202 0101 0404 0202 0403 0303 0404 0404 0101 0101 0202 0404 0101 0303 0202 0203 0202 0202 0101 0303 0202 0404 0101 0101 0404 0304 0202 0404 0101 0404 0101 0202 0201 0303 
95 , 0202 0103 0303 0202 0303 0202 0303 0202 0202 0404 0404 0202 0202 0404 0101 0202 0302 0303 0203 0303 0404 0101 0303 0202 0202 0404 0101 0303 0202 0404 0303 0303 0404 0101 0203 0104 0102 0103 0203 0202 0202 0303 0303 0101 0303 0103 0303 0202 0303 0101 0202 0202 0101 0201 0404 0202 0202 0101 0404 0202 0204 0301 0404 0202 0403 0103 0402 0101 0303 0302 0303 0301 0104 0303 0101 0101 0101 0101 0404 0402 0101 0204 0303 0404 0201 0101 0201 0303 0404 0403 0101 0103 0204 0404 0404 0202 0202 0204 0202 0101 0303 0103 0101 0101 0404 0202 0202 0202 0202 0102 0303 0303 0303 0303 0404 0101 0303 0202 0104 0301 0202 0303 0303 0101 0404 0303 0202 0101 0101 0202 0304 0303 0404 0204 0101 0101 0202 0404 0101 0302 0202 0202 0202 0202 0101 0303 0201 0404 0101 0101 0404 0403 0202 0404 0101 0404 0201 0101 0201 0303 
96 , 0202 0301 0303 0202 0303 0202 0103 0202 0302 0101 0404 0402 0202 0404 0101 0202 0302 0303 0302 0303 0403 0401 0303 0202 0404 0404 0101 0303 0202 0403 0302 0303 0404 0101 0202 0104 0101 0101 0303 0202 0202 0403 0303 0101 0303 0301 0303 0202 0303 0101 0204 0202 0101 0201 0404 0202 0102 0101 0404 0202 0402 0301 0404 0204 0403 0303 0402 0101 0303 0302 0303 0303 0104 0303 0201 0101 0101 0201 0404 0402 0101 0402 0303 0303 0202 0101 0102 0303 0404 0303 0101 0103 0202 0404 0404 0202 0202 0202 0202 0101 0303 0303 0101 0101 0404 0102 0402 0202 0102 0202 0404 0304 0203 0303 0404 0104 0303 0202 0404 0303 0202 0303 0403 0101 0101 0103 0202 0101 0101 0202 0404 0303 0404 0402 0101 0101 0402 0403 0102 0302 0202 0302 0202 0202 0202 0103 0202 0404 0101 0102 0404 0403 0202 0404 0101 0404 0202 0202 0101 0303 
97 , 0202 0101 0301 0202 0303 0202 0103 0202 0302 0101 0304 0204 0404 0404 0101 0202 0202 0303 0203 0303 0303 0101 0403 0202 0404 0304 0101 0302 0202 0404 0303 0303 0401 0103 0202 0401 0101 0101 0302 0202 0202 0304 0303 0101 0302 0103 0302 0202 0203 0102 0202 0202 0101 0101 0204 0202 0202 0101 0404 0402 0402 0303 0404 0202 0303 0103 0402 0101 0103 0303 0303 0301 0404 0404 0101 0101 0101 0101 0404 0202 0401 0204 0303 0403 0202 0103 0202 0303 0404 0403 0101 0303 0202 0401 0404 0402 0202 0202 0201 0101 0302 0101 0101 0101 0404 0202 0204 0202 0202 0201 0303 0303 0202 0303 0404 0404 0103 0204 0104 0303 0202 0302 0303 0104 0104 0303 0202 0101 0404 0202 0404 0303 0404 0404 0101 0101 0402 0404 0101 0202 0402 0303 0202 0202 0102 0103 0201 0404 0401 0201 0202 0403 0202 0404 0301 0404 0101 0201 0202 0303 
98 , 0202 0101 0303 0202 0202 0204 0303 0102 0202 0401 0404 0402 0402 0104 0101 0204 0202 0303 0303 0303 0404 0101 0303 0203 0404 0404 0101 0303 0202 0304 0303 0303 0404 0101 0203 0404 0102 0103 0303 0202 0102 0304 0303 0101 0303 0101 0303 0202 0303 0102 0402 0202 0103 0101 0404 0202 0202 0101 0404 0202 0404 0101 0404 0202 0404 0303 0402 0101 0303 0303 0303 0103 0404 0403 0101 0101 0101 0201 0404 0402 0101 0202 0303 0404 0202 0103 0101 0303 0403 0303 0101 0101 0202 0101 0404 0402 0202 0404 0102 0101 0303 0303 0102 0101 0404 0202 0202 0202 0202 0202 0403 0303 0303 0303 0404 0101 0103 0202 0404 0101 0202 0302 0303 0404 0401 0303 0202 0101 0401 0202 0304 0303 0404 0404 0101 0101 0202 0304 0101 0303 0202 0302 0203 0202 0101 0303 0202 0404 0101 0102 0404 0304 0202 0404 0101 0404 0102 0202 0102 0303 
99 , 0202 0101 0303 0101 0303 0202 0301 0102 0203 0104 0404 0404 0202 0404 0101 0202 0203 0103 0302 0303 0303 0101 0303 0202 0404 0404 0104 0303 0202 0304 0302 0301 0404 0101 0303 0101 0102 0101 0302 0202 0102 0403 0303 0103 0202 0103 0303 0202 0303 0101 0202 0202 0101 0102 0404 0202 0202 0101 0404 0202 0404 0301 0404 0202 0404 0101 0402 0101 0303 0303 0303 0101 0101 0304 0101 0101 0101 0101 0404 0202 0101 0202 0301 0303 0202 0301 0202 0303 0404 0303 0201 0303 0202 0404 0404 0202 0203 0204 0201 0101 0303 0303 0101 0201 0404 0202 0204 0202 0202 0202 0303 0403 0303 0303 0404 0104 0301 0202 0404 0303 0202 0303 0303 0101 0101 0303 0202 0101 0401 0202 0303 0303 0404 0404 0101 0101 0202 0404 0101 0302 0204 0203 0202 0204 0202 0103 0202 0404 0401 0101 0402 0403 0202 0404 0101 0404 0202 0202 0102 0403 
100 , 0202 0301 0303 0202 0303 0402 0303 0201 0202 0101 0404 0402 0202 0404 0101 0202 0202 0301 0203 0303 0303 0101 0303 0203 0404 0404 0101 0302 0201 0304 0302 0103 0404 0101 0303 0101 0201 0101 0302 0202 0202 0403 0403 0101 0203 0103 0303 0202 0303 0201 0202 0102 0301 0201 0404 0202 0102 0101 0404 0202 0404 0101 0404 0202 0403 0303 0402 0104 0303 0203 0303 0103 0404 0403 0201 0104 0201 0101 0404 0402 0101 0402 0303 0303 0202 0101 0202 0303 0404 0303 0101 0103 0402 0404 0104 0202 0202 0204 0202 0101 0303 0301 0201 0201 0404 0202 0402 0202 0202 0202 0403 0404 0302 0303 0404 0104 0301 0202 0401 0303 0202 0203 0303 0401 0101 0301 0202 0101 0101 0202 0304 0303 0404 0202 0201 0101 0402 0404 0201 0302 0202 0303 0202 0202 0101 0303 0202 0404 0101 0101 0404 0303 0203 0404 0301 0404 0101 0101 0201 0303 
