Auto-generated genotype output.
1
2
3
4
5
6
7
8
9
10
11
12
13
14
15
16
17
18
19
20
21
22
23
24
25
26
27
28
29
30
31
32
33
34
35
36
37
38
39
40
Pop
1 , 0304 0303 0302 0404 0202 0303 0404 0404 0303 0101 0302 0103 0303 0303 0202 0101 0202 0301 0101 0303 0204 0303 0303 0303 0204 0201 0102 0202 0101 0404 0103 0101 0303 0203 0404 0304 0404 0203 0101 0303 
2 , 0404 0302 0202 0401 0202 0304 0404 0404 0303 0301 0302 0303 0103 0303 0102 0303 0204 0101 0101 0303 0202 0303 0404 0303 0402 0202 0101 0202 0101 0404 0301 0101 0303 0202 0404 0303 0404 0203 0101 0103 
3 , 0404 0303 0202 0404 0202 0303 0404 0404 0302 0103 0302 0301 0301 0303 0102 0303 0204 0101 0101 0301 0204 0303 0303 0303 0404 0202 0101 0202 0104 0404 0101 0101 0303 0302 0404 0403 0404 0303 0101 0103 
4 , 0404 0302 0302 0404 0203 0303 0402 0104 0303 0301 0203 0303 0103 0303 0202 0103 0204 0101 0101 0301 0202 0202 0303 0304 0404 0202 0101 0202 0101 0403 0303 0101 0302 0302 0304 0403 0404 0302 0101 0303 
5 , 0404 0203 0203 0404 0302 0303 0404 0404 0303 0101 0303 0303 0301 0203 0102 0301 0202 0101 0101 0303 0202 0303 0303 0304 0204 0202 0101 0202 0101 0404 0301 0101 0303 0202 0404 0404 0404 0303 0101 0101 
6 , 0404 0203 0202 0404 0203 0303 0404 0404 0302 0301 0302 0303 0303 0303 0201 0303 0202 0101 0101 0303 0202 0302 0303 0303 0404 0202 0102 0202 0101 0404 0103 0101 0303 0203 0404 0404 0404 0202 0101 0101 
7 , 0404 0303 0202 0101 0202 0303 0404 0404 0203 0101 0203 0103 0301 0302 0202 0303 0202 0103 0103 0101 0202 0303 0303 0303 0404 0202 0101 0202 0101 0403 0303 0101 0303 0202 0304 0303 0402 0302 0101 0303 
8 , 0404 0303 0202 0404 0202 0303 0404 0404 0302 0301 0303 0303 0301 0303 0102 0103 0202 0101 0101 0303 0204 0303 0403 0304 0402 0202 0101 0202 0101 0404 0301 0101 0303 0303 0304 0404 0204 0302 0101 0103 
9 , 0404 0203 0202 0404 0202 0304 0402 0404 0202 0301 0303 0303 0103 0303 0102 0303 0202 0101 0101 0303 0202 0303 0303 0303 0404 0202 0101 0302 0101 0403 0303 0101 0303 0303 0304 0403 0202 0303 0101 0301 
10 , 0404 0303 0302 0404 0202 0303 0404 0104 0302 0101 0303 0303 0303 0303 0202 0303 0202 0101 0101 0301 0202 0303 0303 0303 0202 0202 0101 0202 0401 0404 0101 0101 0303 0203 0304 0404 0404 0202 0201 0101 
11 , 0304 0303 0202 0404 0203 0303 0404 0404 0203 0101 0303 0303 0303 0203 0102 0303 0202 0101 0101 0301 0204 0303 0303 0303 0204 0201 0101 0302 0101 0404 0303 0101 0303 0303 0404 0403 0404 0302 0102 0303 
12 , 0403 0303 0203 0404 0202 0303 0404 0104 0303 0101 0303 0303 0303 0303 0202 0303 0202 0101 0301 0303 0202 0303 0303 0304 0404 0102 0101 0202 0101 0404 0303 0101 0303 0202 0404 0303 0404 0303 0102 0301 
13 , 0404 0302 0302 0404 0303 0303 0404 0404 0302 0303 0303 0303 0301 0303 0201 0103 0202 0103 0101 0301 0202 0302 0303 0303 0402 0202 0101 0202 0101 0304 0303 0101 0202 0302 0303 0404 0404 0203 0101 0101 
14 , 0404 0303 0302 0404 0202 0304 0404 0401 0203 0101 0303 0303 0103 0303 0202 0103 0202 0101 0101 0101 0202 0303 0304 0303 0402 0202 0101 0202 0101 0404 0303 0101 0303 0203 0404 0403 0404 0302 0101 0303 
15 , 0404 0303 0202 0404 0202 0303 0404 0404 0302 0301 0302 0303 0303 0203 0101 0303 0202 0101 0101 0103 0202 0302 0303 0303 0204 0202 0102 0202 0101 0404 0303 0101 0303 0203 0404 0303 0404 0202 0101 0301 
16 , 0404 0302 0203 0404 0302 0304 0404 0404 0203 0103 0303 0303 0103 0303 0202 0303 0202 0301 0101 0301 0202 0303 0303 0304 0204 0102 0101 0303 0101 0404 0303 0101 0303 0203 0304 0404 0402 0302 0201 0101 
17 , 0403 0203 0202 0404 0202 0303 0404 0401 0303 0103 0303 0303 0103 0303 0201 0303 0202 0101 0101 0103 0202 0302 0303 0304 0202 0201 0101 0202 0101 0404 0303 0101 0303 0302 0404 0404 0404 0203 0101 0101 
18 , 0304 0303 0303 0404 0202 0303 0404 0404 0302 0301 0303 0303 0303 0203 0102 0301 0202 0101 0101 0301 0402 0303 0303 0304 0204 0202 0101 0202 0101 0404 0301 0101 0303 0303 0403 0404 0404 0203 0101 0303 
19 , 0404 0203 0202 0404 0202 0304 0404 0404 0203 0301 0303 0303 0303 0303 0102 0303 0202 0101 0101 0303 0402 0302 0303 0303 0404 0202 0101 0302 0401 0404 0103 0101 0303 0302 0304 0303 0404 0302 0102 0103 
20 , 0404 0203 0202 0404 0202 0303 0402 0404 0302 0101 0303 0303 0103 0303 0202 0303 0202 0101 0101 0301 0202 0302 0303 0303 0402 0202 0101 0202 0101 0404 0103 0101 0303 0202 0304 0403 0404 0203 0101 0101 
21 , 0404 0203 0302 0404 0302 0303 0404 0401 0303 0101 0302 0303 0103 0303 0202 0303 0204 0101 0101 0303 0202 0303 0304 0303 0202 0202 0102 0202 0101 0404 0301 0101 0303 0202 0404 0403 0404 0303 0101 0103 
22 , 0404 0203 0202 0404 0202 0303 0404 0404 0202 0101 0303 0303 0303 0303 0202 0103 0202 0101 0101 0301 0402 0303 0303 0403 0404 0202 0101 0202 0101 0403 0303 0401 0303 0303 0404 0404 0402 0203 0101 0103 
23 , 0404 0303 0302 0404 0202 0303 0404 0401 0303 0101 0303 0303 0103 0303 0202 0301 0202 0301 0101 0303 0404 0303 0403 0303 0204 0202 0101 0202 0101 0404 0303 0104 0303 0203 0404 0304 0404 0303 0101 0101 
24 , 0404 0302 0202 0404 0202 0303 0404 0401 0303 0103 0302 0301 0303 0203 0102 0303 0202 0101 0101 0101 0202 0303 0303 0304 0202 0202 0101 0202 0101 0404 0301 0101 0303 0303 0404 0304 0404 0203 0101 0303 
25 , 0404 0202 0202 0401 0203 0303 0404 0404 0303 0101 0303 0303 0303 0303 0202 0303 0204 0103 0101 0301 0202 0303 0303 0403 0402 0202 0101 0202 0101 0404 0103 0101 0302 0302 0403 0304 0404 0203 0101 0303 
26 , 0403 0302 0202 0404 0202 0304 0404 0404 0202 0103 0303 0303 0101 0303 0202 0301 0202 0101 0101 0303 0202 0303 0303 0304 0404 0202 0101 0202 0101 0404 0301 0101 0303 0303 0404 0303 0404 0302 0101 0303 
27 , 0404 0203 0202 0104 0202 0403 0402 0404 0302 0101 0303 0103 0301 0303 0202 0303 0202 0301 0101 0301 0202 0302 0404 0303 0204 0202 0101 0302 0101 0404 0303 0101 0303 0203 0404 0303 0404 0302 0101 0101 
28 , 0404 0203 0303 0404 0302 0303 0404 0401 0303 0101 0303 0301 0301 0303 0202 0303 0202 0101 0101 0301 0204 0303 0303 0303 0404 0202 0101 0202 0101 0304 0103 0101 0303 0202 0404 0404 0404 0202 0102 0101 
29 , 0404 0303 0303 0404 0202 0303 0204 0104 0302 0101 0303 0303 0103 0303 0102 0301 0202 0101 0101 0101 0202 0303 0303 0304 0404 0202 0201 0202 0101 0404 0101 0101 0303 0202 0403 0404 0404 0203 0102 0103 
30 , 0404 0302 0203 0404 0202 0303 0404 0104 0302 0303 0303 0303 0303 0303 0202 0301 0202 0101 0101 0103 0404 0303 0403 0303 0404 0202 0101 0202 0101 0403 0301 0101 0303 0302 0304 0404 0204 0302 0101 0103 
31 , 0404 0203 0202 0404 0203 0303 0404 0104 0202 0101 0303 0303 0303 0303 0102 0301 0202 0101 0101 0301 0202 0203 0303 0303 0404 0202 0101 0202 0104 0304 0301 0101 0303 0203 0404 0403 0404 0203 0101 0101 
32 , 0304 0203 0202 0404 0202 0303 0404 0404 0203 0301 0303 0303 0303 0303 0202 0101 0202 0101 0101 0301 0202 0303 0303 0304 0204 0201 0101 0202 0101 0404 0303 0101 0303 0203 0404 0303 0404 0202 0101 0301 
33 , 0404 0302 0202 0404 0202 0303 0404 0404 0202 0303 0203 0303 0303 0303 0201 0103 0202 0101 0101 0301 0204 0303 0303 0403 0404 0201 0101 0202 0101 0403 0301 0104 0303 0303 0404 0304 0402 0202 0201 0303 
34 , 0404 0302 0302 0104 0202 0303 0404 0404 0303 0103 0303 0303 0103 0303 0202 0303 0204 0301 0101 0301 0202 0302 0403 0403 0404 0202 0101 0202 0101 0303 0301 0101 0303 0303 0304 0404 0404 0202 0201 0101 
35 , 0404 0303 0203 0404 0202 0303 0404 0404 0302 0101 0302 0303 0103 0303 0202 0103 0204 0101 0101 0303 0202 0303 0303 0304 0404 0202 0101 0202 0101 0304 0103 0101 0303 0202 0404 0404 0404 0202 0101 0101 
36 , 0404 0202 0203 0404 0202 0303 0404 0101 0302 0101 0302 0303 0303 0303 0202 0303 0202 0101 0101 0303 0202 0303 0303 0404 0404 0202 0101 0202 0101 0304 0303 0101 0303 0302 0404 0304 0404 0302 0101 0103 
37 , 0404 0302 0303 0404 0202 0304 0404 0404 0303 0103 0303 0303 0103 0303 0202 0103 0202 0101 0101 0301 0402 0303 0303 0304 0404 0202 0201 0202 0101 0404 0303 0101 0303 0302 0404 0404 0402 0202 0101 0301 
38 , 0403 0302 0203 0404 0202 0303 0404 0404 0302 0101 0303 0303 0301 0303 0202 0303 0202 0101 0101 0101 0402 0303 0303 0303 0204 0202 0101 0202 0401 0404 0101 0401 0303 0302 0304 0403 0404 0202 0101 0303 
39 , 0404 0302 0302 0404 0202 0303 0404 0104 0203 0101 0303 0303 0303 0303 0202 0301 0204 0101 0101 0303 0402 0303 0303 0403 0204 0202 0101 0202 0401 0404 0101 0101 0303 0303 0304 0404 0404 0203 0101 0301 
40 , 0404 0303 0303 0404 0302 0303 0404 0404 0202 0101 0203 0303 0301 0303 0202 0301 0202 0101 0101 0101 0202 0303 0303 0403 0404 0202 0101 0202 0101 0403 0303 0101 0303 0303 0304 0404 0404 0303 0201 0103 
41 , 0404 0302 0203 0404 0202 0303 0404 0404 0203 0101 0303 0303 0301 0303 0102 0303 0202 0101 0101 0103 0402 0303 0303 0404 0402 0202 0102 0202 0101 0404 0301 0101 0303 0202 0404 0303 0202 0202 0201 0301 
42 , 0404 0303 0202 0404 0202 0303 0404 0104 0302 0301 0203 0303 0301 0302 0202 0303 0402 0103 0103 0301 0204 0303 0303 0303 0404 0202 0101 0202 0101 0404 0303 0401 0203 0203 0404 0303 0404 0202 0101 0303 
43 , 0404 0202 0203 0404 0202 0303 0404 0104 0302 0301 0303 0303 0301 0303 0202 0101 0202 0301 0101 0301 0202 0303 0304 0303 0402 0102 0101 0202 0101 0404 0301 0101 0303 0203 0404 0403 0404 0202 0101 0103 
44 , 0404 0202 0202 0404 0202 0303 0404 0404 0302 0101 0303 0303 0301 0302 0202 0301 0202 0301 0101 0301 0202 0303 0303 0304 0404 0201 0101 0202 0101 0304 0301 0104 0303 0203 0404 0404 0404 0303 0101 0101 
45 , 0404 0303 0302 0404 0202 0303 0404 0104 0302 0301 0303 0303 0303 0303 0202 0303 0202 0101 0101 0303 0202 0203 0303 0303 0404 0201 0101 0203 0101 0404 0301 0104 0303 0303 0304 0404 0402 0302 0101 0103 
46 , 0404 0203 0202 0404 0202 0303 0404 0104 0203 0301 0303 0303 0303 0303 0102 0103 0202 0101 0101 0303 0202 0303 0303 0304 0404 0202 0101 0202 0101 0404 0301 0101 0303 0302 0304 0403 0404 0302 0101 0303 
47 , 0404 0203 0202 0404 0302 0303 0404 0404 0303 0101 0303 0303 0303 0303 0201 0303 0202 0101 0101 0101 0402 0303 0403 0303 0404 0202 0101 0202 0404 0404 0303 0401 0303 0203 0404 0404 0404 0303 0201 0103 
48 , 0304 0203 0202 0404 0203 0303 0404 0404 0203 0301 0303 0303 0101 0303 0202 0303 0204 0101 0101 0301 0202 0303 0303 0304 0204 0102 0101 0202 0104 0404 0103 0101 0303 0202 0404 0303 0404 0302 0201 0101 
49 , 0404 0303 0203 0404 0302 0303 0404 0404 0303 0101 0303 0301 0303 0303 0102 0301 0402 0101 0101 0303 0402 0303 0303 0404 0404 0201 0101 0202 0101 0404 0303 0101 0303 0203 0404 0304 0204 0203 0102 0103 
50 , 0404 0302 0202 0404 0202 0303 0404 0404 0303 0301 0303 0303 0301 0303 0202 0301 0202 0101 0101 0303 0202 0303 0303 0303 0204 0102 0101 0302 0101 0404 0303 0101 0303 0203 0304 0403 0204 0302 0102 0103 
51 , 0404 0302 0302 0404 0202 0303 0404 0404 0303 0101 0203 0303 0303 0303 0102 0101 0202 0101 0101 0103 0202 0302 0303 0303 0202 0202 0101 0202 0101 0404 0101 0104 0302 0203 0404 0403 0404 0303 0101 0101 
52 , 0404 0203 0202 0404 0203 0303 0404 0404 0203 0301 0303 0303 0103 0203 0202 0303 0202 0101 0101 0301 0202 0303 0303 0303 0404 0202 0101 0202 0101 0404 0103 0101 0303 0203 0404 0303 0204 0302 0202 0303 
53 , 0304 0302 0302 0404 0202 0403 0404 0404 0303 0301 0302 0301 0303 0303 0102 0303 0402 0101 0101 0301 0402 0303 0303 0303 0202 0201 0101 0202 0101 0404 0301 0101 0303 0203 0404 0403 0404 0202 0101 0303 
54 , 0404 0203 0202 0404 0302 0303 0404 0404 0303 0101 0302 0303 0301 0303 0202 0103 0202 0101 0101 0301 0202 0303 0304 0303 0204 0202 0101 0202 0101 0404 0303 0101 0303 0302 0404 0304 0404 0202 0101 0301 
55 , 0404 0203 0202 0404 0202 0303 0404 0104 0302 0101 0303 0303 0303 0203 0202 0103 0202 0301 0101 0103 0404 0303 0303 0303 0404 0202 0101 0202 0101 0404 0103 0401 0303 0303 0404 0303 0404 0202 0101 0103 
56 , 0404 0303 0202 0404 0302 0303 0404 0404 0303 0301 0302 0303 0303 0303 0201 0301 0202 0101 0103 0303 0202 0303 0303 0303 0404 0202 0101 0202 0101 0404 0301 0101 0303 0302 0404 0303 0404 0302 0101 0101 
57 , 0404 0203 0202 0404 0202 0303 0404 0404 0303 0301 0203 0303 0301 0303 0202 0103 0202 0301 0101 0101 0202 0303 0304 0303 0404 0201 0101 0202 0101 0404 0103 0101 0303 0302 0404 0303 0404 0303 0101 0301 
58 , 0404 0303 0202 0404 0202 0303 0404 0401 0303 0101 0303 0303 0303 0303 0202 0101 0202 0101 0101 0301 0202 0203 0304 0303 0202 0202 0101 0202 0401 0404 0103 0101 0303 0203 0404 0403 0404 0202 0102 0101 
59 , 0404 0302 0202 0404 0202 0303 0404 0404 0302 0103 0303 0303 0303 0303 0202 0303 0202 0101 0101 0303 0204 0303 0304 0303 0402 0201 0101 0202 0101 0404 0303 0101 0303 0203 0404 0403 0404 0303 0101 0103 
60 , 0304 0303 0302 0401 0203 0403 0404 0404 0303 0101 0303 0303 0301 0303 0101 0301 0204 0103 0101 0301 0402 0302 0303 0403 0202 0201 0101 0202 0101 0404 0303 0101 0302 0202 0403 0404 0204 0303 0101 0301 
61 , 0404 0203 0202 0104 0202 0303 0204 0404 0203 0301 0203 0301 0303 0203 0202 0301 0202 0101 0101 0103 0202 0303 0303 0303 0402 0201 0101 0202 0101 0404 0101 0101 0303 0302 0304 0404 0404 0302 0101 0303 
62 , 0404 0302 0202 0404 0203 0303 0404 0101 0303 0301 0202 0103 0303 0303 0202 0303 0202 0103 0101 0303 0202 0302 0303 0303 0402 0202 0101 0202 0101 0403 0303 0101 0303 0303 0404 0304 0404 0303 0101 0101 
63 , 0404 0303 0202 0404 0202 0303 0404 0404 0303 0101 0202 0303 0301 0303 0202 0103 0402 0101 0101 0101 0202 0303 0304 0304 0404 0202 0101 0202 0104 0404 0103 0101 0302 0302 0404 0304 0404 0202 0101 0101 
64 , 0404 0203 0202 0404 0203 0303 0404 0404 0303 0101 0302 0303 0101 0303 0202 0303 0202 0101 0101 0301 0402 0203 0303 0303 0402 0202 0101 0202 0101 0304 0101 0101 0203 0203 0404 0403 0404 0203 0101 0101 
65 , 0404 0303 0303 0401 0202 0303 0404 0104 0303 0301 0302 0303 0303 0303 0202 0103 0202 0101 0103 0303 0204 0203 0303 0303 0404 0202 0101 0202 0101 0404 0301 0101 0303 0303 0404 0404 0204 0202 0101 0103 
66 , 0303 0303 0303 0401 0202 0403 0404 0104 0202 0101 0203 0303 0301 0303 0101 0303 0202 0101 0101 0303 0202 0303 0303 0303 0404 0202 0101 0202 0101 0404 0103 0101 0303 0302 0404 0404 0404 0202 0101 0303 
67 , 0404 0202 0203 0404 0203 0303 0404 0404 0302 0103 0303 0303 0303 0303 0202 0301 0204 0101 0101 0303 0402 0303 0303 0303 0404 0202 0101 0202 0104 0404 0101 0404 0303 0302 0404 0404 0404 0202 0101 0101 
68 , 0404 0302 0202 0401 0202 0303 0404 0404 0303 0101 0303 0303 0301 0203 0102 0303 0202 0101 0101 0303 0404 0303 0303 0403 0404 0202 0101 0202 0101 0404 0301 0101 0303 0302 0404 0304 0404 0202 0101 0303 
69 , 0304 0302 0302 0404 0202 0304 0404 0401 0303 0101 0303 0303 0101 0303 0202 0303 0202 0301 0101 0103 0202 0302 0303 0303 0404 0201 0101 0302 0101 0404 0303 0101 0303 0202 0404 0304 0404 0202 0101 0301 
70 , 0403 0203 0303 0104 0202 0303 0404 0404 0203 0101 0303 0103 0303 0303 0202 0303 0202 0301 0101 0303 0202 0303 0303 0303 0404 0102 0101 0202 0101 0404 0303 0101 0303 0202 0304 0303 0404 0203 0101 0101 
71 , 0404 0303 0302 0404 0202 0303 0404 0404 0303 0101 0302 0303 0303 0303 0201 0303 0204 0101 0101 0103 0202 0303 0303 0303 0402 0202 0101 0202 0101 0404 0103 0101 0303 0302 0404 0304 0404 0303 0101 0301 
72 , 0404 0303 0303 0404 0202 0303 0404 0404 0303 0103 0302 0303 0301 0303 0202 0303 0202 0101 0101 0301 0202 0303 0303 0403 0204 0202 0101 0202 0404 0403 0101 0101 0303 0303 0404 0303 0404 0203 0101 0303 
73 , 0404 0203 0302 0404 0202 0303 0404 0401 0303 0101 0303 0303 0303 0303 0202 0301 0202 0101 0101 0103 0204 0303 0303 0403 0404 0202 0101 0202 0101 0304 0303 0104 0303 0303 0404 0303 0404 0302 0101 0301 
74 , 0404 0303 0302 0404 0202 0403 0404 0404 0302 0101 0303 0303 0303 0303 0202 0303 0202 0301 0101 0101 0202 0302 0304 0303 0404 0202 0101 0202 0101 0404 0303 0104 0303 0203 0404 0303 0404 0203 0101 0101 
75 , 0404 0303 0202 0401 0203 0303 0404 0104 0302 0103 0203 0303 0103 0302 0202 0103 0202 0101 0101 0303 0402 0303 0303 0303 0402 0202 0101 0202 0101 0403 0303 0101 0303 0202 0404 0403 0204 0302 0101 0301 
76 , 0404 0303 0302 0401 0202 0303 0404 0404 0303 0301 0303 0303 0101 0203 0202 0301 0202 0101 0101 0303 0202 0303 0303 0403 0404 0201 0101 0202 0101 0404 0103 0101 0302 0203 0404 0404 0204 0302 0201 0101 
77 , 0404 0303 0203 0404 0202 0303 0404 0401 0302 0101 0303 0303 0103 0303 0202 0303 0202 0101 0101 0101 0402 0203 0304 0303 0202 0201 0101 0202 0101 0304 0101 0104 0303 0203 0404 0403 0404 0303 0101 0103 
78 , 0304 0203 0303 0404 0202 0303 0404 0404 0302 0101 0303 0303 0103 0303 0202 0303 0202 0301 0101 0101 0202 0303 0303 0303 0404 0202 0101 0202 0101 0404 0301 0101 0303 0202 0404 0303 0404 0202 0101 0103 
79 , 0404 0303 0202 0401 0203 0303 0404 0404 0302 0101 0303 0303 0301 0303 0202 0301 0204 0101 0101 0101 0402 0303 0303 0303 0402 0201 0101 0202 0101 0404 0303 0101 0302 0302 0403 0404 0404 0303 0101 0101 
80 , 0404 0203 0202 0104 0202 0303 0404 0404 0203 0101 0303 0303 0303 0303 0202 0303 0402 0101 0101 0103 0204 0303 0303 0304 0204 0102 0101 0202 0101 0404 0103 0104 0303 0303 0404 0403 0404 0303 0101 0103 
81 , 0404 0203 0202 0401 0202 0303 0404 0404 0302 0101 0303 0303 0101 0202 0202 0303 0202 0103 0103 0301 0402 0203 0303 0403 0404 0202 0201 0202 0101 0404 0103 0101 0303 0303 0404 0303 0402 0202 0202 0303 
82 , 0404 0303 0203 0401 0202 0303 0404 0404 0203 0101 0303 0303 0103 0303 0202 0103 0202 0101 0101 0103 0202 0303 0403 0303 0404 0202 0101 0203 0101 0404 0103 0101 0303 0303 0404 0303 0404 0302 0101 0103 
83 , 0404 0303 0202 0404 0203 0303 0404 0404 0302 0103 0302 0303 0301 0302 0202 0101 0402 0101 0301 0303 0202 0203 0303 0303 0404 0202 0101 0202 0101 0404 0303 0101 0303 0302 0304 0403 0404 0302 0101 0301 
84 , 0404 0303 0202 0404 0202 0303 0404 0404 0203 0301 0302 0303 0303 0303 0202 0103 0202 0301 0101 0101 0202 0303 0303 0303 0404 0202 0101 0203 0101 0404 0301 0101 0303 0202 0404 0304 0404 0302 0101 0103 
85 , 0404 0303 0202 0104 0202 0303 0404 0104 0202 0301 0303 0303 0101 0303 0201 0303 0202 0301 0101 0301 0202 0303 0303 0303 0204 0102 0101 0202 0101 0404 0303 0101 0303 0203 0404 0404 0204 0303 0201 0101 
86 , 0404 0203 0202 0404 0202 0303 0404 0404 0203 0301 0302 0303 0303 0303 0202 0103 0202 0301 0101 0303 0404 0303 0303 0303 0202 0202 0101 0202 0101 0403 0303 0101 0203 0202 0303 0303 0204 0302 0102 0301 
87 , 0404 0203 0303 0404 0202 0304 0404 0404 0303 0101 0302 0303 0103 0203 0101 0303 0204 0101 0101 0301 0402 0303 0303 0403 0402 0202 0101 0202 0101 0404 0103 0101 0303 0302 0404 0403 0204 0303 0101 0301 
88 , 0304 0303 0202 0404 0202 0303 0404 0401 0302 0101 0303 0301 0301 0303 0201 0301 0202 0101 0101 0301 0202 0303 0303 0304 0404 0202 0101 0202 0101 0404 0101 0104 0303 0303 0404 0304 0404 0202 0201 0101 
89 , 0403 0303 0203 0401 0202 0303 0404 0104 0302 0303 0203 0303 0303 0303 0201 0103 0202 0101 0101 0103 0202 0203 0303 0303 0404 0202 0101 0202 0101 0404 0303 0101 0303 0302 0404 0403 0404 0303 0101 0101 
90 , 0404 0303 0302 0404 0202 0403 0404 0404 0302 0103 0302 0301 0103 0303 0202 0103 0202 0301 0101 0101 0404 0303 0303 0303 0404 0202 0102 0302 0101 0404 0301 0101 0303 0202 0404 0404 0404 0203 0101 0101 
91 , 0404 0303 0202 0404 0302 0303 0404 0404 0303 0101 0302 0303 0103 0303 0202 0303 0202 0101 0101 0301 0202 0303 0303 0303 0402 0202 0101 0202 0101 0404 0101 0101 0303 0203 0404 0303 0404 0302 0101 0101 
92 , 0404 0203 0202 0404 0202 0303 0404 0404 0303 0101 0303 0303 0103 0303 0202 0101 0202 0101 0101 0103 0402 0303 0303 0303 0204 0202 0101 0202 0101 0404 0103 0101 0303 0303 0404 0303 0404 0302 0101 0101 
93 , 0304 0303 0202 0404 0203 0304 0404 0404 0302 0101 0303 0303 0303 0303 0202 0101 0202 0101 0101 0303 0202 0303 0303 0303 0402 0202 0101 0202 0101 0404 0303 0401 0303 0202 0304 0403 0402 0203 0101 0101 
94 , 0404 0303 0202 0104 0202 0303 0404 0404 0202 0101 0203 0303 0303 0303 0202 0303 0202 0101 0101 0103 0202 0303 0303 0304 0404 0202 0101 0202 0401 0404 0301 0101 0303 0303 0304 0304 0404 0202 0102 0303 
95 , 0404 0303 0203 0404 0202 0303 0404 0404 0203 0101 0202 0303 0101 0303 0202 0303 0202 0101 0101 0303 0204 0303 0303 0403 0402 0202 0101 0202 0101 0404 0103 0401 0303 0302 0404 0404 0404 0202 0101 0101 
96 , 0404 0302 0202 0404 0202 0303 0404 0104 0303 0101 0203 0103 0303 0303 0202 0301 0202 0301 0101 0303 0202 0303 0303 0303 0404 0102 0101 0203 0101 0404 0301 0101 0303 0303 0404 0403 0404 0302 0102 0103 
97 , 0404 0303 0202 0404 0202 0303 0404 0404 0203 0101 0303 0303 0103 0303 0202 0103 0202 0101 0101 0101 0202 0303 0303 0303 0404 0202 0101 0202 0401 0404 0103 0101 0303 0303 0304 0303 0404 0203 0101 0103 
98 , 0404 0302 0202 0404 0202 0303 0404 0104 0303 0101 0203 0303 0303 0303 0202 0303 0402 0101 0101 0303 0202 0303 0303 0303 0404 0202 0101 0202 0401 0404 0303 0401 0203 0203 0404 0404 0404 0202 0101 0301 
99 , 0404 0203 0203 0404 0202 0303 0404 0404 0302 0101 0303 0303 0303 0303 0201 0103 0202 0101 0101 0301 0402 0303 0303 0303 0204 0202 0101 0202 0104 0404 0103 0101 0303 0203 0404 0304 0404 0303 0101 0103 
100 , 0404 0303 0302 0401 0202 0303 0404 0101 0302 0101 0203 0301 0303 0203 0201 0303 0202 0101 0101 0301 0202 0303 0303 0303 0402 0102 0101 0202 0101 0404 0101 0101 0303 0303 0403 0304 0404 0302 0101 0101 
